c06
c07MinusC14
c16
c06
c07MinusC14
c16
c06
c06
c06
c07MinusC14
c07MinusC14
c07MinusC14
c06
c07MinusC14
c16
c16
c16
c16
Pattern Matcher : 1
201806300159,2,2,201806300159,3,2,
boundary: POLYGON((-120.885 37.9828,-120.885 37.9918,-120.884 38.0008,-120.873 38.0007,-120.862 38.0006,-120.862 37.9915,-120.862 37.9825,-120.873 37.9826,-120.885 37.9828))
201806300159,5,2,
Pattern Matcher : 2
201806300159,2,2,201806300159,3,2,
boundary: POLYGON((-120.885 37.9828,-120.885 37.9918,-120.884 38.0008,-120.873 38.0007,-120.862 38.0006,-120.862 37.9915,-120.862 37.9825,-120.873 37.9826,-120.885 37.9828))
201806300259,5,2,
Pattern Matcher : 3
201806302259,2,2,201806302259,3,2,
boundary: POLYGON((-122.228 38.793,-122.228 38.802,-122.216 38.802,-122.205 38.802,-122.193 38.793,-122.193 38.7839,-122.205 38.7749,-122.216 38.7839,-122.228 38.7839,-122.228 38.793))
201806302259,5,2,
Pattern Matcher : 4
201806302259,2,2,201806302259,3,2,
boundary: POLYGON((-122.228 38.793,-122.228 38.802,-122.216 38.802,-122.205 38.802,-122.193 38.793,-122.193 38.7839,-122.205 38.7749,-122.216 38.7839,-122.228 38.7839,-122.228 38.793))
201806302359,5,2,
Pattern Matcher : 5
201806302259,2,2,201806302359,3,2,
boundary: POLYGON((-122.216 38.802,-122.205 38.802,-122.193 38.793,-122.193 38.7839,-122.205 38.7749,-122.216 38.7839,-122.228 38.7839,-122.228 38.793,-122.228 38.802,-122.216 38.802))
201806302359,5,2,
Pattern Matcher : 6
201806302359,2,2,201806302359,3,2,
boundary: POLYGON((-122.251 38.7569,-122.251 38.7659,-122.239 38.7749,-122.228 38.793,-122.228 38.802,-122.216 38.802,-122.205 38.802,-122.193 38.793,-122.182 38.7749,-122.17 38.7659,-122.17 38.7569,-122.17 38.7479,-122.182 38.7479,-122.193 38.7569,-122.205 38.7569,-122.216 38.7479,-122.228 38.7569,-122.239 38.7569,-122.251 38.7569))
201806302359,5,2,
Pattern Matcher : 7
201806302359,2,2,201806302359,3,2,
boundary: POLYGON((-122.574 39.0269,-122.574 39.0359,-122.574 39.0449,-122.563 39.045,-122.551 39.045,-122.54 39.036,-122.54 39.027,-122.551 39.0179,-122.563 39.0269,-122.574 39.0269))
201806302359,5,2,
Pattern Matcher : 8
201807010059,2,2,201807010059,3,2,
boundary: POLYGON((-122.285 38.7568,-122.297 38.7659,-122.285 38.7839,-122.274 38.802,-122.262 38.802,-122.251 38.802,-122.239 38.802,-122.228 38.802,-122.216 38.802,-122.205 38.802,-122.193 38.793,-122.182 38.7749,-122.17 38.7659,-122.17 38.7569,-122.17 38.7479,-122.182 38.7298,-122.182 38.7208,-122.193 38.7208,-122.216 38.7298,-122.216 38.7388,-122.239 38.7569,-122.251 38.7569,-122.262 38.7569,-122.274 38.7568,-122.285 38.7568))
201807010059,5,2,
Pattern Matcher : 9
201807010059,2,2,201807010059,3,2,
boundary: POLYGON((-122.285 38.7568,-122.297 38.7659,-122.285 38.7839,-122.274 38.802,-122.262 38.802,-122.251 38.802,-122.239 38.802,-122.228 38.802,-122.216 38.802,-122.205 38.802,-122.193 38.793,-122.182 38.7749,-122.17 38.7659,-122.17 38.7569,-122.17 38.7479,-122.182 38.7298,-122.182 38.7208,-122.193 38.7208,-122.216 38.7298,-122.216 38.7388,-122.239 38.7569,-122.251 38.7569,-122.262 38.7569,-122.274 38.7568,-122.285 38.7568))
201807010159,5,2,
Pattern Matcher : 10
201807010059,2,2,201807010159,3,2,
boundary: POLYGON((-122.297 38.7659,-122.285 38.7839,-122.274 38.802,-122.262 38.802,-122.251 38.802,-122.239 38.802,-122.228 38.802,-122.216 38.802,-122.205 38.802,-122.193 38.793,-122.182 38.7749,-122.17 38.7659,-122.17 38.7569,-122.17 38.7479,-122.182 38.7298,-122.182 38.7208,-122.193 38.7208,-122.216 38.7298,-122.216 38.7388,-122.239 38.7569,-122.251 38.7569,-122.262 38.7569,-122.274 38.7568,-122.285 38.7568,-122.297 38.7659))
201807010159,5,2,
Pattern Matcher : 11
201807010159,2,2,201807010159,3,2,
boundary: POLYGON((-122.193 38.7208,-122.216 38.7298,-122.228 38.7298,-122.239 38.7298,-122.251 38.7298,-122.262 38.7388,-122.262 38.7478,-122.251 38.7659,-122.239 38.7749,-122.228 38.793,-122.228 38.802,-122.216 38.802,-122.205 38.802,-122.193 38.793,-122.193 38.7839,-122.193 38.7479,-122.182 38.7388,-122.182 38.7208,-122.193 38.7208))
201807010159,5,2,
Pattern Matcher : 12
201807010159,2,2,201807010159,3,2,
boundary: POLYGON((-122.193 38.7208,-122.216 38.7298,-122.228 38.7298,-122.239 38.7298,-122.251 38.7298,-122.262 38.7388,-122.262 38.7478,-122.251 38.7659,-122.239 38.7749,-122.228 38.793,-122.228 38.802,-122.216 38.802,-122.205 38.802,-122.193 38.793,-122.193 38.7839,-122.193 38.7479,-122.182 38.7388,-122.182 38.7208,-122.193 38.7208))
201807010259,5,2,
Pattern Matcher : 13
201807010159,2,2,201807010259,3,2,
boundary: POLYGON((-122.193 38.7208,-122.216 38.7298,-122.228 38.7298,-122.239 38.7298,-122.251 38.7298,-122.262 38.7388,-122.262 38.7478,-122.251 38.7659,-122.239 38.7749,-122.228 38.793,-122.228 38.802,-122.216 38.802,-122.205 38.802,-122.193 38.793,-122.193 38.7839,-122.193 38.7479,-122.182 38.7388,-122.182 38.7208,-122.193 38.7208))
201807010259,5,2,
Pattern Matcher : 14
201807010259,2,2,201807010259,3,2,
boundary: POLYGON((-122.574 39.0269,-122.574 39.0359,-122.574 39.0449,-122.563 39.045,-122.551 39.045,-122.54 39.036,-122.54 39.027,-122.551 39.0179,-122.563 39.0269,-122.574 39.0269))
201807010259,5,2,
Pattern Matcher : 15
201807010259,2,2,201807010259,3,2,
boundary: POLYGON((-122.574 39.0269,-122.574 39.0359,-122.574 39.0449,-122.563 39.045,-122.551 39.045,-122.54 39.036,-122.54 39.027,-122.551 39.0179,-122.563 39.0269,-122.574 39.0269))
201807010359,5,2,
Pattern Matcher : 16
201807010359,2,2,201807010359,3,2,
boundary: POLYGON((-122.262 38.7388,-122.262 38.7478,-122.251 38.7478,-122.239 38.7478,-122.228 38.7479,-122.205 38.7479,-122.193 38.7479,-122.182 38.7388,-122.182 38.7298,-122.182 38.7208,-122.193 38.7208,-122.216 38.7298,-122.228 38.7298,-122.239 38.7298,-122.251 38.7298,-122.262 38.7388))
201807010359,5,2,
Pattern Matcher : 17
201807010359,2,2,201807010359,3,2,
boundary: POLYGON((-122.262 38.7388,-122.262 38.7478,-122.251 38.7478,-122.239 38.7478,-122.228 38.7479,-122.205 38.7479,-122.193 38.7479,-122.182 38.7388,-122.182 38.7298,-122.182 38.7208,-122.193 38.7208,-122.216 38.7298,-122.228 38.7298,-122.239 38.7298,-122.251 38.7298,-122.262 38.7388))
201807010459,5,2,
Pattern Matcher : 18
201807010359,2,2,201807010428,3,2,
boundary: POLYGON((-122.262 38.7388,-122.262 38.7478,-122.251 38.7478,-122.239 38.7478,-122.228 38.7479,-122.205 38.7479,-122.193 38.7479,-122.182 38.7388,-122.182 38.7298,-122.182 38.7208,-122.193 38.7208,-122.216 38.7298,-122.228 38.7298,-122.239 38.7298,-122.251 38.7298,-122.262 38.7388))
201807010459,5,2,
Pattern Matcher : 19
201807010406,2,2,201807010428,3,2,
boundary: POLYGON((-122.228 38.7027,-122.228 38.7118,-122.251 38.7298,-122.262 38.7388,-122.262 38.7478,-122.251 38.7478,-122.239 38.7478,-122.228 38.7479,-122.205 38.7479,-122.193 38.7479,-122.182 38.7388,-122.182 38.7298,-122.182 38.7208,-122.193 38.7028,-122.205 38.6937,-122.228 38.7027))
201807010459,5,2,
Pattern Matcher : 20
201807010508,2,2,201807010522,3,2,
boundary: POLYGON((-122.205 38.6667,-122.205 38.6937,-122.228 38.7027,-122.228 38.7118,-122.232 38.7147,-122.239 38.7208,-122.216 38.7388,-122.205 38.7479,-122.193 38.7479,-122.182 38.7388,-122.17 38.7208,-122.147 38.7118,-122.147 38.7027,-122.147 38.6937,-122.159 38.6757,-122.17 38.6667,-122.205 38.6667))
201807010553,5,2,
Pattern Matcher : 21
201807010607,2,2,201807010630,3,2,
boundary: POLYGON((-122.239 38.6757,-122.239 38.6847,-122.239 38.6847,-122.239 38.6937,-122.228 38.7118,-122.228 38.7208,-122.216 38.7208,-122.205 38.7208,-122.193 38.7118,-122.182 38.6937,-122.159 38.6847,-122.159 38.6757,-122.17 38.6667,-122.182 38.6667,-122.216 38.6667,-122.239 38.6757))
201807010659,5,2,
Pattern Matcher : 22
201807010711,2,2,201807010731,3,2,
boundary: POLYGON((-122.17 38.7208,-122.147 38.7118,-122.147 38.7027,-122.147 38.6937,-122.159 38.6757,-122.17 38.6667,-122.182 38.6667,-122.216 38.6667,-122.239 38.6757,-122.239 38.6847,-122.239 38.6937,-122.228 38.7118,-122.228 38.7208,-122.216 38.7208,-122.205 38.7208,-122.193 38.7118,-122.17 38.7208))
201807010759,5,2,
Pattern Matcher : 23
201807010807,2,2,201807010824,3,2,
boundary: POLYGON((-122.251 38.7296,-122.251 38.7298,-122.255 38.7334,-122.262 38.7388,-122.262 38.7478,-122.251 38.7478,-122.239 38.7478,-122.228 38.7479,-122.228 38.7388,-122.205 38.7208,-122.193 38.7118,-122.17 38.7208,-122.147 38.7118,-122.147 38.7027,-122.147 38.6937,-122.159 38.6757,-122.17 38.6667,-122.182 38.6667,-122.193 38.6757,-122.205 38.6937,-122.228 38.7027,-122.228 38.7118,-122.251 38.7296))
201807010855,5,2,
Pattern Matcher : 24
201807010908,2,2,201807010930,3,2,
boundary: POLYGON((-122.274 38.7209,-122.262 38.7298,-122.251 38.7208,-122.239 38.7208,-122.228 38.7208,-122.216 38.7208,-122.205 38.7208,-122.193 38.7118,-122.193 38.7028,-122.205 38.6937,-122.228 38.7027,-122.239 38.7027,-122.251 38.7027,-122.262 38.7027,-122.267 38.7068,-122.274 38.7117,-122.274 38.7208,-122.274 38.7209))
201807010959,5,2,
Pattern Matcher : 25
201807011007,2,2,201807011045,3,2,
boundary: POLYGON((-122.274 38.7749,-122.262 38.7749,-122.251 38.7749,-122.228 38.7479,-122.228 38.7388,-122.228 38.7298,-122.239 38.7298,-122.251 38.7298,-122.262 38.7388,-122.285 38.7568,-122.297 38.7659,-122.285 38.7839,-122.274 38.7749))
201807011059,5,2,
Pattern Matcher : 26
201807011106,2,2,201807011157,3,2,
boundary: POLYGON((-122.193 38.6396,-122.216 38.6486,-122.216 38.6576,-122.205 38.6667,-122.193 38.6667,-122.182 38.6576,-122.182 38.6486,-122.182 38.6396,-122.193 38.6396))
201807011159,5,2,
Pattern Matcher : 27
201807011206,2,2,201807011259,3,2,
boundary: POLYGON((-122.147 38.6125,-122.159 38.6125,-122.17 38.6125,-122.193 38.6125,-122.193 38.6125,-122.193 38.6396,-122.216 38.6486,-122.216 38.6576,-122.205 38.6667,-122.193 38.6667,-122.182 38.6576,-122.17 38.6396,-122.147 38.6306,-122.147 38.6216,-122.147 38.6125))
201807011259,5,2,
Pattern Matcher : 28
201807011307,2,2,201807011359,3,2,
boundary: POLYGON((-122.228 38.6308,-122.228 38.6396,-122.216 38.6576,-122.205 38.6667,-122.193 38.6667,-122.182 38.6576,-122.17 38.6396,-122.147 38.6306,-122.147 38.6216,-122.124 38.6035,-122.113 38.6035,-122.113 38.5854,-122.124 38.5855,-122.136 38.5855,-122.147 38.5855,-122.147 38.5945,-122.17 38.6125,-122.205 38.6125,-122.205 38.6125,-122.228 38.6215,-122.228 38.6306,-122.228 38.6308))
201807011359,5,2,
Pattern Matcher : 29
201807011459,2,2,201807011459,3,2,
boundary: POLYGON((-122.182 38.5855,-122.185 38.5882,-122.193 38.5945,-122.193 38.6035,-122.193 38.6125,-122.193 38.6396,-122.216 38.6486,-122.216 38.6576,-122.239 38.6757,-122.239 38.6847,-122.239 38.6937,-122.228 38.6937,-122.216 38.6937,-122.205 38.6847,-122.193 38.6667,-122.182 38.6576,-122.17 38.6396,-122.147 38.6306,-122.147 38.6216,-122.124 38.6035,-122.113 38.6035,-122.113 38.5945,-122.113 38.5854,-122.124 38.5855,-122.182 38.5855))
201807011459,5,2,
Pattern Matcher : 30
201807011459,2,2,201807011459,3,2,
boundary: POLYGON((-122.182 38.5855,-122.185 38.5882,-122.193 38.5945,-122.193 38.6035,-122.193 38.6125,-122.193 38.6396,-122.216 38.6486,-122.216 38.6576,-122.239 38.6757,-122.239 38.6847,-122.239 38.6937,-122.228 38.6937,-122.216 38.6937,-122.205 38.6847,-122.193 38.6667,-122.182 38.6576,-122.17 38.6396,-122.147 38.6306,-122.147 38.6216,-122.124 38.6035,-122.113 38.6035,-122.113 38.5945,-122.113 38.5854,-122.124 38.5855,-122.182 38.5855))
201807011559,5,2,
Pattern Matcher : 31
201807011459,2,2,201807011559,3,2,
boundary: POLYGON((-122.182 38.5855,-122.185 38.5882,-122.193 38.5945,-122.193 38.6035,-122.193 38.6125,-122.193 38.6396,-122.216 38.6486,-122.216 38.6576,-122.239 38.6757,-122.239 38.6847,-122.239 38.6937,-122.228 38.6937,-122.216 38.6937,-122.205 38.6847,-122.193 38.6667,-122.182 38.6576,-122.17 38.6396,-122.147 38.6306,-122.147 38.6216,-122.124 38.6035,-122.113 38.6035,-122.113 38.5945,-122.113 38.5854,-122.124 38.5855,-122.182 38.5855))
201807011559,5,2,
Pattern Matcher : 32
201807011559,2,2,201807011559,3,2,
boundary: POLYGON((-122.182 38.5855,-122.185 38.5882,-122.193 38.5945,-122.193 38.6035,-122.193 38.6125,-122.193 38.6396,-122.216 38.6486,-122.216 38.6576,-122.239 38.6757,-122.239 38.6847,-122.239 38.6937,-122.228 38.6937,-122.216 38.6937,-122.205 38.6847,-122.193 38.6667,-122.182 38.6576,-122.182 38.6486,-122.182 38.6396,-122.182 38.6125,-122.159 38.6035,-122.147 38.6035,-122.136 38.6035,-122.124 38.6035,-122.113 38.6035,-122.113 38.5945,-122.113 38.5854,-122.124 38.5855,-122.182 38.5855))
201807011559,5,2,
Pattern Matcher : 33
201807011559,2,2,201807011559,3,2,
boundary: POLYGON((-122.182 38.5855,-122.185 38.5882,-122.193 38.5945,-122.193 38.6035,-122.193 38.6125,-122.193 38.6396,-122.216 38.6486,-122.216 38.6576,-122.239 38.6757,-122.239 38.6847,-122.239 38.6937,-122.228 38.6937,-122.216 38.6937,-122.205 38.6847,-122.193 38.6667,-122.182 38.6576,-122.182 38.6486,-122.182 38.6396,-122.182 38.6125,-122.159 38.6035,-122.147 38.6035,-122.136 38.6035,-122.124 38.6035,-122.113 38.6035,-122.113 38.5945,-122.113 38.5854,-122.124 38.5855,-122.182 38.5855))
201807011659,5,2,
Pattern Matcher : 34
201807011559,2,2,201807011659,3,2,
boundary: POLYGON((-122.182 38.5855,-122.185 38.5882,-122.193 38.5945,-122.193 38.6035,-122.193 38.6125,-122.193 38.6396,-122.216 38.6486,-122.216 38.6576,-122.239 38.6757,-122.239 38.6847,-122.239 38.6937,-122.228 38.6937,-122.216 38.6937,-122.205 38.6847,-122.193 38.6667,-122.182 38.6576,-122.182 38.6486,-122.182 38.6396,-122.182 38.6125,-122.159 38.6035,-122.147 38.6035,-122.136 38.6035,-122.124 38.6035,-122.113 38.6035,-122.113 38.5945,-122.113 38.5854,-122.124 38.5855,-122.182 38.5855))
201807011659,5,2,
Pattern Matcher : 35
201807011659,2,2,201807011659,3,2,
boundary: POLYGON((-122.182 38.6486,-122.182 38.6396,-122.193 38.6396,-122.216 38.6486,-122.216 38.6576,-122.205 38.6667,-122.193 38.6667,-122.182 38.6576,-122.182 38.6486))
201807011659,5,2,
Pattern Matcher : 36
201807011659,2,2,201807011659,3,2,
boundary: POLYGON((-122.182 38.6486,-122.182 38.6396,-122.193 38.6396,-122.216 38.6486,-122.216 38.6576,-122.205 38.6667,-122.193 38.6667,-122.182 38.6576,-122.182 38.6486))
201807011759,5,2,
Pattern Matcher : 37
201807011759,2,2,201807011759,3,2,
boundary: POLYGON((-122.17 38.6937,-122.182 38.7028,-122.182 38.7118,-122.17 38.7208,-122.147 38.7118,-122.147 38.7027,-122.147 38.6937,-122.159 38.6937,-122.17 38.6937))
201807011759,5,2,
Pattern Matcher : 38
201807011759,2,2,201807011759,3,2,
boundary: POLYGON((-122.17 38.6937,-122.182 38.7028,-122.182 38.7118,-122.17 38.7208,-122.147 38.7118,-122.147 38.7027,-122.147 38.6937,-122.159 38.6937,-122.17 38.6937))
201807011859,5,2,
Pattern Matcher : 39
201807011759,2,2,201807011859,3,2,
boundary: POLYGON((-122.147 38.7118,-122.147 38.7027,-122.147 38.6937,-122.159 38.6937,-122.17 38.6937,-122.182 38.7028,-122.182 38.7118,-122.17 38.7208,-122.147 38.7118))
201807011859,5,2,
Pattern Matcher : 40
201807012259,2,2,201807012259,3,2,
boundary: POLYGON((-122.205 38.6667,-122.193 38.6667,-122.159 38.6667,-122.136 38.6576,-122.136 38.6486,-122.136 38.6396,-122.124 38.6035,-122.113 38.6035,-122.113 38.5945,-122.113 38.5854,-122.124 38.5855,-122.136 38.5855,-122.147 38.5855,-122.147 38.5945,-122.17 38.6125,-122.182 38.6216,-122.193 38.6396,-122.216 38.6486,-122.216 38.6576,-122.205 38.6667))
201807012259,5,2,
Pattern Matcher : 41
201807012259,2,2,201807012259,3,2,
boundary: POLYGON((-122.205 38.6667,-122.193 38.6667,-122.159 38.6667,-122.136 38.6576,-122.136 38.6486,-122.136 38.6396,-122.124 38.6035,-122.113 38.6035,-122.113 38.5945,-122.113 38.5854,-122.124 38.5855,-122.136 38.5855,-122.147 38.5855,-122.147 38.5945,-122.17 38.6125,-122.182 38.6216,-122.193 38.6396,-122.216 38.6486,-122.216 38.6576,-122.205 38.6667))
201807012359,5,2,
Pattern Matcher : 42
201807012259,2,2,201807012359,3,2,
boundary: POLYGON((-122.124 38.5855,-122.136 38.5855,-122.147 38.5855,-122.147 38.5945,-122.17 38.6125,-122.182 38.6216,-122.193 38.6396,-122.216 38.6486,-122.216 38.6576,-122.205 38.6667,-122.193 38.6667,-122.159 38.6667,-122.136 38.6576,-122.136 38.6486,-122.136 38.6396,-122.124 38.6035,-122.113 38.6035,-122.113 38.5945,-122.113 38.5854,-122.124 38.5855))
201807012359,5,2,
Pattern Matcher : 43
201807012359,2,2,201807012359,3,2,
boundary: POLYGON((-122.136 38.5855,-122.147 38.5855,-122.147 38.5945,-122.17 38.6125,-122.182 38.6216,-122.193 38.6396,-122.216 38.6486,-122.216 38.6576,-122.205 38.6667,-122.193 38.6847,-122.193 38.6937,-122.182 38.6937,-122.159 38.6847,-122.159 38.6757,-122.136 38.6576,-122.136 38.6486,-122.136 38.6396,-122.124 38.6035,-122.113 38.6035,-122.113 38.5945,-122.113 38.5854,-122.124 38.5855,-122.136 38.5855))
201807012359,5,2,
Pattern Matcher : 44
201807012359,2,2,201807012359,3,2,
boundary: POLYGON((-122.274 38.7929,-122.274 38.802,-122.262 38.82,-122.262 38.829,-122.251 38.829,-122.239 38.829,-122.228 38.82,-122.205 38.802,-122.193 38.793,-122.193 38.7839,-122.205 38.7749,-122.216 38.7839,-122.228 38.7839,-122.239 38.7839,-122.251 38.7839,-122.262 38.7839,-122.274 38.7839,-122.274 38.7929))
201807012359,5,2,
event stream queue is empty now!
perform 2loadshedding
eventCn 5362
#full Match 44
#high latecny (> 150)22
#NumPartialMatch 59
#NumDropedPM 0
#NumDropedInputEvents 0
avg latency: 794
expression size: 0
