c07
c07MinusC14
c16
c07
c07MinusC14
c16
c07
c07
c07
c07MinusC14
c07MinusC14
c07MinusC14
c07
c07MinusC14
c16
c16
c16
c16
Pattern Matcher : 1
201806300059,6,2,201806300059,3,2,
boundary: POLYGON((-120.873 37.9826,-120.885 37.9828,-120.885 37.9918,-120.907 38.0101,-120.918 38.0192,-120.918 38.0282,-120.906 38.0371,-120.884 38.0279,-120.884 38.0189,-120.862 38.0006,-120.862 37.9915,-120.862 37.9825,-120.873 37.9826))
201806300059,5,2,
Pattern Matcher : 2
201806300059,6,2,201806300059,3,2,
boundary: POLYGON((-120.873 37.9826,-120.885 37.9828,-120.885 37.9918,-120.907 38.0101,-120.918 38.0192,-120.918 38.0282,-120.906 38.0371,-120.884 38.0279,-120.884 38.0189,-120.862 38.0006,-120.862 37.9915,-120.862 37.9825,-120.873 37.9826))
201806300159,5,2,
Pattern Matcher : 3
201806300059,6,2,201806300159,3,2,
boundary: POLYGON((-120.84 37.9462,-120.862 37.9554,-120.862 37.9645,-120.885 37.9828,-120.907 37.983,-120.919 37.9831,-120.93 37.9923,-120.93 38.0013,-120.918 38.0102,-120.896 38.0009,-120.873 38.0187,-120.873 38.0277,-120.861 38.0276,-120.85 38.0275,-120.839 38.0183,-120.827 38.0002,-120.816 37.991,-120.816 37.982,-120.828 37.9641,-120.828 37.9551,-120.84 37.9462))
201806300159,5,2,
Pattern Matcher : 4
201806300159,6,2,201806300159,3,2,
boundary: POLYGON((-120.84 37.9462,-120.862 37.9554,-120.862 37.9645,-120.885 37.9828,-120.907 37.983,-120.919 37.9831,-120.93 37.9923,-120.93 38.0013,-120.918 38.0102,-120.896 38.0009,-120.873 38.0187,-120.873 38.0277,-120.861 38.0276,-120.85 38.0275,-120.839 38.0183,-120.827 38.0002,-120.816 37.991,-120.816 37.982,-120.828 37.9641,-120.828 37.9551,-120.84 37.9462))
201806300159,5,2,
Pattern Matcher : 5
201806300159,6,2,201806300159,3,2,
boundary: POLYGON((-120.84 37.9462,-120.862 37.9554,-120.862 37.9645,-120.885 37.9828,-120.907 37.983,-120.919 37.9831,-120.93 37.9923,-120.93 38.0013,-120.918 38.0102,-120.896 38.0009,-120.873 38.0187,-120.873 38.0277,-120.861 38.0276,-120.85 38.0275,-120.839 38.0183,-120.827 38.0002,-120.816 37.991,-120.816 37.982,-120.828 37.9641,-120.828 37.9551,-120.84 37.9462))
201806300259,5,2,
Pattern Matcher : 6
201806300159,6,2,201806300259,3,2,
boundary: POLYGON((-120.771 37.9724,-120.782 37.9726,-120.794 37.9727,-120.828 37.9731,-120.851 37.9824,-120.85 37.9914,-120.839 38.0003,-120.827 38.0002,-120.793 37.9998,-120.771 37.9905,-120.771 37.9814,-120.771 37.9724))
201806300259,5,2,
Pattern Matcher : 7
201806300259,6,2,201806300259,3,2,
boundary: POLYGON((-120.771 37.9724,-120.782 37.9726,-120.794 37.9727,-120.828 37.9731,-120.851 37.9824,-120.85 37.9914,-120.839 38.0003,-120.827 38.0002,-120.793 37.9998,-120.771 37.9905,-120.771 37.9814,-120.771 37.9724))
201806300259,5,2,
Pattern Matcher : 8
201806300259,6,2,201806300259,3,2,
boundary: POLYGON((-120.771 37.9724,-120.782 37.9726,-120.794 37.9727,-120.828 37.9731,-120.851 37.9824,-120.85 37.9914,-120.839 38.0003,-120.827 38.0002,-120.793 37.9998,-120.771 37.9905,-120.771 37.9814,-120.771 37.9724))
201806300359,5,2,
Pattern Matcher : 9
201806300259,6,2,201806300359,3,2,
boundary: POLYGON((-120.771 37.9724,-120.782 37.9726,-120.794 37.9727,-120.805 37.9819,-120.805 37.9909,-120.793 37.9998,-120.771 37.9905,-120.771 37.9814,-120.771 37.9724))
201806300359,5,2,
Pattern Matcher : 10
201806300359,6,2,201806300359,3,2,
boundary: POLYGON((-120.771 37.9724,-120.782 37.9726,-120.794 37.9727,-120.805 37.9819,-120.805 37.9909,-120.793 37.9998,-120.771 37.9905,-120.771 37.9814,-120.771 37.9724))
201806300359,5,2,
Pattern Matcher : 11
201806302159,6,2,201806302259,3,2,
boundary: POLYGON((-122.17 38.7479,-122.182 38.7479,-122.193 38.7569,-122.205 38.7569,-122.205 38.7659,-122.228 38.7839,-122.228 38.793,-122.228 38.802,-122.216 38.802,-122.205 38.802,-122.193 38.793,-122.182 38.7749,-122.17 38.7659,-122.17 38.7569,-122.17 38.7479))
201806302259,5,2,
Pattern Matcher : 12
201806302259,6,2,201806302259,3,2,
boundary: POLYGON((-122.17 38.7479,-122.182 38.7479,-122.193 38.7569,-122.205 38.7569,-122.205 38.7659,-122.228 38.7839,-122.228 38.793,-122.228 38.802,-122.216 38.802,-122.205 38.802,-122.193 38.793,-122.182 38.7749,-122.17 38.7659,-122.17 38.7569,-122.17 38.7479))
201806302259,5,2,
Pattern Matcher : 13
201806302259,6,2,201806302259,3,2,
boundary: POLYGON((-122.17 38.7479,-122.182 38.7479,-122.193 38.7569,-122.205 38.7569,-122.205 38.7659,-122.228 38.7839,-122.228 38.793,-122.228 38.802,-122.216 38.802,-122.205 38.802,-122.193 38.793,-122.182 38.7749,-122.17 38.7659,-122.17 38.7569,-122.17 38.7479))
201806302359,5,2,
Pattern Matcher : 14
201806302259,6,2,201806302359,3,2,
boundary: POLYGON((-122.136 38.7208,-122.147 38.7208,-122.159 38.7208,-122.182 38.7208,-122.193 38.7208,-122.216 38.7298,-122.216 38.7388,-122.239 38.7569,-122.251 38.7569,-122.251 38.7659,-122.274 38.7839,-122.274 38.7929,-122.274 38.802,-122.262 38.802,-122.251 38.802,-122.239 38.802,-122.228 38.802,-122.216 38.802,-122.205 38.802,-122.182 38.802,-122.17 38.802,-122.159 38.793,-122.147 38.793,-122.147 38.7839,-122.159 38.7749,-122.159 38.7479,-122.147 38.7388,-122.136 38.7388,-122.136 38.7298,-122.136 38.7208))
201806302359,5,2,
Pattern Matcher : 15
201806302359,6,2,201806302359,3,2,
boundary: POLYGON((-122.136 38.7208,-122.147 38.7208,-122.159 38.7208,-122.182 38.7208,-122.193 38.7208,-122.216 38.7298,-122.216 38.7388,-122.239 38.7569,-122.251 38.7569,-122.251 38.7659,-122.274 38.7839,-122.274 38.7929,-122.274 38.802,-122.262 38.802,-122.251 38.802,-122.239 38.802,-122.228 38.802,-122.216 38.802,-122.205 38.802,-122.182 38.802,-122.17 38.802,-122.159 38.793,-122.147 38.793,-122.147 38.7839,-122.159 38.7749,-122.159 38.7479,-122.147 38.7388,-122.136 38.7388,-122.136 38.7298,-122.136 38.7208))
201806302359,5,2,
Pattern Matcher : 16
201806302259,6,2,201806302359,3,2,
boundary: POLYGON((-122.551 39.0179,-122.563 39.0269,-122.574 39.0269,-122.574 39.0359,-122.598 39.0539,-122.609 39.0538,-122.609 39.0628,-122.609 39.0719,-122.598 39.0719,-122.586 39.0719,-122.575 39.072,-122.575 39.063,-122.551 39.045,-122.54 39.036,-122.528 39.036,-122.517 39.0451,-122.505 39.0361,-122.494 39.0361,-122.494 39.0271,-122.493 39.0181,-122.505 39.0181,-122.517 39.018,-122.528 39.027,-122.54 39.027,-122.551 39.0179))
201806302359,5,2,
Pattern Matcher : 17
201806302359,6,2,201806302359,3,2,
boundary: POLYGON((-122.551 39.0179,-122.563 39.0269,-122.574 39.0269,-122.574 39.0359,-122.598 39.0539,-122.609 39.0538,-122.609 39.0628,-122.609 39.0719,-122.598 39.0719,-122.586 39.0719,-122.575 39.072,-122.575 39.063,-122.551 39.045,-122.54 39.036,-122.528 39.036,-122.517 39.0451,-122.505 39.0361,-122.494 39.0361,-122.494 39.0271,-122.493 39.0181,-122.505 39.0181,-122.517 39.018,-122.528 39.027,-122.54 39.027,-122.551 39.0179))
201806302359,5,2,
Pattern Matcher : 18
201807010059,6,2,201807010059,3,2,
boundary: POLYGON((-122.136 38.7208,-122.147 38.7208,-122.159 38.7208,-122.182 38.7208,-122.193 38.7208,-122.216 38.7298,-122.228 38.7298,-122.239 38.7298,-122.251 38.7298,-122.262 38.7388,-122.285 38.7568,-122.297 38.7659,-122.285 38.7839,-122.274 38.802,-122.262 38.802,-122.251 38.802,-122.239 38.802,-122.228 38.802,-122.216 38.802,-122.205 38.802,-122.193 38.793,-122.182 38.7749,-122.17 38.7659,-122.159 38.7479,-122.147 38.7388,-122.136 38.7388,-122.136 38.7298,-122.136 38.7208))
201807010059,5,2,
Pattern Matcher : 19
201807010059,6,2,201807010059,3,2,
boundary: POLYGON((-122.136 38.7208,-122.147 38.7208,-122.159 38.7208,-122.182 38.7208,-122.193 38.7208,-122.216 38.7298,-122.228 38.7298,-122.239 38.7298,-122.251 38.7298,-122.262 38.7388,-122.285 38.7568,-122.297 38.7659,-122.285 38.7839,-122.274 38.802,-122.262 38.802,-122.251 38.802,-122.239 38.802,-122.228 38.802,-122.216 38.802,-122.205 38.802,-122.193 38.793,-122.182 38.7749,-122.17 38.7659,-122.159 38.7479,-122.147 38.7388,-122.136 38.7388,-122.136 38.7298,-122.136 38.7208))
201807010159,5,2,
Pattern Matcher : 20
201807010059,6,2,201807010159,3,2,
boundary: POLYGON((-122.216 38.7298,-122.228 38.7298,-122.239 38.7298,-122.251 38.7298,-122.274 38.7298,-122.285 38.7298,-122.297 38.7388,-122.308 38.7388,-122.308 38.7478,-122.297 38.7659,-122.285 38.7839,-122.274 38.802,-122.262 38.82,-122.262 38.829,-122.251 38.829,-122.239 38.829,-122.228 38.82,-122.205 38.802,-122.182 38.802,-122.17 38.802,-122.159 38.793,-122.147 38.793,-122.147 38.7839,-122.159 38.7749,-122.17 38.7569,-122.17 38.7479,-122.182 38.7298,-122.182 38.7208,-122.193 38.7208,-122.216 38.7298))
201807010159,5,2,
Pattern Matcher : 21
201807010159,6,2,201807010159,3,2,
boundary: POLYGON((-122.216 38.7298,-122.228 38.7298,-122.239 38.7298,-122.251 38.7298,-122.274 38.7298,-122.285 38.7298,-122.297 38.7388,-122.308 38.7388,-122.308 38.7478,-122.297 38.7659,-122.285 38.7839,-122.274 38.802,-122.262 38.82,-122.262 38.829,-122.251 38.829,-122.239 38.829,-122.228 38.82,-122.205 38.802,-122.182 38.802,-122.17 38.802,-122.159 38.793,-122.147 38.793,-122.147 38.7839,-122.159 38.7749,-122.17 38.7569,-122.17 38.7479,-122.182 38.7298,-122.182 38.7208,-122.193 38.7208,-122.216 38.7298))
201807010159,5,2,
Pattern Matcher : 22
201807010159,6,2,201807010159,3,2,
boundary: POLYGON((-122.216 38.7298,-122.228 38.7298,-122.239 38.7298,-122.251 38.7298,-122.274 38.7298,-122.285 38.7298,-122.297 38.7388,-122.308 38.7388,-122.308 38.7478,-122.297 38.7659,-122.285 38.7839,-122.274 38.802,-122.262 38.82,-122.262 38.829,-122.251 38.829,-122.239 38.829,-122.228 38.82,-122.205 38.802,-122.182 38.802,-122.17 38.802,-122.159 38.793,-122.147 38.793,-122.147 38.7839,-122.159 38.7749,-122.17 38.7569,-122.17 38.7479,-122.182 38.7298,-122.182 38.7208,-122.193 38.7208,-122.216 38.7298))
201807010259,5,2,
Pattern Matcher : 23
201807010159,6,2,201807010259,3,2,
boundary: POLYGON((-122.182 38.7208,-122.193 38.7208,-122.216 38.7298,-122.228 38.7298,-122.239 38.7298,-122.251 38.7298,-122.262 38.7388,-122.285 38.7568,-122.297 38.7659,-122.285 38.7839,-122.274 38.7749,-122.262 38.7749,-122.251 38.7749,-122.228 38.793,-122.228 38.802,-122.216 38.802,-122.205 38.802,-122.193 38.793,-122.182 38.7749,-122.17 38.7659,-122.17 38.7569,-122.17 38.7479,-122.182 38.7298,-122.182 38.7208))
201807010259,5,2,
Pattern Matcher : 24
201807010259,6,2,201807010259,3,2,
boundary: POLYGON((-122.182 38.7208,-122.193 38.7208,-122.216 38.7298,-122.228 38.7298,-122.239 38.7298,-122.251 38.7298,-122.262 38.7388,-122.285 38.7568,-122.297 38.7659,-122.285 38.7839,-122.274 38.7749,-122.262 38.7749,-122.251 38.7749,-122.228 38.793,-122.228 38.802,-122.216 38.802,-122.205 38.802,-122.193 38.793,-122.182 38.7749,-122.17 38.7659,-122.17 38.7569,-122.17 38.7479,-122.182 38.7298,-122.182 38.7208))
201807010259,5,2,
Pattern Matcher : 25
201807010159,6,2,201807010259,3,2,
boundary: POLYGON((-122.563 39.0269,-122.574 39.0269,-122.574 39.0359,-122.574 39.0449,-122.563 39.045,-122.551 39.045,-122.54 39.036,-122.54 39.027,-122.551 39.0179,-122.563 39.0269))
201807010259,5,2,
Pattern Matcher : 26
201807010259,6,2,201807010259,3,2,
boundary: POLYGON((-122.563 39.0269,-122.574 39.0269,-122.574 39.0359,-122.574 39.0449,-122.563 39.045,-122.551 39.045,-122.54 39.036,-122.54 39.027,-122.551 39.0179,-122.563 39.0269))
201807010259,5,2,
Pattern Matcher : 27
201807010259,6,2,201807010259,3,2,
boundary: POLYGON((-122.182 38.7208,-122.193 38.7208,-122.216 38.7298,-122.228 38.7298,-122.239 38.7298,-122.251 38.7298,-122.262 38.7388,-122.285 38.7568,-122.297 38.7659,-122.285 38.7839,-122.274 38.7749,-122.262 38.7749,-122.251 38.7749,-122.228 38.793,-122.228 38.802,-122.216 38.802,-122.205 38.802,-122.193 38.793,-122.182 38.7749,-122.17 38.7659,-122.17 38.7569,-122.17 38.7479,-122.182 38.7298,-122.182 38.7208))
201807010359,5,2,
Pattern Matcher : 28
201807010259,6,2,201807010259,3,2,
boundary: POLYGON((-122.563 39.0269,-122.574 39.0269,-122.574 39.0359,-122.574 39.0449,-122.563 39.045,-122.551 39.045,-122.54 39.036,-122.54 39.027,-122.551 39.0179,-122.563 39.0269))
201807010359,5,2,
Pattern Matcher : 29
201807010259,6,2,201807010359,3,2,
boundary: POLYGON((-122.159 38.6937,-122.17 38.6937,-122.205 38.6937,-122.228 38.7027,-122.228 38.7118,-122.251 38.7298,-122.262 38.7388,-122.262 38.7478,-122.251 38.7659,-122.239 38.7749,-122.228 38.7749,-122.216 38.7749,-122.216 38.7659,-122.193 38.7479,-122.182 38.7388,-122.17 38.7208,-122.147 38.7118,-122.147 38.7027,-122.147 38.6937,-122.159 38.6937))
201807010359,5,2,
Pattern Matcher : 30
201807010359,6,2,201807010359,3,2,
boundary: POLYGON((-122.228 38.7118,-122.251 38.7298,-122.262 38.7388,-122.262 38.7478,-122.251 38.7659,-122.239 38.7749,-122.228 38.7749,-122.216 38.7749,-122.216 38.7659,-122.193 38.7479,-122.182 38.7388,-122.17 38.7208,-122.147 38.7118,-122.147 38.7027,-122.147 38.6937,-122.159 38.6937,-122.17 38.6937,-122.205 38.6937,-122.228 38.7027,-122.228 38.7118))
201807010359,5,2,
Pattern Matcher : 31
201807010359,6,2,201807010359,3,2,
boundary: POLYGON((-122.228 38.7118,-122.251 38.7298,-122.262 38.7388,-122.262 38.7478,-122.251 38.7659,-122.239 38.7749,-122.228 38.7749,-122.216 38.7749,-122.216 38.7659,-122.193 38.7479,-122.182 38.7388,-122.17 38.7208,-122.147 38.7118,-122.147 38.7027,-122.147 38.6937,-122.159 38.6937,-122.17 38.6937,-122.205 38.6937,-122.228 38.7027,-122.228 38.7118))
201807010459,5,2,
Pattern Matcher : 32
201807010359,6,2,201807010428,3,2,
boundary: POLYGON((-122.182 38.6667,-122.193 38.6757,-122.205 38.6937,-122.228 38.7027,-122.228 38.7118,-122.251 38.7298,-122.262 38.7388,-122.262 38.7478,-122.251 38.7659,-122.239 38.7749,-122.228 38.7749,-122.216 38.7749,-122.193 38.7749,-122.182 38.7749,-122.17 38.7659,-122.17 38.7569,-122.17 38.7479,-122.17 38.7208,-122.147 38.7118,-122.147 38.7027,-122.147 38.6937,-122.159 38.6757,-122.17 38.6667,-122.182 38.6667))
201807010459,5,2,
Pattern Matcher : 33
201807010421,6,2,201807010428,3,2,
boundary: POLYGON((-122.182 38.6667,-122.193 38.6757,-122.205 38.6937,-122.228 38.7027,-122.228 38.7118,-122.251 38.7298,-122.262 38.7388,-122.262 38.7478,-122.251 38.7659,-122.239 38.7749,-122.228 38.7749,-122.216 38.7749,-122.193 38.7749,-122.182 38.7749,-122.17 38.7659,-122.17 38.7569,-122.17 38.7479,-122.17 38.7208,-122.147 38.7118,-122.147 38.7027,-122.147 38.6937,-122.159 38.6757,-122.17 38.6667,-122.182 38.6667))
201807010459,5,2,
Pattern Matcher : 34
201807010520,6,2,201807010522,3,2,
boundary: POLYGON((-122.205 38.6667,-122.205 38.6937,-122.228 38.7027,-122.228 38.7118,-122.251 38.7298,-122.255 38.7334,-122.262 38.7388,-122.262 38.7478,-122.251 38.7659,-122.239 38.7749,-122.228 38.7749,-122.216 38.7749,-122.193 38.7749,-122.182 38.7749,-122.17 38.7659,-122.159 38.7479,-122.147 38.7388,-122.136 38.7388,-122.136 38.7208,-122.124 38.6847,-122.124 38.6757,-122.124 38.6667,-122.136 38.6486,-122.136 38.6396,-122.147 38.6396,-122.159 38.6396,-122.17 38.6486,-122.182 38.6667,-122.205 38.6667))
201807010553,5,2,
Pattern Matcher : 35
201807010627,6,2,201807010630,3,2,
boundary: POLYGON((-122.246 38.7147,-122.251 38.7298,-122.255 38.7334,-122.262 38.7388,-122.262 38.7478,-122.251 38.7478,-122.239 38.7478,-122.228 38.7479,-122.205 38.7479,-122.193 38.7479,-122.182 38.7388,-122.17 38.7208,-122.147 38.7118,-122.147 38.7027,-122.147 38.6937,-122.136 38.6576,-122.136 38.6486,-122.136 38.6396,-122.147 38.6396,-122.159 38.6396,-122.182 38.6396,-122.193 38.6396,-122.216 38.6486,-122.216 38.6576,-122.239 38.6757,-122.239 38.6847,-122.239 38.6937,-122.246 38.7147))
201807010659,5,2,
Pattern Matcher : 36
201807010727,6,2,201807010731,3,2,
boundary: POLYGON((-122.246 38.7152,-122.248 38.7208,-122.239 38.7208,-122.216 38.7388,-122.205 38.7479,-122.193 38.7479,-122.182 38.7388,-122.17 38.7208,-122.147 38.7118,-122.147 38.7027,-122.124 38.6847,-122.124 38.6757,-122.124 38.6667,-122.136 38.6486,-122.136 38.6396,-122.147 38.6396,-122.159 38.6396,-122.182 38.6396,-122.193 38.6396,-122.216 38.6486,-122.216 38.6576,-122.239 38.6757,-122.239 38.6847,-122.239 38.6937,-122.246 38.7152))
201807010759,5,2,
Pattern Matcher : 37
201807010818,6,2,201807010824,3,2,
boundary: POLYGON((-122.246 38.7147,-122.251 38.7298,-122.255 38.7334,-122.262 38.7388,-122.285 38.7568,-122.294 38.7636,-122.297 38.7659,-122.293 38.7719,-122.285 38.7839,-122.274 38.802,-122.262 38.802,-122.251 38.802,-122.239 38.802,-122.239 38.793,-122.216 38.7749,-122.216 38.7659,-122.193 38.7479,-122.182 38.7388,-122.17 38.7208,-122.147 38.7118,-122.147 38.7027,-122.124 38.6847,-122.124 38.6667,-122.136 38.6486,-122.136 38.6396,-122.147 38.6396,-122.159 38.6396,-122.182 38.6396,-122.193 38.6396,-122.216 38.6486,-122.216 38.6576,-122.239 38.6757,-122.239 38.6847,-122.239 38.6937,-122.246 38.7147))
201807010855,5,2,
Pattern Matcher : 38
201807010924,6,2,201807010930,3,2,
boundary: POLYGON((-122.267 38.7068,-122.274 38.7117,-122.274 38.7208,-122.274 38.721,-122.262 38.7388,-122.262 38.7478,-122.274 38.7839,-122.274 38.7929,-122.274 38.802,-122.262 38.802,-122.251 38.802,-122.239 38.802,-122.239 38.793,-122.216 38.7749,-122.216 38.7659,-122.193 38.7479,-122.182 38.7388,-122.17 38.7208,-122.147 38.7118,-122.147 38.7027,-122.147 38.6937,-122.159 38.6757,-122.17 38.6667,-122.182 38.6486,-122.182 38.6396,-122.193 38.6396,-122.216 38.6486,-122.216 38.6576,-122.239 38.6757,-122.239 38.6847,-122.262 38.7027,-122.267 38.7068))
201807010959,5,2,
Pattern Matcher : 39
201807011042,6,2,201807011045,3,2,
boundary: POLYGON((-122.267 38.7068,-122.274 38.7117,-122.279 38.7199,-122.285 38.7298,-122.293 38.7356,-122.297 38.7388,-122.297 38.7388,-122.297 38.7388,-122.308 38.7388,-122.316 38.7504,-122.32 38.7568,-122.324 38.7599,-122.331 38.7658,-122.331 38.7658,-122.331 38.7658,-122.34 38.7658,-122.343 38.7658,-122.331 38.7839,-122.32 38.7839,-122.308 38.7749,-122.297 38.7749,-122.285 38.7839,-122.274 38.7749,-122.262 38.7749,-122.251 38.7749,-122.239 38.7749,-122.228 38.7749,-122.216 38.7749,-122.216 38.7659,-122.193 38.7479,-122.182 38.7388,-122.17 38.7208,-122.147 38.7118,-122.147 38.7027,-122.124 38.6847,-122.124 38.6757,-122.124 38.6667,-122.136 38.6486,-122.136 38.6396,-122.147 38.6396,-122.159 38.6396,-122.182 38.6396,-122.193 38.6396,-122.216 38.6486,-122.216 38.6576,-122.239 38.6757,-122.239 38.6847,-122.262 38.7027,-122.267 38.7068))
201807011059,5,2,
Pattern Matcher : 40
201807011042,6,2,201807011045,3,2,
boundary: POLYGON((-122.246 38.7147,-122.251 38.7298,-122.255 38.7334,-122.262 38.7388,-122.285 38.7568,-122.294 38.7636,-122.297 38.7659,-122.303 38.7749,-122.297 38.7749,-122.285 38.7839,-122.274 38.7749,-122.262 38.7749,-122.251 38.7749,-122.239 38.7749,-122.228 38.7749,-122.216 38.7749,-122.216 38.7659,-122.193 38.7479,-122.182 38.7388,-122.17 38.7208,-122.147 38.7118,-122.147 38.7027,-122.124 38.6847,-122.124 38.6757,-122.124 38.6667,-122.136 38.6486,-122.136 38.6396,-122.147 38.6396,-122.159 38.6396,-122.182 38.6396,-122.193 38.6396,-122.216 38.6486,-122.216 38.6576,-122.239 38.6757,-122.239 38.6847,-122.239 38.6937,-122.246 38.7147))
201807011159,5,2,
Pattern Matcher : 41
201807011042,6,2,201807011157,3,2,
boundary: POLYGON((-122.246 38.7147,-122.251 38.7298,-122.255 38.7334,-122.262 38.7388,-122.285 38.7568,-122.294 38.7636,-122.297 38.7659,-122.297 38.766,-122.285 38.7839,-122.274 38.7749,-122.262 38.7749,-122.251 38.7749,-122.239 38.7749,-122.228 38.7749,-122.216 38.7749,-122.216 38.7659,-122.216 38.7479,-122.205 38.7208,-122.193 38.7118,-122.17 38.7208,-122.147 38.7118,-122.147 38.7027,-122.147 38.6937,-122.136 38.6576,-122.136 38.6486,-122.136 38.6396,-122.147 38.6396,-122.159 38.6396,-122.182 38.6396,-122.193 38.6396,-122.216 38.6486,-122.216 38.6576,-122.239 38.6757,-122.239 38.6937,-122.246 38.7147))
201807011159,5,2,
Pattern Matcher : 42
201807011155,6,2,201807011157,3,2,
boundary: POLYGON((-122.246 38.7147,-122.251 38.7298,-122.255 38.7334,-122.262 38.7388,-122.285 38.7568,-122.294 38.7636,-122.297 38.7659,-122.297 38.766,-122.285 38.7839,-122.274 38.7749,-122.262 38.7749,-122.251 38.7749,-122.239 38.7749,-122.228 38.7749,-122.216 38.7749,-122.216 38.7659,-122.216 38.7479,-122.205 38.7208,-122.193 38.7118,-122.17 38.7208,-122.147 38.7118,-122.147 38.7027,-122.147 38.6937,-122.136 38.6576,-122.136 38.6486,-122.113 38.6306,-122.101 38.6306,-122.101 38.6125,-122.113 38.6125,-122.124 38.6125,-122.136 38.6125,-122.147 38.6125,-122.159 38.6125,-122.17 38.6125,-122.182 38.6216,-122.193 38.6396,-122.216 38.6486,-122.216 38.6576,-122.239 38.6757,-122.239 38.6937,-122.246 38.7147))
201807011159,5,2,
Pattern Matcher : 43
201807011155,6,2,201807011157,3,2,
boundary: POLYGON((-122.246 38.7147,-122.251 38.7298,-122.255 38.7334,-122.262 38.7388,-122.285 38.7568,-122.294 38.7636,-122.297 38.7659,-122.297 38.766,-122.285 38.7839,-122.274 38.7749,-122.262 38.7749,-122.251 38.7749,-122.239 38.7749,-122.228 38.7749,-122.216 38.7749,-122.216 38.7659,-122.216 38.7479,-122.205 38.7208,-122.193 38.7118,-122.17 38.7208,-122.147 38.7118,-122.147 38.7027,-122.147 38.6937,-122.136 38.6576,-122.136 38.6486,-122.113 38.6306,-122.113 38.6306,-122.113 38.6306,-122.101 38.6306,-122.101 38.6215,-122.101 38.6212,-122.101 38.6125,-122.113 38.6125,-122.124 38.6125,-122.136 38.6125,-122.147 38.6125,-122.159 38.6125,-122.17 38.6125,-122.182 38.6216,-122.193 38.6396,-122.216 38.6486,-122.216 38.6576,-122.239 38.6757,-122.239 38.6937,-122.246 38.7147))
201807011259,5,2,
Pattern Matcher : 44
201807011155,6,2,201807011259,3,2,
boundary: POLYGON((-122.246 38.7152,-122.248 38.7208,-122.239 38.7208,-122.228 38.7208,-122.216 38.7208,-122.205 38.7208,-122.193 38.7118,-122.17 38.7208,-122.147 38.7118,-122.147 38.7027,-122.147 38.6937,-122.136 38.6576,-122.136 38.6486,-122.113 38.6306,-122.113 38.6306,-122.113 38.6306,-122.101 38.6306,-122.101 38.6215,-122.101 38.6212,-122.101 38.6125,-122.113 38.6125,-122.124 38.6125,-122.136 38.6125,-122.147 38.6125,-122.159 38.6125,-122.17 38.6125,-122.182 38.6216,-122.193 38.6396,-122.216 38.6486,-122.216 38.6576,-122.239 38.6757,-122.239 38.6847,-122.239 38.6937,-122.246 38.7152))
201807011259,5,2,
Pattern Matcher : 45
201807011259,6,2,201807011259,3,2,
boundary: POLYGON((-122.246 38.7152,-122.248 38.7208,-122.239 38.7208,-122.228 38.7208,-122.216 38.7208,-122.205 38.7208,-122.193 38.7118,-122.17 38.7208,-122.147 38.7118,-122.147 38.7027,-122.147 38.6937,-122.136 38.6576,-122.136 38.6486,-122.113 38.6306,-122.113 38.6306,-122.113 38.6306,-122.101 38.6306,-122.101 38.6215,-122.101 38.6212,-122.101 38.6125,-122.113 38.6125,-122.124 38.6125,-122.136 38.6125,-122.147 38.6125,-122.159 38.6125,-122.17 38.6125,-122.193 38.6125,-122.193 38.6396,-122.216 38.6486,-122.216 38.6576,-122.239 38.6757,-122.239 38.6847,-122.239 38.6937,-122.246 38.7152))
201807011259,5,2,
Pattern Matcher : 46
201807011259,6,2,201807011259,3,2,
boundary: POLYGON((-122.257 38.6539,-122.262 38.6576,-122.257 38.666,-122.251 38.6757,-122.245 38.6843,-122.239 38.6937,-122.246 38.7152,-122.248 38.7208,-122.239 38.7208,-122.228 38.7208,-122.216 38.7208,-122.205 38.7208,-122.193 38.7118,-122.17 38.7207,-122.147 38.7118,-122.147 38.7027,-122.147 38.7025,-122.147 38.6937,-122.136 38.6576,-122.136 38.6486,-122.113 38.6306,-122.113 38.6306,-122.113 38.6306,-122.101 38.6306,-122.101 38.6215,-122.101 38.6212,-122.101 38.6125,-122.205 38.6125,-122.205 38.6125,-122.228 38.6215,-122.228 38.6306,-122.251 38.6486,-122.257 38.6539))
201807011359,5,2,
Pattern Matcher : 47
201807011259,6,2,201807011359,3,2,
boundary: POLYGON((-122.257 38.666,-122.251 38.6757,-122.245 38.6843,-122.239 38.6937,-122.228 38.7118,-122.228 38.7208,-122.239 38.7569,-122.251 38.7569,-122.262 38.7569,-122.274 38.7568,-122.285 38.7568,-122.294 38.7636,-122.297 38.7659,-122.297 38.766,-122.285 38.7839,-122.274 38.802,-122.262 38.802,-122.251 38.802,-122.239 38.802,-122.239 38.793,-122.216 38.7749,-122.216 38.7659,-122.216 38.7569,-122.216 38.7479,-122.205 38.7208,-122.193 38.7118,-122.182 38.6937,-122.159 38.6847,-122.159 38.6757,-122.136 38.6576,-122.136 38.6486,-122.113 38.6306,-122.113 38.6306,-122.113 38.6306,-122.101 38.6306,-122.101 38.6215,-122.101 38.6212,-122.101 38.6125,-122.113 38.5945,-122.113 38.5854,-122.124 38.5855,-122.136 38.5855,-122.147 38.5855,-122.147 38.5945,-122.17 38.6125,-122.205 38.6125,-122.205 38.6125,-122.228 38.6215,-122.228 38.6306,-122.251 38.6486,-122.257 38.6539,-122.262 38.6576,-122.257 38.666))
201807011359,5,2,
Pattern Matcher : 48
201807011359,6,2,201807011359,3,2,
boundary: POLYGON((-122.257 38.666,-122.251 38.6757,-122.245 38.6843,-122.239 38.6937,-122.228 38.7118,-122.228 38.7208,-122.239 38.7569,-122.251 38.7569,-122.262 38.7569,-122.274 38.7568,-122.285 38.7568,-122.294 38.7636,-122.297 38.7659,-122.3 38.7703,-122.308 38.7839,-122.318 38.7913,-122.32 38.7929,-122.32 38.793,-122.32 38.8019,-122.32 38.8109,-122.308 38.8109,-122.297 38.8019,-122.285 38.8019,-122.274 38.802,-122.262 38.802,-122.251 38.802,-122.239 38.802,-122.239 38.793,-122.216 38.7749,-122.216 38.7659,-122.216 38.7569,-122.216 38.7479,-122.205 38.7208,-122.193 38.7118,-122.182 38.6937,-122.159 38.6847,-122.159 38.6757,-122.136 38.6576,-122.136 38.6486,-122.113 38.6306,-122.113 38.6306,-122.113 38.6306,-122.101 38.6306,-122.101 38.6215,-122.101 38.6212,-122.101 38.6125,-122.113 38.5945,-122.113 38.5854,-122.124 38.5855,-122.182 38.5855,-122.185 38.5882,-122.193 38.5945,-122.2 38.6047,-122.205 38.6125,-122.228 38.6215,-122.228 38.6306,-122.251 38.6486,-122.257 38.6539,-122.262 38.6576,-122.257 38.666))
201807011359,5,2,
Pattern Matcher : 49
201807011359,6,2,201807011359,3,2,
boundary: POLYGON((-122.185 38.5882,-122.193 38.5945,-122.2 38.6047,-122.205 38.6125,-122.228 38.6215,-122.228 38.6306,-122.251 38.6486,-122.257 38.6539,-122.262 38.6576,-122.257 38.666,-122.251 38.6757,-122.251 38.6759,-122.239 38.6937,-122.228 38.7118,-122.228 38.7208,-122.239 38.7569,-122.251 38.7569,-122.262 38.7569,-122.274 38.7568,-122.285 38.7568,-122.294 38.7636,-122.297 38.7659,-122.3 38.7703,-122.308 38.7839,-122.32 38.7929,-122.32 38.8019,-122.32 38.8109,-122.308 38.8109,-122.297 38.8019,-122.285 38.8019,-122.274 38.802,-122.262 38.802,-122.251 38.802,-122.239 38.802,-122.239 38.793,-122.216 38.7749,-122.216 38.7659,-122.216 38.7569,-122.216 38.7479,-122.205 38.7208,-122.193 38.7118,-122.182 38.6937,-122.159 38.6847,-122.159 38.6757,-122.136 38.6576,-122.136 38.6486,-122.113 38.6306,-122.101 38.6306,-122.101 38.6215,-122.101 38.6125,-122.113 38.5945,-122.113 38.5854,-122.124 38.5855,-122.182 38.5855,-122.185 38.5882))
201807011459,5,2,
Pattern Matcher : 50
201807011359,6,2,201807011459,3,2,
boundary: POLYGON((-122.257 38.6539,-122.262 38.6576,-122.257 38.666,-122.251 38.6757,-122.256 38.6886,-122.262 38.7027,-122.267 38.7068,-122.274 38.7117,-122.274 38.7208,-122.274 38.7209,-122.262 38.7298,-122.251 38.7208,-122.239 38.7208,-122.228 38.7208,-122.216 38.7208,-122.205 38.7208,-122.193 38.7118,-122.182 38.6937,-122.159 38.6847,-122.159 38.6757,-122.136 38.6576,-122.136 38.6486,-122.136 38.6396,-122.124 38.6035,-122.113 38.6035,-122.113 38.5945,-122.102 38.5854,-122.113 38.5854,-122.124 38.5855,-122.182 38.5855,-122.185 38.5882,-122.193 38.5945,-122.2 38.6047,-122.205 38.6125,-122.228 38.6215,-122.228 38.6306,-122.251 38.6486,-122.257 38.6539))
201807011459,5,2,
Pattern Matcher : 51
201807011459,6,2,201807011459,3,2,
boundary: POLYGON((-122.185 38.5882,-122.193 38.5945,-122.2 38.6047,-122.205 38.6125,-122.228 38.6215,-122.228 38.6306,-122.251 38.6486,-122.257 38.6539,-122.262 38.6576,-122.257 38.666,-122.251 38.6757,-122.256 38.6886,-122.262 38.7027,-122.267 38.7068,-122.274 38.7117,-122.274 38.7208,-122.274 38.7209,-122.262 38.7298,-122.251 38.7208,-122.239 38.7208,-122.228 38.7208,-122.216 38.7208,-122.205 38.7208,-122.193 38.7118,-122.182 38.6937,-122.159 38.6847,-122.159 38.6757,-122.136 38.6576,-122.136 38.6486,-122.136 38.6396,-122.124 38.6035,-122.113 38.6035,-122.113 38.5945,-122.09 38.5764,-122.09 38.5674,-122.09 38.5584,-122.139 38.5584,-122.141 38.5663,-122.147 38.5855,-122.182 38.5855,-122.185 38.5882))
201807011459,5,2,
Pattern Matcher : 52
201807011459,6,2,201807011459,3,2,
boundary: POLYGON((-122.257 38.6539,-122.262 38.6576,-122.257 38.666,-122.251 38.6757,-122.256 38.6886,-122.262 38.7027,-122.267 38.7068,-122.274 38.7117,-122.277 38.7165,-122.274 38.7208,-122.262 38.7298,-122.251 38.7208,-122.239 38.7208,-122.228 38.7208,-122.216 38.7208,-122.205 38.7208,-122.193 38.7118,-122.182 38.6937,-122.159 38.6847,-122.159 38.6757,-122.136 38.6576,-122.136 38.6486,-122.136 38.6396,-122.124 38.6035,-122.113 38.6035,-122.113 38.5945,-122.09 38.5764,-122.09 38.5674,-122.09 38.5584,-122.102 38.5584,-122.113 38.5584,-122.136 38.5584,-122.147 38.5584,-122.17 38.5674,-122.178 38.58,-122.182 38.5855,-122.185 38.5882,-122.193 38.5945,-122.2 38.6047,-122.205 38.6125,-122.228 38.6215,-122.228 38.6306,-122.251 38.6486,-122.257 38.6539))
201807011559,5,2,
Pattern Matcher : 53
201807011459,6,2,201807011559,3,2,
boundary: POLYGON((-122.257 38.6539,-122.262 38.6576,-122.257 38.666,-122.251 38.6757,-122.256 38.6886,-122.262 38.7027,-122.267 38.7068,-122.274 38.7117,-122.274 38.7121,-122.274 38.7208,-122.262 38.7298,-122.251 38.7208,-122.239 38.7208,-122.228 38.7208,-122.216 38.7208,-122.205 38.7208,-122.193 38.7118,-122.182 38.6937,-122.159 38.6847,-122.159 38.6757,-122.17 38.6667,-122.17 38.6396,-122.147 38.6306,-122.147 38.6216,-122.124 38.6035,-122.113 38.6035,-122.113 38.5945,-122.09 38.5764,-122.09 38.5674,-122.09 38.5584,-122.102 38.5584,-122.113 38.5584,-122.136 38.5584,-122.147 38.5584,-122.17 38.5674,-122.178 38.58,-122.182 38.5855,-122.185 38.5882,-122.193 38.5945,-122.2 38.6047,-122.205 38.6125,-122.228 38.6215,-122.228 38.6306,-122.251 38.6486,-122.257 38.6539))
201807011559,5,2,
Pattern Matcher : 54
201807011559,6,2,201807011559,3,2,
boundary: POLYGON((-122.257 38.6539,-122.262 38.6576,-122.257 38.666,-122.251 38.6757,-122.256 38.6886,-122.262 38.7027,-122.267 38.7068,-122.274 38.7117,-122.274 38.7121,-122.274 38.7208,-122.262 38.7298,-122.251 38.7208,-122.239 38.7208,-122.228 38.7208,-122.216 38.7208,-122.205 38.7208,-122.193 38.7118,-122.182 38.6937,-122.159 38.6847,-122.159 38.6757,-122.17 38.6667,-122.17 38.6396,-122.147 38.6306,-122.147 38.6216,-122.124 38.6035,-122.113 38.6035,-122.113 38.5945,-122.09 38.5764,-122.09 38.5674,-122.09 38.5584,-122.102 38.5584,-122.113 38.5584,-122.136 38.5584,-122.147 38.5584,-122.17 38.5674,-122.178 38.58,-122.182 38.5855,-122.185 38.5882,-122.193 38.5945,-122.2 38.6047,-122.205 38.6125,-122.228 38.6215,-122.228 38.6306,-122.251 38.6486,-122.257 38.6539))
201807011559,5,2,
Pattern Matcher : 55
201807011559,6,2,201807011559,3,2,
boundary: POLYGON((-122.178 38.58,-122.182 38.5855,-122.185 38.5882,-122.193 38.5945,-122.2 38.6047,-122.205 38.6125,-122.228 38.6215,-122.228 38.6306,-122.251 38.6486,-122.257 38.6539,-122.262 38.6576,-122.251 38.6757,-122.262 38.7027,-122.274 38.7117,-122.274 38.7208,-122.262 38.7298,-122.251 38.7208,-122.239 38.7208,-122.228 38.7208,-122.216 38.7208,-122.205 38.7208,-122.193 38.7118,-122.182 38.6937,-122.159 38.6847,-122.159 38.6757,-122.17 38.6667,-122.17 38.6396,-122.147 38.6306,-122.147 38.6216,-122.124 38.6035,-122.113 38.6035,-122.113 38.5945,-122.09 38.5764,-122.09 38.5674,-122.09 38.5584,-122.102 38.5584,-122.113 38.5584,-122.136 38.5584,-122.147 38.5584,-122.17 38.5674,-122.178 38.58))
201807011659,5,2,
Pattern Matcher : 56
201807011559,6,2,201807011659,3,2,
boundary: POLYGON((-122.185 38.5882,-122.193 38.5945,-122.2 38.6047,-122.205 38.6125,-122.228 38.6215,-122.228 38.6306,-122.251 38.6486,-122.257 38.6539,-122.262 38.6576,-122.251 38.6757,-122.262 38.7027,-122.274 38.7117,-122.274 38.7208,-122.285 38.7568,-122.297 38.7659,-122.285 38.7839,-122.274 38.802,-122.262 38.802,-122.251 38.802,-122.239 38.802,-122.239 38.793,-122.216 38.7749,-122.216 38.7659,-122.216 38.7569,-122.216 38.7479,-122.205 38.7208,-122.193 38.7118,-122.17 38.7208,-122.147 38.7118,-122.147 38.7027,-122.147 38.6937,-122.136 38.6576,-122.136 38.6486,-122.136 38.6396,-122.124 38.6035,-122.113 38.6035,-122.113 38.5945,-122.113 38.5854,-122.124 38.5764,-122.136 38.5584,-122.147 38.5584,-122.17 38.5674,-122.178 38.58,-122.182 38.5855,-122.185 38.5882))
201807011659,5,2,
Pattern Matcher : 57
201807011659,6,2,201807011659,3,2,
boundary: POLYGON((-122.185 38.5882,-122.193 38.5945,-122.2 38.6047,-122.205 38.6125,-122.228 38.6215,-122.228 38.6306,-122.251 38.6486,-122.257 38.6539,-122.262 38.6576,-122.251 38.6757,-122.262 38.7027,-122.274 38.7117,-122.274 38.7208,-122.285 38.7568,-122.297 38.7659,-122.285 38.7839,-122.274 38.802,-122.262 38.802,-122.251 38.802,-122.239 38.802,-122.239 38.793,-122.216 38.7749,-122.216 38.7659,-122.216 38.7569,-122.216 38.7479,-122.205 38.7208,-122.193 38.7118,-122.17 38.7208,-122.147 38.7118,-122.147 38.7027,-122.147 38.6937,-122.136 38.6576,-122.136 38.6486,-122.136 38.6396,-122.124 38.6035,-122.113 38.6035,-122.113 38.5945,-122.113 38.5854,-122.124 38.5764,-122.136 38.5584,-122.147 38.5584,-122.17 38.5674,-122.178 38.58,-122.182 38.5855,-122.185 38.5882))
201807011659,5,2,
Pattern Matcher : 58
201807011659,6,2,201807011659,3,2,
boundary: POLYGON((-122.17 38.5674,-122.182 38.5855,-122.193 38.5945,-122.205 38.6125,-122.228 38.6215,-122.228 38.6306,-122.251 38.6486,-122.262 38.6576,-122.251 38.6757,-122.262 38.7027,-122.274 38.7117,-122.274 38.7208,-122.285 38.7568,-122.297 38.7659,-122.285 38.7839,-122.274 38.802,-122.262 38.802,-122.251 38.802,-122.239 38.802,-122.239 38.793,-122.216 38.7749,-122.216 38.7659,-122.216 38.7569,-122.216 38.7479,-122.205 38.7208,-122.193 38.7118,-122.17 38.7208,-122.147 38.7118,-122.147 38.7027,-122.147 38.6937,-122.136 38.6576,-122.136 38.6486,-122.136 38.6396,-122.124 38.6035,-122.113 38.6035,-122.113 38.5945,-122.113 38.5854,-122.124 38.5764,-122.136 38.5584,-122.147 38.5584,-122.17 38.5674))
201807011759,5,2,
Pattern Matcher : 59
201807011659,6,2,201807011759,3,2,
boundary: POLYGON((-122.193 38.5945,-122.193 38.6035,-122.193 38.6125,-122.182 38.6125,-122.159 38.6035,-122.159 38.5945,-122.17 38.5855,-122.182 38.5855,-122.193 38.5945))
201807011759,5,2,
Pattern Matcher : 60
201807011759,6,2,201807011759,3,2,
boundary: POLYGON((-122.193 38.5945,-122.193 38.6035,-122.193 38.6125,-122.182 38.6125,-122.159 38.6035,-122.159 38.5945,-122.17 38.5855,-122.182 38.5855,-122.193 38.5945))
201807011759,5,2,
Pattern Matcher : 61
201807011659,6,2,201807011759,3,2,
boundary: POLYGON((-122.228 38.7027,-122.239 38.7027,-122.251 38.7027,-122.262 38.7027,-122.274 38.7117,-122.274 38.7208,-122.285 38.7568,-122.297 38.7659,-122.285 38.7839,-122.274 38.7749,-122.262 38.7749,-122.251 38.7749,-122.239 38.7749,-122.228 38.7749,-122.216 38.7749,-122.216 38.7659,-122.216 38.7569,-122.216 38.7479,-122.205 38.7208,-122.193 38.7118,-122.17 38.7208,-122.147 38.7118,-122.147 38.7027,-122.147 38.6937,-122.159 38.6937,-122.17 38.6937,-122.205 38.6937,-122.228 38.7027))
201807011759,5,2,
Pattern Matcher : 62
201807011759,6,2,201807011759,3,2,
boundary: POLYGON((-122.228 38.7027,-122.239 38.7027,-122.251 38.7027,-122.262 38.7027,-122.274 38.7117,-122.274 38.7208,-122.285 38.7568,-122.297 38.7659,-122.285 38.7839,-122.274 38.7749,-122.262 38.7749,-122.251 38.7749,-122.239 38.7749,-122.228 38.7749,-122.216 38.7749,-122.216 38.7659,-122.216 38.7569,-122.216 38.7479,-122.205 38.7208,-122.193 38.7118,-122.17 38.7208,-122.147 38.7118,-122.147 38.7027,-122.147 38.6937,-122.159 38.6937,-122.17 38.6937,-122.205 38.6937,-122.228 38.7027))
201807011759,5,2,
Pattern Matcher : 63
201807011759,6,2,201807011759,3,2,
boundary: POLYGON((-122.193 38.5945,-122.193 38.6035,-122.193 38.6125,-122.182 38.6125,-122.159 38.6035,-122.159 38.5945,-122.17 38.5855,-122.182 38.5855,-122.193 38.5945))
201807011859,5,2,
Pattern Matcher : 64
201807011759,6,2,201807011759,3,2,
boundary: POLYGON((-122.228 38.7027,-122.239 38.7027,-122.251 38.7027,-122.262 38.7027,-122.274 38.7117,-122.274 38.7208,-122.285 38.7568,-122.297 38.7659,-122.285 38.7839,-122.274 38.7749,-122.262 38.7749,-122.251 38.7749,-122.239 38.7749,-122.228 38.7749,-122.216 38.7749,-122.216 38.7659,-122.216 38.7569,-122.216 38.7479,-122.205 38.7208,-122.193 38.7118,-122.17 38.7208,-122.147 38.7118,-122.147 38.7027,-122.147 38.6937,-122.159 38.6937,-122.17 38.6937,-122.205 38.6937,-122.228 38.7027))
201807011859,5,2,
Pattern Matcher : 65
201807011759,6,2,201807011859,3,2,
boundary: POLYGON((-122.193 38.5945,-122.193 38.6035,-122.193 38.6125,-122.182 38.6125,-122.159 38.6035,-122.147 38.6035,-122.136 38.6035,-122.124 38.6035,-122.113 38.6035,-122.113 38.5945,-122.113 38.5854,-122.124 38.5855,-122.136 38.5855,-122.147 38.5855,-122.17 38.5855,-122.182 38.5855,-122.193 38.5945))
201807011859,5,2,
Pattern Matcher : 66
201807011859,6,2,201807011859,3,2,
boundary: POLYGON((-122.113 38.5854,-122.124 38.5855,-122.136 38.5855,-122.147 38.5855,-122.17 38.5855,-122.182 38.5855,-122.193 38.5945,-122.193 38.6035,-122.193 38.6125,-122.182 38.6125,-122.159 38.6035,-122.147 38.6035,-122.136 38.6035,-122.124 38.6035,-122.113 38.6035,-122.113 38.5945,-122.113 38.5854))
201807011859,5,2,
Pattern Matcher : 67
201807011759,6,2,201807011859,3,2,
boundary: POLYGON((-122.17 38.6667,-122.182 38.6667,-122.193 38.6757,-122.205 38.6937,-122.228 38.7027,-122.228 38.7118,-122.228 38.7208,-122.216 38.7208,-122.205 38.7208,-122.193 38.7118,-122.17 38.7208,-122.147 38.7118,-122.147 38.7027,-122.147 38.6937,-122.159 38.6757,-122.17 38.6667))
201807011859,5,2,
Pattern Matcher : 68
201807011859,6,2,201807011859,3,2,
boundary: POLYGON((-122.17 38.6667,-122.182 38.6667,-122.193 38.6757,-122.205 38.6937,-122.228 38.7027,-122.228 38.7118,-122.228 38.7208,-122.216 38.7208,-122.205 38.7208,-122.193 38.7118,-122.17 38.7208,-122.147 38.7118,-122.147 38.7027,-122.147 38.6937,-122.159 38.6757,-122.17 38.6667))
201807011859,5,2,
Pattern Matcher : 69
201807011859,6,2,201807011859,3,2,
boundary: POLYGON((-122.113 38.5854,-122.124 38.5855,-122.136 38.5855,-122.147 38.5855,-122.17 38.5855,-122.182 38.5855,-122.193 38.5945,-122.193 38.6035,-122.193 38.6125,-122.182 38.6125,-122.159 38.6035,-122.147 38.6035,-122.136 38.6035,-122.124 38.6035,-122.113 38.6035,-122.113 38.5945,-122.113 38.5854))
201807011959,5,2,
Pattern Matcher : 70
201807011859,6,2,201807011859,3,2,
boundary: POLYGON((-122.17 38.6667,-122.182 38.6667,-122.193 38.6757,-122.205 38.6937,-122.228 38.7027,-122.228 38.7118,-122.228 38.7208,-122.216 38.7208,-122.205 38.7208,-122.193 38.7118,-122.17 38.7208,-122.147 38.7118,-122.147 38.7027,-122.147 38.6937,-122.159 38.6757,-122.17 38.6667))
201807011959,5,2,
Pattern Matcher : 71
201807011859,6,2,201807011959,3,2,
boundary: POLYGON((-122.17 38.5855,-122.182 38.5855,-122.193 38.5945,-122.193 38.6035,-122.193 38.6125,-122.182 38.6125,-122.159 38.6035,-122.159 38.5945,-122.17 38.5855))
201807011959,5,2,
Pattern Matcher : 72
201807011959,6,2,201807011959,3,2,
boundary: POLYGON((-122.17 38.5855,-122.182 38.5855,-122.193 38.5945,-122.193 38.6035,-122.193 38.6125,-122.182 38.6125,-122.159 38.6035,-122.159 38.5945,-122.17 38.5855))
201807011959,5,2,
Pattern Matcher : 73
201807011859,6,2,201807011959,3,2,
boundary: POLYGON((-122.17 38.6667,-122.182 38.6667,-122.193 38.6757,-122.193 38.6847,-122.193 38.6937,-122.182 38.6937,-122.159 38.6847,-122.159 38.6757,-122.17 38.6667))
201807011959,5,2,
Pattern Matcher : 74
201807011959,6,2,201807011959,3,2,
boundary: POLYGON((-122.17 38.6667,-122.182 38.6667,-122.193 38.6757,-122.193 38.6847,-122.193 38.6937,-122.182 38.6937,-122.159 38.6847,-122.159 38.6757,-122.17 38.6667))
201807011959,5,2,
Pattern Matcher : 75
201807011959,6,2,201807011959,3,2,
boundary: POLYGON((-122.17 38.5855,-122.182 38.5855,-122.193 38.5945,-122.193 38.6035,-122.193 38.6125,-122.182 38.6125,-122.159 38.6035,-122.159 38.5945,-122.17 38.5855))
201807012059,5,2,
Pattern Matcher : 76
201807011959,6,2,201807011959,3,2,
boundary: POLYGON((-122.17 38.6667,-122.182 38.6667,-122.193 38.6757,-122.193 38.6847,-122.193 38.6937,-122.182 38.6937,-122.159 38.6847,-122.159 38.6757,-122.17 38.6667))
201807012059,5,2,
Pattern Matcher : 77
201807011959,6,2,201807012059,3,2,
boundary: POLYGON((-122.17 38.5855,-122.182 38.5855,-122.193 38.5945,-122.193 38.6035,-122.193 38.6125,-122.182 38.6125,-122.159 38.6035,-122.159 38.5945,-122.17 38.5855))
201807012059,5,2,
Pattern Matcher : 78
201807012059,6,2,201807012059,3,2,
boundary: POLYGON((-122.17 38.5855,-122.182 38.5855,-122.193 38.5945,-122.193 38.6035,-122.193 38.6125,-122.182 38.6125,-122.159 38.6035,-122.159 38.5945,-122.17 38.5855))
201807012059,5,2,
Pattern Matcher : 79
201807012059,6,2,201807012059,3,2,
boundary: POLYGON((-122.17 38.5855,-122.182 38.5855,-122.193 38.5945,-122.193 38.6035,-122.193 38.6125,-122.182 38.6125,-122.159 38.6035,-122.159 38.5945,-122.17 38.5855))
201807012159,5,2,
Pattern Matcher : 80
201807012059,6,2,201807012159,3,2,
boundary: POLYGON((-122.09 38.5584,-122.102 38.5584,-122.113 38.5584,-122.136 38.5584,-122.147 38.5584,-122.17 38.5674,-122.182 38.5855,-122.193 38.5945,-122.193 38.6125,-122.193 38.6396,-122.216 38.6486,-122.216 38.6576,-122.205 38.6667,-122.193 38.6847,-122.193 38.6937,-122.182 38.6937,-122.159 38.6847,-122.159 38.6757,-122.136 38.6576,-122.136 38.6486,-122.136 38.6396,-122.124 38.6035,-122.113 38.6035,-122.113 38.5945,-122.09 38.5764,-122.09 38.5674,-122.09 38.5584))
201807012159,5,2,
Pattern Matcher : 81
201807012159,6,2,201807012159,3,2,
boundary: POLYGON((-122.09 38.5584,-122.102 38.5584,-122.113 38.5584,-122.136 38.5584,-122.147 38.5584,-122.17 38.5674,-122.182 38.5855,-122.193 38.5945,-122.193 38.6125,-122.193 38.6396,-122.216 38.6486,-122.216 38.6576,-122.205 38.6667,-122.193 38.6847,-122.193 38.6937,-122.182 38.6937,-122.159 38.6847,-122.159 38.6757,-122.136 38.6576,-122.136 38.6486,-122.136 38.6396,-122.124 38.6035,-122.113 38.6035,-122.113 38.5945,-122.09 38.5764,-122.09 38.5674,-122.09 38.5584))
201807012159,5,2,
Pattern Matcher : 82
201807012059,6,2,201807012159,3,2,
boundary: POLYGON((-122.297 38.7659,-122.285 38.7839,-122.274 38.7749,-122.262 38.7749,-122.251 38.7749,-122.262 38.7569,-122.274 38.7568,-122.285 38.7568,-122.297 38.7659))
201807012159,5,2,
Pattern Matcher : 83
201807012159,6,2,201807012159,3,2,
boundary: POLYGON((-122.297 38.7659,-122.285 38.7839,-122.274 38.7749,-122.262 38.7749,-122.251 38.7749,-122.262 38.7569,-122.274 38.7568,-122.285 38.7568,-122.297 38.7659))
201807012159,5,2,
Pattern Matcher : 84
201807012159,6,2,201807012159,3,2,
boundary: POLYGON((-122.09 38.5584,-122.102 38.5584,-122.113 38.5584,-122.136 38.5584,-122.147 38.5584,-122.17 38.5674,-122.182 38.5855,-122.193 38.5945,-122.193 38.6125,-122.193 38.6396,-122.216 38.6486,-122.216 38.6576,-122.205 38.6667,-122.193 38.6847,-122.193 38.6937,-122.182 38.6937,-122.159 38.6847,-122.159 38.6757,-122.136 38.6576,-122.136 38.6486,-122.136 38.6396,-122.124 38.6035,-122.113 38.6035,-122.113 38.5945,-122.09 38.5764,-122.09 38.5674,-122.09 38.5584))
201807012259,5,2,
Pattern Matcher : 85
201807012159,6,2,201807012159,3,2,
boundary: POLYGON((-122.297 38.7659,-122.285 38.7839,-122.274 38.7749,-122.262 38.7749,-122.251 38.7749,-122.262 38.7569,-122.274 38.7568,-122.285 38.7568,-122.297 38.7659))
201807012259,5,2,
Pattern Matcher : 86
201807012159,6,2,201807012259,3,2,
boundary: POLYGON((-122.09 38.5584,-122.102 38.5584,-122.113 38.5584,-122.136 38.5584,-122.147 38.5584,-122.17 38.5674,-122.182 38.5855,-122.193 38.5945,-122.205 38.6125,-122.228 38.6215,-122.228 38.6306,-122.228 38.6396,-122.216 38.6576,-122.205 38.6667,-122.193 38.6667,-122.159 38.6667,-122.136 38.6576,-122.136 38.6486,-122.113 38.6306,-122.101 38.6306,-122.101 38.6125,-122.09 38.5764,-122.09 38.5674,-122.09 38.5584))
201807012259,5,2,
Pattern Matcher : 87
201807012259,6,2,201807012259,3,2,
boundary: POLYGON((-122.17 38.5674,-122.182 38.5855,-122.193 38.5945,-122.205 38.6125,-122.228 38.6215,-122.228 38.6306,-122.228 38.6396,-122.216 38.6576,-122.205 38.6667,-122.193 38.6667,-122.159 38.6667,-122.136 38.6576,-122.136 38.6486,-122.113 38.6306,-122.101 38.6306,-122.101 38.6125,-122.09 38.5764,-122.09 38.5674,-122.09 38.5584,-122.102 38.5584,-122.113 38.5584,-122.136 38.5584,-122.147 38.5584,-122.17 38.5674))
201807012259,5,2,
Pattern Matcher : 88
201807012159,6,2,201807012259,3,2,
boundary: POLYGON((-122.216 38.7479,-122.228 38.7569,-122.239 38.7569,-122.251 38.7569,-122.262 38.7569,-122.274 38.7568,-122.285 38.7568,-122.297 38.7659,-122.285 38.7839,-122.274 38.7749,-122.262 38.7749,-122.251 38.7749,-122.239 38.7749,-122.228 38.7749,-122.216 38.7749,-122.216 38.7659,-122.216 38.7569,-122.216 38.7479))
201807012259,5,2,
Pattern Matcher : 89
201807012259,6,2,201807012259,3,2,
boundary: POLYGON((-122.216 38.7479,-122.228 38.7569,-122.239 38.7569,-122.251 38.7569,-122.262 38.7569,-122.274 38.7568,-122.285 38.7568,-122.297 38.7659,-122.285 38.7839,-122.274 38.7749,-122.262 38.7749,-122.251 38.7749,-122.239 38.7749,-122.228 38.7749,-122.216 38.7749,-122.216 38.7659,-122.216 38.7569,-122.216 38.7479))
201807012259,5,2,
Pattern Matcher : 90
201807012259,6,2,201807012259,3,2,
boundary: POLYGON((-122.17 38.5674,-122.182 38.5855,-122.193 38.5945,-122.205 38.6125,-122.228 38.6215,-122.228 38.6306,-122.228 38.6396,-122.216 38.6576,-122.205 38.6667,-122.193 38.6667,-122.159 38.6667,-122.136 38.6576,-122.136 38.6486,-122.113 38.6306,-122.101 38.6306,-122.101 38.6125,-122.09 38.5764,-122.09 38.5674,-122.09 38.5584,-122.102 38.5584,-122.113 38.5584,-122.136 38.5584,-122.147 38.5584,-122.17 38.5674))
201807012359,5,2,
Pattern Matcher : 91
201807012259,6,2,201807012259,3,2,
boundary: POLYGON((-122.216 38.7479,-122.228 38.7569,-122.239 38.7569,-122.251 38.7569,-122.262 38.7569,-122.274 38.7568,-122.285 38.7568,-122.297 38.7659,-122.285 38.7839,-122.274 38.7749,-122.262 38.7749,-122.251 38.7749,-122.239 38.7749,-122.228 38.7749,-122.216 38.7749,-122.216 38.7659,-122.216 38.7569,-122.216 38.7479))
201807012359,5,2,
Pattern Matcher : 92
201807012259,6,2,201807012359,3,2,
boundary: POLYGON((-122.113 38.5854,-122.124 38.5855,-122.136 38.5855,-122.147 38.5855,-122.17 38.5855,-122.182 38.5855,-122.193 38.5945,-122.205 38.6125,-122.228 38.6215,-122.228 38.6396,-122.239 38.6757,-122.239 38.6847,-122.239 38.6937,-122.251 38.7298,-122.262 38.7388,-122.262 38.7478,-122.274 38.7839,-122.274 38.7929,-122.297 38.811,-122.308 38.82,-122.308 38.829,-122.297 38.838,-122.285 38.829,-122.274 38.829,-122.262 38.829,-122.251 38.829,-122.239 38.829,-122.228 38.82,-122.205 38.802,-122.193 38.793,-122.193 38.7839,-122.205 38.7749,-122.228 38.7479,-122.228 38.7388,-122.205 38.7208,-122.193 38.7118,-122.182 38.6937,-122.159 38.6847,-122.147 38.6847,-122.136 38.6847,-122.124 38.6847,-122.124 38.6757,-122.124 38.6667,-122.113 38.6306,-122.101 38.6306,-122.101 38.6215,-122.101 38.6125,-122.113 38.5945,-122.113 38.5854))
201807012359,5,2,
Pattern Matcher : 93
201807012359,6,2,201807012359,3,2,
boundary: POLYGON((-122.193 38.5945,-122.205 38.6125,-122.228 38.6215,-122.228 38.6396,-122.239 38.6757,-122.239 38.6847,-122.239 38.6937,-122.251 38.7298,-122.262 38.7388,-122.262 38.7478,-122.274 38.7839,-122.274 38.7929,-122.297 38.811,-122.308 38.82,-122.308 38.829,-122.297 38.838,-122.285 38.829,-122.274 38.829,-122.262 38.829,-122.251 38.829,-122.239 38.829,-122.228 38.82,-122.205 38.802,-122.193 38.793,-122.193 38.7839,-122.205 38.7749,-122.228 38.7479,-122.228 38.7388,-122.205 38.7208,-122.193 38.7118,-122.182 38.6937,-122.159 38.6847,-122.147 38.6847,-122.136 38.6847,-122.124 38.6847,-122.124 38.6757,-122.124 38.6667,-122.113 38.6306,-122.101 38.6306,-122.101 38.6215,-122.101 38.6125,-122.113 38.5945,-122.113 38.5854,-122.124 38.5855,-122.136 38.5855,-122.147 38.5855,-122.17 38.5855,-122.182 38.5855,-122.193 38.5945))
201807012359,5,2,
event stream queue is empty now!
perform 2loadshedding
eventCn 5362
#full Match 93
#high latecny (> 150)64
#NumPartialMatch 118
#NumDropedPM 0
#NumDropedInputEvents 0
avg latency: 1577
expression size: 0
