c01
c07MinusC14
c16
c01
c07MinusC14
c16
c01
c01
c01
c07MinusC14
c07MinusC14
c07MinusC14
c01
c07MinusC14
c16
c16
c16
c16
Pattern Matcher : 1
201806300015,0,2,201806300059,3,2,
boundary: POLYGON((-120.873 37.9826,-120.885 37.9828,-120.885 37.9918,-120.907 38.0101,-120.918 38.0192,-120.918 38.0282,-120.906 38.0371,-120.884 38.0279,-120.884 38.0189,-120.862 38.0006,-120.862 37.9915,-120.862 37.9825,-120.873 37.9826))
201806300059,5,2,
Pattern Matcher : 2
201806300102,0,2,201806300159,3,2,
boundary: POLYGON((-120.84 37.9462,-120.862 37.9554,-120.862 37.9645,-120.885 37.9828,-120.907 37.983,-120.919 37.9831,-120.93 37.9923,-120.93 38.0013,-120.918 38.0102,-120.896 38.0009,-120.873 38.0187,-120.873 38.0277,-120.861 38.0276,-120.85 38.0275,-120.839 38.0183,-120.827 38.0002,-120.816 37.991,-120.816 37.982,-120.828 37.9641,-120.828 37.9551,-120.84 37.9462))
201806300159,5,2,
Pattern Matcher : 3
201806300203,0,2,201806300259,3,2,
boundary: POLYGON((-120.771 37.9724,-120.782 37.9726,-120.794 37.9727,-120.828 37.9731,-120.851 37.9824,-120.85 37.9914,-120.839 38.0003,-120.827 38.0002,-120.793 37.9998,-120.771 37.9905,-120.771 37.9814,-120.771 37.9724))
201806300259,5,2,
Pattern Matcher : 4
201806302259,0,2,201806302259,3,2,
boundary: POLYGON((-122.193 38.7569,-122.205 38.7569,-122.205 38.7659,-122.228 38.7839,-122.216 38.7839,-122.205 38.7839,-122.193 38.7839,-122.193 38.7749,-122.193 38.7659,-122.193 38.7569))
201806302259,5,2,
Pattern Matcher : 5
201806302259,0,2,201806302259,3,2,
boundary: POLYGON((-122.193 38.7569,-122.205 38.7569,-122.205 38.7659,-122.228 38.7839,-122.216 38.7839,-122.205 38.7839,-122.193 38.7839,-122.193 38.7749,-122.193 38.7659,-122.193 38.7569))
201806302359,5,2,
Pattern Matcher : 6
201806302259,0,2,201806302359,3,2,
boundary: POLYGON((-122.262 38.7749,-122.262 38.7749,-122.251 38.7749,-122.239 38.7749,-122.228 38.7839,-122.216 38.7839,-122.205 38.7839,-122.193 38.7839,-122.193 38.7749,-122.193 38.7659,-122.193 38.7298,-122.198 38.7226,-122.216 38.7298,-122.216 38.7388,-122.239 38.7569,-122.251 38.7569,-122.251 38.7659,-122.262 38.7749))
201806302359,5,2,
Pattern Matcher : 7
201806302359,0,2,201806302359,3,2,
boundary: POLYGON((-122.274 38.7929,-122.262 38.7929,-122.251 38.7839,-122.239 38.7839,-122.228 38.7839,-122.216 38.7839,-122.228 38.7569,-122.228 38.7479,-122.228 38.7479,-122.239 38.7569,-122.251 38.7569,-122.251 38.7659,-122.274 38.7839,-122.274 38.7929))
201806302359,5,2,
Pattern Matcher : 8
201807010014,0,2,201807010059,3,2,
boundary: POLYGON((-122.216 38.7298,-122.228 38.7298,-122.239 38.7298,-122.251 38.7298,-122.262 38.7388,-122.285 38.7568,-122.297 38.7659,-122.285 38.7839,-122.28 38.7929,-122.262 38.7929,-122.251 38.7839,-122.239 38.7839,-122.228 38.7839,-122.216 38.7839,-122.205 38.7749,-122.193 38.7659,-122.205 38.7659,-122.216 38.7298))
201807010059,5,2,
Pattern Matcher : 9
201807010102,0,2,201807010159,3,2,
boundary: POLYGON((-122.278 38.7959,-122.262 38.802,-122.251 38.802,-122.239 38.802,-122.228 38.802,-122.216 38.7839,-122.216 38.7749,-122.216 38.7659,-122.228 38.7659,-122.239 38.7298,-122.251 38.7298,-122.274 38.7298,-122.285 38.7298,-122.297 38.7388,-122.308 38.7388,-122.308 38.7478,-122.297 38.7659,-122.285 38.7839,-122.278 38.7959))
201807010159,5,2,
Pattern Matcher : 10
201807010203,0,2,201807010259,3,2,
boundary: POLYGON((-122.274 38.7749,-122.262 38.7749,-122.251 38.7749,-122.228 38.793,-122.228 38.802,-122.216 38.802,-122.205 38.802,-122.205 38.793,-122.193 38.7659,-122.205 38.7479,-122.216 38.7298,-122.228 38.7298,-122.239 38.7298,-122.251 38.7298,-122.262 38.7388,-122.285 38.7568,-122.297 38.7659,-122.285 38.7839,-122.285 38.7839,-122.274 38.7749))
201807010259,5,2,
Pattern Matcher : 11
201807010203,0,2,201807010259,3,2,
boundary: POLYGON((-122.563 39.045,-122.551 39.045,-122.551 39.036,-122.551 39.027,-122.551 39.0179,-122.551 39.0179,-122.563 39.0269,-122.574 39.0269,-122.574 39.0359,-122.574 39.0449,-122.563 39.045))
201807010259,5,2,
Pattern Matcher : 12
201807011420,0,2,201807011459,3,2,
boundary: POLYGON((-122.233 38.6347,-122.239 38.6396,-122.245 38.6439,-122.251 38.6486,-122.251 38.649,-122.259 38.6621,-122.254 38.67,-122.251 38.6757,-122.257 38.6895,-122.251 38.6937,-122.239 38.6937,-122.239 38.6847,-122.228 38.6667,-122.228 38.6396,-122.216 38.6306,-122.205 38.6216,-122.182 38.6125,-122.17 38.6035,-122.159 38.5945,-122.159 38.5855,-122.182 38.5855,-122.185 38.5882,-122.193 38.5945,-122.2 38.6047,-122.205 38.6125,-122.228 38.6215,-122.228 38.6306,-122.233 38.6347))
201807011459,5,2,
Pattern Matcher : 13
201807011503,0,2,201807011559,3,2,
boundary: POLYGON((-122.257 38.6539,-122.262 38.6576,-122.257 38.666,-122.251 38.6757,-122.256 38.6886,-122.262 38.7027,-122.267 38.7068,-122.274 38.7117,-122.274 38.7121,-122.274 38.7208,-122.262 38.7298,-122.251 38.7208,-122.239 38.7208,-122.228 38.7208,-122.216 38.7208,-122.205 38.7208,-122.193 38.7118,-122.182 38.6937,-122.159 38.6847,-122.159 38.6757,-122.17 38.6667,-122.17 38.6396,-122.147 38.6306,-122.147 38.6216,-122.124 38.6035,-122.113 38.6035,-122.113 38.5945,-122.09 38.5764,-122.09 38.5674,-122.09 38.5584,-122.102 38.5584,-122.113 38.5584,-122.136 38.5584,-122.147 38.5584,-122.17 38.5674,-122.178 38.58,-122.182 38.5855,-122.185 38.5882,-122.193 38.5945,-122.2 38.6047,-122.205 38.6125,-122.228 38.6215,-122.228 38.6306,-122.251 38.6486,-122.257 38.6539))
201807011559,5,2,
Pattern Matcher : 14
201807011601,0,2,201807011659,3,2,
boundary: POLYGON((-122.178 38.58,-122.182 38.5855,-122.185 38.5882,-122.193 38.5945,-122.2 38.6047,-122.205 38.6125,-122.228 38.6215,-122.228 38.6306,-122.251 38.6486,-122.257 38.6539,-122.262 38.6576,-122.251 38.6757,-122.262 38.7027,-122.274 38.7117,-122.274 38.7208,-122.285 38.7568,-122.297 38.7659,-122.285 38.7839,-122.274 38.802,-122.262 38.802,-122.251 38.802,-122.239 38.802,-122.239 38.793,-122.216 38.7749,-122.216 38.7659,-122.216 38.7569,-122.216 38.7479,-122.205 38.7208,-122.193 38.7118,-122.17 38.7208,-122.147 38.7118,-122.147 38.7027,-122.147 38.6937,-122.136 38.6576,-122.136 38.6486,-122.136 38.6396,-122.124 38.6035,-122.113 38.6035,-122.113 38.5945,-122.113 38.5854,-122.124 38.5764,-122.136 38.5584,-122.147 38.5584,-122.17 38.5674,-122.178 38.58))
201807011659,5,2,
Pattern Matcher : 15
201807011703,0,2,201807011759,3,2,
boundary: POLYGON((-122.17 38.5855,-122.182 38.5855,-122.193 38.5945,-122.193 38.6035,-122.193 38.6125,-122.182 38.6125,-122.159 38.6035,-122.159 38.5945,-122.17 38.5855))
201807011759,5,2,
Pattern Matcher : 16
201807011703,0,2,201807011759,3,2,
boundary: POLYGON((-122.228 38.7027,-122.239 38.7027,-122.251 38.7027,-122.262 38.7027,-122.274 38.7117,-122.274 38.7208,-122.285 38.7568,-122.297 38.7659,-122.285 38.7839,-122.274 38.7749,-122.262 38.7749,-122.251 38.7749,-122.239 38.7749,-122.228 38.7749,-122.216 38.7749,-122.216 38.7659,-122.216 38.7569,-122.216 38.7479,-122.205 38.7208,-122.193 38.7118,-122.17 38.7208,-122.147 38.7118,-122.147 38.7027,-122.147 38.6937,-122.159 38.6937,-122.17 38.6937,-122.205 38.6937,-122.228 38.7027))
201807011759,5,2,
Pattern Matcher : 17
201807011801,0,2,201807011859,3,2,
boundary: POLYGON((-122.113 38.5854,-122.124 38.5855,-122.136 38.5855,-122.147 38.5855,-122.17 38.5855,-122.182 38.5855,-122.193 38.5945,-122.193 38.6035,-122.193 38.6125,-122.182 38.6125,-122.159 38.6035,-122.147 38.6035,-122.136 38.6035,-122.124 38.6035,-122.113 38.6035,-122.113 38.5945,-122.113 38.5854))
201807011859,5,2,
Pattern Matcher : 18
201807011801,0,2,201807011859,3,2,
boundary: POLYGON((-122.17 38.6667,-122.182 38.6667,-122.193 38.6757,-122.205 38.6937,-122.228 38.7027,-122.228 38.7118,-122.228 38.7208,-122.216 38.7208,-122.205 38.7208,-122.193 38.7118,-122.17 38.7208,-122.147 38.7118,-122.147 38.7027,-122.147 38.6937,-122.159 38.6757,-122.17 38.6667))
201807011859,5,2,
Pattern Matcher : 19
201807011903,0,2,201807011959,3,2,
boundary: POLYGON((-122.17 38.5855,-122.182 38.5855,-122.193 38.5945,-122.193 38.6035,-122.193 38.6125,-122.182 38.6125,-122.159 38.6035,-122.159 38.5945,-122.17 38.5855))
201807011959,5,2,
Pattern Matcher : 20
201807011903,0,2,201807011959,3,2,
boundary: POLYGON((-122.17 38.6667,-122.182 38.6667,-122.193 38.6757,-122.193 38.6847,-122.193 38.6937,-122.182 38.6937,-122.159 38.6847,-122.159 38.6757,-122.17 38.6667))
201807011959,5,2,
Pattern Matcher : 21
201807012001,0,2,201807012059,3,2,
boundary: POLYGON((-122.17 38.5855,-122.182 38.5855,-122.193 38.5945,-122.193 38.6035,-122.193 38.6125,-122.182 38.6125,-122.159 38.6035,-122.159 38.5945,-122.17 38.5855))
201807012059,5,2,
Pattern Matcher : 22
201807012109,0,2,201807012159,3,2,
boundary: POLYGON((-122.09 38.5584,-122.102 38.5584,-122.113 38.5584,-122.136 38.5584,-122.147 38.5584,-122.17 38.5674,-122.182 38.5855,-122.193 38.5945,-122.193 38.6125,-122.193 38.6396,-122.216 38.6486,-122.216 38.6576,-122.205 38.6667,-122.193 38.6847,-122.193 38.6937,-122.182 38.6937,-122.159 38.6847,-122.159 38.6757,-122.136 38.6576,-122.136 38.6486,-122.136 38.6396,-122.124 38.6035,-122.113 38.6035,-122.113 38.5945,-122.09 38.5764,-122.09 38.5674,-122.09 38.5584))
201807012159,5,2,
Pattern Matcher : 23
201807012109,0,2,201807012159,3,2,
boundary: POLYGON((-122.297 38.7659,-122.285 38.7839,-122.274 38.7749,-122.262 38.7749,-122.251 38.7749,-122.262 38.7569,-122.274 38.7568,-122.285 38.7568,-122.297 38.7659))
201807012159,5,2,
Pattern Matcher : 24
201807012224,0,2,201807012259,3,2,
boundary: POLYGON((-122.136 38.6486,-122.113 38.6306,-122.101 38.6306,-122.101 38.6125,-122.09 38.5764,-122.09 38.5674,-122.09 38.5584,-122.102 38.5584,-122.113 38.5584,-122.136 38.5584,-122.147 38.5584,-122.17 38.5674,-122.182 38.5855,-122.193 38.5945,-122.205 38.6125,-122.228 38.6215,-122.228 38.6306,-122.228 38.6396,-122.216 38.6576,-122.205 38.6667,-122.193 38.6667,-122.159 38.6667,-122.136 38.6576,-122.136 38.6486))
201807012259,5,2,
Pattern Matcher : 25
201807012224,0,2,201807012259,3,2,
boundary: POLYGON((-122.216 38.7479,-122.228 38.7569,-122.239 38.7569,-122.251 38.7569,-122.262 38.7569,-122.274 38.7568,-122.285 38.7568,-122.297 38.7659,-122.285 38.7839,-122.274 38.7749,-122.262 38.7749,-122.251 38.7749,-122.239 38.7749,-122.228 38.7749,-122.216 38.7749,-122.216 38.7659,-122.216 38.7569,-122.216 38.7479))
201807012259,5,2,
Pattern Matcher : 26
201807012318,0,2,201807012359,3,2,
boundary: POLYGON((-122.113 38.6306,-122.101 38.6306,-122.101 38.6215,-122.101 38.6125,-122.113 38.5945,-122.113 38.5854,-122.124 38.5855,-122.136 38.5855,-122.147 38.5855,-122.17 38.5855,-122.182 38.5855,-122.193 38.5945,-122.205 38.6125,-122.228 38.6215,-122.228 38.6396,-122.239 38.6757,-122.239 38.6847,-122.239 38.6937,-122.251 38.7298,-122.262 38.7388,-122.262 38.7478,-122.274 38.7839,-122.274 38.7929,-122.297 38.811,-122.308 38.82,-122.308 38.829,-122.297 38.838,-122.285 38.829,-122.274 38.829,-122.262 38.829,-122.251 38.829,-122.239 38.829,-122.228 38.82,-122.205 38.802,-122.193 38.793,-122.193 38.7839,-122.205 38.7749,-122.228 38.7479,-122.228 38.7388,-122.205 38.7208,-122.193 38.7118,-122.182 38.6937,-122.159 38.6847,-122.147 38.6847,-122.136 38.6847,-122.127 38.6847,-122.136 38.6576,-122.119 38.6512,-122.113 38.6306))
201807012359,5,2,
event stream queue is empty now!
perform 1loadshedding
eventCn 5362
#full Match 26
#high latecny (> 150)12
#NumPartialMatch 76
#NumDropedPM 0
#NumDropedInputEvents 0
avg latency: 460
expression size: 0
