consumption and contribution for event A on v1
time slice 1
1 , 2191226 , 1555208
2 , 2027423 , 1391320
3 , 1853800 , 1216813
4 , 1673394 , 1040361
5 , 1485555 , 858144
6 , 1343035 , 700867
7 , 1147068 , 515574
8 , 982712 , 347351
9 , 811784 , 174997
10 , 629193 , 0
===============================================
time slice 2
===============================================
===============================================
consumption and contribution for event B on v1
time slice 1
1 , 1490755 , 1176939
2 , 1352471 , 1039090
3 , 1211235 , 901538
4 , 1106623 , 790085
5 , 959450 , 646983
6 , 835937 , 522904
7 , 703830 , 390658
8 , 561670 , 255137
9 , 439579 , 129810
10 , 308956 , 0
===============================================
time slice 1
1 , 707622 , 1176939
2 , 658476 , 1039090
3 , 606336 , 901538
4 , 577617 , 790085
5 , 526695 , 646983
6 , 485462 , 522904
7 , 440285 , 390658
8 , 388115 , 255137
9 , 351321 , 129810
10 , 308184 , 0
===============================================
===============================================
contribution for event C on v1
time slice 1
2 , 177592 , 177592
3 , 352829 , 352829
4 , 516173 , 516173
5 , 696620 , 696620
6 , 871915 , 871915
7 , 1037684 , 1037684
8 , 1193846 , 1193846
9 , 1386081 , 1386081
10 , 1567895 , 1567895
===============================================
time slice 2
===============================================
===============================================
consumption and contribution for partial match 1
time slice 1
1 , 2191226 , 1555208
2 , 2027423 , 1391320
3 , 1853800 , 1216813
4 , 1673394 , 1040361
5 , 1485555 , 858144
6 , 1343035 , 700867
7 , 1147068 , 515574
8 , 982712 , 347351
9 , 811784 , 174997
10 , 629193 , 0
===============================================
time slice 2
===============================================
===============================================
consumption and contribution for partial match 2
time slice 1
2 , 165660 , 133770 , 0.807497
3 , 327371 , 264436 , 0.807756
4 , 480526 , 386957 , 0.805278
5 , 647063 , 522020 , 0.806753
6 , 810642 , 653882 , 0.806622
7 , 965986 , 777601 , 0.804982
8 , 1115477 , 896645 , 0.803822
9 , 1291880 , 1041632 , 0.806292
10 , 1458159 , 1176201 , 0.806634
11 , 311292 , 0 , 0
12 , 280149 , 0 , 0
13 , 248534 , 0 , 0
14 , 217564 , 0 , 0
15 , 185964 , 0 , 0
16 , 155246 , 0 , 0
17 , 123677 , 0 , 0
18 , 92549 , 0 , 0
19 , 62026 , 0 , 0
20 , 30741 , 0 , 0
===============================================
time slice 2
2 , 75073 , 43822 , 0.583725
3 , 150815 , 88393 , 0.586102
4 , 222683 , 129216 , 0.580269
5 , 299882 , 174600 , 0.582229
6 , 374195 , 218033 , 0.582672
7 , 447391 , 260083 , 0.581333
8 , 515365 , 297201 , 0.576681
9 , 592658 , 344449 , 0.581194
10 , 671184 , 391694 , 0.583587
11 , 310959 , 0 , 0
12 , 279517 , 0 , 0
13 , 247502 , 0 , 0
14 , 217083 , 0 , 0
15 , 184831 , 0 , 0
16 , 154267 , 0 , 0
17 , 123060 , 0 , 0
18 , 91801 , 0 , 0
19 , 61479 , 0 , 0
20 , 30368 , 0 , 0
===============================================
