consumption and contribution for event A on v1
time slice 1
1 , 2191226 , 1555208
2 , 2027423 , 1391320
3 , 1853800 , 1216813
4 , 1673394 , 1040361
5 , 1485555 , 858144
6 , 1343035 , 700867
7 , 1147068 , 515574
8 , 982712 , 347351
9 , 811784 , 174997
10 , 629193 , 0
===============================================
time slice 2
===============================================
time slice 3
===============================================
time slice 4
===============================================
time slice 5
===============================================
time slice 6
===============================================
time slice 7
===============================================
time slice 8
===============================================
time slice 9
===============================================
===============================================
consumption and contribution for event B on v1
time slice 1
1 , 399808 , 329838
2 , 360174 , 290605
3 , 322157 , 253130
4 , 289876 , 219593
5 , 250227 , 180906
6 , 215357 , 145642
7 , 178791 , 109164
8 , 139510 , 71230
9 , 105619 , 36819
10 , 68892 , 0
===============================================
time slice 1
1 , 362397 , 329838
2 , 328716 , 290605
3 , 291142 , 253130
4 , 265536 , 219593
5 , 229126 , 180906
6 , 199367 , 145642
7 , 167329 , 109164
8 , 130730 , 71230
9 , 101993 , 36819
10 , 68998 , 0
===============================================
time slice 1
1 , 320865 , 329838
2 , 292014 , 290605
3 , 262925 , 253130
4 , 240978 , 219593
5 , 208983 , 180906
6 , 181601 , 145642
7 , 153081 , 109164
8 , 123337 , 71230
9 , 95966 , 36819
10 , 68645 , 0
===============================================
time slice 1
1 , 283277 , 329838
2 , 257057 , 290605
3 , 233309 , 253130
4 , 215801 , 219593
5 , 186433 , 180906
6 , 165363 , 145642
7 , 140758 , 109164
8 , 115069 , 71230
9 , 92370 , 36819
10 , 68812 , 0
===============================================
time slice 1
1 , 245720 , 329838
2 , 225091 , 290605
3 , 201365 , 253130
4 , 186983 , 219593
5 , 166372 , 180906
6 , 147256 , 145642
7 , 126984 , 109164
8 , 105398 , 71230
9 , 88140 , 36819
10 , 68908 , 0
===============================================
time slice 1
1 , 205402 , 329838
2 , 189383 , 290605
3 , 172106 , 253130
4 , 161362 , 219593
5 , 144008 , 180906
6 , 129421 , 145642
7 , 114256 , 109164
8 , 97738 , 71230
9 , 83443 , 36819
10 , 68808 , 0
===============================================
time slice 1
1 , 166846 , 329838
2 , 155336 , 290605
3 , 143061 , 253130
4 , 134802 , 219593
5 , 123721 , 180906
6 , 112337 , 145642
7 , 101274 , 109164
8 , 88696 , 71230
9 , 79390 , 36819
10 , 68802 , 0
===============================================
time slice 1
1 , 127980 , 329838
2 , 119469 , 290605
3 , 111261 , 253130
4 , 107985 , 219593
5 , 100028 , 180906
6 , 95048 , 145642
7 , 88215 , 109164
8 , 80140 , 71230
9 , 75511 , 36819
10 , 68796 , 0
===============================================
time slice 1
1 , 86082 , 329838
2 , 83707 , 290605
3 , 80245 , 253130
4 , 80917 , 219593
5 , 77247 , 180906
6 , 75649 , 145642
7 , 73427 , 109164
8 , 69167 , 71230
9 , 68468 , 36819
10 , 66479 , 0
===============================================
===============================================
contribution for event C on v1
time slice 1
2 , 177592 , 177592
3 , 352829 , 352829
4 , 516173 , 516173
5 , 696620 , 696620
6 , 871915 , 871915
7 , 1037684 , 1037684
8 , 1193846 , 1193846
9 , 1386081 , 1386081
10 , 1567895 , 1567895
===============================================
time slice 2
===============================================
time slice 3
===============================================
time slice 4
===============================================
time slice 5
===============================================
time slice 6
===============================================
time slice 7
===============================================
time slice 8
===============================================
time slice 9
===============================================
===============================================
consumption and contribution for partial match 1
time slice 1
1 , 2191226 , 1555208
2 , 2027423 , 1391320
3 , 1853800 , 1216813
4 , 1673394 , 1040361
5 , 1485555 , 858144
6 , 1343035 , 700867
7 , 1147068 , 515574
8 , 982712 , 347351
9 , 811784 , 174997
10 , 629193 , 0
===============================================
time slice 2
===============================================
time slice 3
===============================================
time slice 4
===============================================
time slice 5
===============================================
time slice 6
===============================================
time slice 7
===============================================
time slice 8
===============================================
time slice 9
===============================================
===============================================
consumption and contribution for partial match 2
time slice 1
2 , 44311 , 37220 , 0.839972
3 , 88093 , 74079 , 0.840918
4 , 130439 , 109409 , 0.838775
5 , 173256 , 145483 , 0.8397
6 , 218940 , 183861 , 0.839778
7 , 257834 , 216159 , 0.838365
8 , 298972 , 250470 , 0.837771
9 , 346570 , 290995 , 0.839643
10 , 392048 , 329251 , 0.839823
11 , 69355 , 0 , 0
12 , 62267 , 0 , 0
13 , 55460 , 0 , 0
14 , 48120 , 0 , 0
15 , 41738 , 0 , 0
16 , 34324 , 0 , 0
17 , 27464 , 0 , 0
18 , 20645 , 0 , 0
19 , 13807 , 0 , 0
20 , 6768 , 0 , 0
===============================================
time slice 2
2 , 40313 , 33172 , 0.822861
3 , 79743 , 65684 , 0.823696
4 , 115797 , 95067 , 0.82098
5 , 156073 , 128388 , 0.822615
6 , 197323 , 162233 , 0.82217
7 , 235645 , 193561 , 0.821409
8 , 271184 , 222379 , 0.82003
9 , 314919 , 258891 , 0.822088
10 , 353421 , 290693 , 0.822512
11 , 69290 , 0 , 0
12 , 62408 , 0 , 0
13 , 55744 , 0 , 0
14 , 48556 , 0 , 0
15 , 41276 , 0 , 0
16 , 34691 , 0 , 0
17 , 27715 , 0 , 0
18 , 20409 , 0 , 0
19 , 13994 , 0 , 0
20 , 6833 , 0 , 0
===============================================
time slice 3
2 , 35750 , 28705 , 0.802937
3 , 70500 , 56561 , 0.802284
4 , 103481 , 82739 , 0.799557
5 , 140508 , 112548 , 0.801008
6 , 174363 , 139586 , 0.800548
7 , 209390 , 167276 , 0.798873
8 , 240808 , 192027 , 0.797428
9 , 278643 , 223005 , 0.800325
10 , 314955 , 252207 , 0.800772
11 , 69051 , 0 , 0
12 , 62656 , 0 , 0
13 , 55263 , 0 , 0
14 , 48372 , 0 , 0
15 , 41170 , 0 , 0
16 , 34449 , 0 , 0
17 , 27730 , 0 , 0
18 , 20728 , 0 , 0
19 , 13657 , 0 , 0
20 , 6921 , 0 , 0
===============================================
time slice 4
2 , 31717 , 24577 , 0.774884
3 , 61595 , 47570 , 0.772303
4 , 90911 , 70044 , 0.770468
5 , 123641 , 95693 , 0.773958
6 , 153215 , 118386 , 0.772679
7 , 182673 , 140754 , 0.770524
8 , 211900 , 162978 , 0.769127
9 , 245284 , 189486 , 0.772517
10 , 276661 , 213693 , 0.7724
11 , 69550 , 0 , 0
12 , 62445 , 0 , 0
13 , 54934 , 0 , 0
14 , 48655 , 0 , 0
15 , 41529 , 0 , 0
16 , 34647 , 0 , 0
17 , 27463 , 0 , 0
18 , 20766 , 0 , 0
19 , 13772 , 0 , 0
20 , 6891 , 0 , 0
===============================================
time slice 5
2 , 26726 , 19663 , 0.735726
3 , 53131 , 39274 , 0.739192
4 , 78308 , 57345 , 0.732301
5 , 105923 , 77827 , 0.734751
6 , 131696 , 96878 , 0.735618
7 , 158832 , 116521 , 0.733612
8 , 180718 , 132296 , 0.732058
9 , 209085 , 153486 , 0.734084
10 , 237206 , 174571 , 0.735947
11 , 69613 , 0 , 0
12 , 62206 , 0 , 0
13 , 55550 , 0 , 0
14 , 48624 , 0 , 0
15 , 41099 , 0 , 0
16 , 34700 , 0 , 0
17 , 27610 , 0 , 0
18 , 20522 , 0 , 0
19 , 13831 , 0 , 0
20 , 6837 , 0 , 0
===============================================
time slice 6
2 , 21410 , 14604 , 0.682111
3 , 44466 , 30468 , 0.685198
4 , 66144 , 45186 , 0.683146
5 , 87985 , 60123 , 0.683332
6 , 110131 , 75388 , 0.68453
7 , 130714 , 89115 , 0.681756
8 , 151983 , 103374 , 0.680168
9 , 174454 , 119025 , 0.682272
10 , 198410 , 135775 , 0.684315
11 , 69592 , 0 , 0
12 , 62629 , 0 , 0
13 , 55549 , 0 , 0
14 , 48622 , 0 , 0
15 , 41397 , 0 , 0
16 , 34161 , 0 , 0
17 , 27372 , 0 , 0
18 , 20430 , 0 , 0
19 , 13719 , 0 , 0
20 , 6759 , 0 , 0
===============================================
time slice 7
2 , 17985 , 10985 , 0.610787
3 , 35935 , 21952 , 0.610881
4 , 52520 , 31717 , 0.603903
5 , 70341 , 42664 , 0.606531
6 , 88923 , 53897 , 0.606109
7 , 106698 , 64610 , 0.605541
8 , 121948 , 73216 , 0.600387
9 , 140516 , 84963 , 0.60465
10 , 158701 , 96368 , 0.60723
11 , 69579 , 0 , 0
12 , 62721 , 0 , 0
13 , 55600 , 0 , 0
14 , 48512 , 0 , 0
15 , 41229 , 0 , 0
16 , 34673 , 0 , 0
17 , 27452 , 0 , 0
18 , 20595 , 0 , 0
19 , 13608 , 0 , 0
20 , 6729 , 0 , 0
===============================================
time slice 8
2 , 13526 , 6529 , 0.4827
3 , 27001 , 13059 , 0.483649
4 , 39677 , 18828 , 0.474532
5 , 53598 , 25648 , 0.478525
6 , 66074 , 31386 , 0.475013
7 , 78907 , 37355 , 0.473405
8 , 91831 , 43144 , 0.46982
9 , 105661 , 50300 , 0.476051
10 , 119049 , 57015 , 0.47892
11 , 69093 , 0 , 0
12 , 62062 , 0 , 0
13 , 54798 , 0 , 0
14 , 48376 , 0 , 0
15 , 41690 , 0 , 0
16 , 34613 , 0 , 0
17 , 27391 , 0 , 0
18 , 20459 , 0 , 0
19 , 13862 , 0 , 0
20 , 6765 , 0 , 0
===============================================
time slice 9
2 , 8995 , 2137 , 0.237576
3 , 17722 , 4182 , 0.235978
4 , 25932 , 5838 , 0.225127
5 , 35620 , 8246 , 0.231499
6 , 44172 , 10300 , 0.233179
7 , 52684 , 12333 , 0.234094
8 , 61498 , 13962 , 0.227032
9 , 69406 , 15930 , 0.229519
10 , 78892 , 18322 , 0.232242
11 , 67128 , 0 , 0
12 , 60272 , 0 , 0
13 , 53138 , 0 , 0
14 , 46810 , 0 , 0
15 , 39667 , 0 , 0
16 , 33255 , 0 , 0
17 , 26540 , 0 , 0
18 , 19796 , 0 , 0
19 , 13255 , 0 , 0
20 , 6606 , 0 , 0
===============================================
