c07
c07MinusC14
c07
c07MinusC14
c07
c07
c07
c07
c07MinusC14
c07MinusC14
c07MinusC14
c07MinusC14
Pattern Matcher : 1
201910240545,6,2,
boundary: POLYGON((-122.746 38.7706,-122.757 38.7706,-122.78 38.7706,-122.792 38.7706,-122.803 38.7796,-122.815 38.7796,-122.826 38.7976,-122.838 38.8066,-122.838 38.8157,-122.838 38.8247,-122.826 38.8247,-122.815 38.8157,-122.803 38.8157,-122.792 38.8157,-122.78 38.8157,-122.769 38.8157,-122.757 38.8157,-122.757 38.8067,-122.734 38.7886,-122.723 38.7796,-122.734 38.7615,-122.746 38.7706))
201910240549,3,2,
Pattern Matcher : 2
201910240545,6,2,
boundary: POLYGON((-122.884 38.8247,-122.872 38.8247,-122.861 38.8247,-122.838 38.8247,-122.826 38.8247,-122.815 38.8157,-122.803 38.8157,-122.792 38.7976,-122.78 38.7886,-122.769 38.7886,-122.757 38.7886,-122.746 38.7886,-122.734 38.7886,-122.723 38.7796,-122.734 38.7615,-122.746 38.7706,-122.757 38.7706,-122.78 38.7706,-122.792 38.7706,-122.803 38.7796,-122.815 38.7796,-122.826 38.7706,-122.838 38.7796,-122.849 38.7796,-122.861 38.7796,-122.861 38.7886,-122.884 38.8066,-122.884 38.8156,-122.884 38.8247))
201910240659,3,2,
Pattern Matcher : 3
201910240659,6,2,
boundary: POLYGON((-122.769 38.7435,-122.792 38.7435,-122.803 38.7435,-122.815 38.7525,-122.826 38.7525,-122.838 38.7525,-122.849 38.7525,-122.861 38.7525,-122.872 38.7525,-122.872 38.7615,-122.895 38.7795,-122.907 38.7886,-122.907 38.7976,-122.895 38.8066,-122.884 38.8247,-122.872 38.8247,-122.861 38.8247,-122.838 38.8247,-122.826 38.8247,-122.815 38.8157,-122.803 38.8157,-122.792 38.7976,-122.78 38.7886,-122.769 38.7886,-122.757 38.7886,-122.746 38.7886,-122.734 38.7886,-122.723 38.7796,-122.734 38.7615,-122.746 38.7435,-122.757 38.7435,-122.769 38.7435))
201910240659,3,2,
Pattern Matcher : 4
201910240659,6,2,
boundary: POLYGON((-122.907 38.7976,-122.895 38.8066,-122.884 38.7976,-122.872 38.7976,-122.849 38.7976,-122.838 38.7976,-122.826 38.7886,-122.815 38.7886,-122.803 38.7976,-122.792 38.7976,-122.78 38.7886,-122.769 38.7886,-122.746 38.7616,-122.746 38.7525,-122.746 38.7435,-122.757 38.7435,-122.769 38.7435,-122.792 38.7435,-122.803 38.7435,-122.815 38.7525,-122.826 38.7525,-122.838 38.7525,-122.849 38.7525,-122.861 38.7525,-122.872 38.7525,-122.872 38.7615,-122.895 38.7795,-122.907 38.7886,-122.907 38.7976))
201910240751,3,2,
Pattern Matcher : 5
201910240747,6,2,
boundary: POLYGON((-122.838 38.7255,-122.849 38.7254,-122.861 38.7254,-122.872 38.7254,-122.884 38.7254,-122.884 38.7344,-122.907 38.7525,-122.918 38.7615,-122.918 38.7705,-122.907 38.7886,-122.907 38.7976,-122.895 38.8066,-122.884 38.7976,-122.872 38.7976,-122.849 38.7976,-122.838 38.7976,-122.826 38.7886,-122.815 38.7886,-122.803 38.7976,-122.792 38.7976,-122.78 38.7886,-122.769 38.7886,-122.746 38.7616,-122.746 38.7525,-122.746 38.7435,-122.757 38.7255,-122.757 38.7164,-122.769 38.7164,-122.78 38.7164,-122.792 38.7255,-122.815 38.7164,-122.826 38.7255,-122.838 38.7255))
201910240751,3,2,
Pattern Matcher : 6
201910240747,6,2,
boundary: POLYGON((-122.838 38.7255,-122.849 38.7254,-122.861 38.7254,-122.872 38.7254,-122.884 38.7254,-122.884 38.7344,-122.907 38.7525,-122.918 38.7615,-122.918 38.7705,-122.907 38.7886,-122.907 38.7976,-122.895 38.8066,-122.884 38.7976,-122.872 38.7976,-122.849 38.7976,-122.838 38.7976,-122.826 38.7886,-122.815 38.7886,-122.803 38.7976,-122.792 38.7976,-122.78 38.7886,-122.769 38.7886,-122.746 38.7616,-122.746 38.7525,-122.746 38.7435,-122.757 38.7255,-122.757 38.7164,-122.769 38.7164,-122.78 38.7164,-122.792 38.7255,-122.815 38.7164,-122.826 38.7255,-122.838 38.7255))
201910240852,3,2,
Pattern Matcher : 7
201910240849,6,2,
boundary: POLYGON((-122.769 38.7164,-122.78 38.7164,-122.792 38.7255,-122.815 38.7164,-122.826 38.7255,-122.838 38.7255,-122.849 38.7254,-122.861 38.7254,-122.872 38.7254,-122.884 38.7254,-122.884 38.7344,-122.907 38.7525,-122.918 38.7615,-122.918 38.7705,-122.907 38.7886,-122.907 38.7976,-122.895 38.8066,-122.884 38.7976,-122.872 38.7976,-122.849 38.7976,-122.838 38.7976,-122.826 38.7886,-122.815 38.7886,-122.803 38.7976,-122.792 38.7976,-122.78 38.7886,-122.769 38.7886,-122.746 38.7616,-122.746 38.7525,-122.746 38.7435,-122.757 38.7255,-122.757 38.7164,-122.769 38.7164))
201910240852,3,2,
Pattern Matcher : 8
201910240849,6,2,
boundary: POLYGON((-122.769 38.7164,-122.78 38.7164,-122.792 38.7255,-122.815 38.7164,-122.826 38.7255,-122.838 38.7255,-122.849 38.7254,-122.861 38.7254,-122.872 38.7254,-122.884 38.7254,-122.884 38.7344,-122.884 38.7435,-122.895 38.7795,-122.907 38.7886,-122.907 38.7976,-122.895 38.8066,-122.884 38.7976,-122.872 38.7976,-122.849 38.7976,-122.838 38.7976,-122.826 38.7886,-122.815 38.7886,-122.803 38.7706,-122.792 38.7616,-122.78 38.7616,-122.769 38.7706,-122.757 38.7616,-122.746 38.7616,-122.746 38.7525,-122.746 38.7435,-122.757 38.7255,-122.757 38.7164,-122.769 38.7164))
201910240944,3,2,
Pattern Matcher : 9
201910240940,6,2,
boundary: POLYGON((-122.884 38.7254,-122.884 38.7344,-122.884 38.7435,-122.895 38.7795,-122.907 38.7886,-122.907 38.7976,-122.895 38.8066,-122.884 38.7976,-122.872 38.7976,-122.849 38.7976,-122.838 38.7976,-122.826 38.7886,-122.815 38.7886,-122.803 38.7706,-122.792 38.7616,-122.78 38.7616,-122.769 38.7706,-122.757 38.7616,-122.746 38.7616,-122.746 38.7525,-122.746 38.7435,-122.757 38.7255,-122.757 38.7164,-122.769 38.7164,-122.78 38.7164,-122.792 38.7255,-122.815 38.7164,-122.826 38.7255,-122.838 38.7255,-122.849 38.7254,-122.861 38.7254,-122.872 38.7254,-122.884 38.7254))
201910240944,3,2,
Pattern Matcher : 10
201910240940,6,2,
boundary: POLYGON((-122.826 38.7255,-122.838 38.7255,-122.838 38.7345,-122.861 38.7525,-122.872 38.7525,-122.872 38.7615,-122.872 38.7705,-122.861 38.7705,-122.849 38.7706,-122.838 38.7706,-122.815 38.7706,-122.803 38.7706,-122.792 38.7616,-122.78 38.7435,-122.769 38.7345,-122.757 38.7345,-122.757 38.7255,-122.757 38.7164,-122.769 38.7164,-122.78 38.7164,-122.792 38.7255,-122.815 38.7164,-122.826 38.7255))
201910241039,3,2,
Pattern Matcher : 11
201910241033,6,2,
boundary: POLYGON((-122.826 38.7255,-122.838 38.7255,-122.838 38.7345,-122.861 38.7525,-122.872 38.7525,-122.872 38.7615,-122.872 38.7705,-122.861 38.7705,-122.849 38.7706,-122.838 38.7706,-122.815 38.7706,-122.803 38.7706,-122.792 38.7616,-122.78 38.7435,-122.769 38.7345,-122.757 38.7345,-122.757 38.7255,-122.757 38.7164,-122.769 38.7164,-122.78 38.7164,-122.792 38.7255,-122.815 38.7164,-122.826 38.7255))
201910241039,3,2,
Pattern Matcher : 12
201910241146,6,2,
boundary: POLYGON((-122.792 38.6894,-122.826 38.6894,-122.849 38.6984,-122.849 38.7074,-122.872 38.7254,-122.884 38.7254,-122.884 38.7344,-122.884 38.7435,-122.872 38.7615,-122.872 38.7705,-122.861 38.7886,-122.849 38.7976,-122.838 38.7976,-122.826 38.7886,-122.815 38.7886,-122.803 38.7976,-122.792 38.7976,-122.78 38.7886,-122.769 38.7886,-122.78 38.7706,-122.78 38.7435,-122.769 38.7345,-122.757 38.7345,-122.757 38.7255,-122.757 38.7164,-122.769 38.6984,-122.78 38.6894,-122.792 38.6894))
201910241155,3,2,
Pattern Matcher : 13
201910241146,6,2,
boundary: POLYGON((-122.792 38.6894,-122.826 38.6894,-122.849 38.6984,-122.849 38.7074,-122.872 38.7254,-122.884 38.7254,-122.884 38.7344,-122.884 38.7435,-122.872 38.7615,-122.872 38.7705,-122.861 38.7886,-122.849 38.7976,-122.838 38.7976,-122.826 38.7886,-122.815 38.7886,-122.803 38.7976,-122.792 38.7976,-122.78 38.7886,-122.769 38.7886,-122.78 38.7706,-122.78 38.7435,-122.769 38.7345,-122.757 38.7345,-122.757 38.7255,-122.757 38.7164,-122.769 38.6984,-122.78 38.6894,-122.792 38.6894))
201910241248,3,2,
Pattern Matcher : 14
201910241244,6,2,
boundary: POLYGON((-122.849 38.7074,-122.872 38.7254,-122.884 38.7254,-122.884 38.7344,-122.884 38.7435,-122.872 38.7615,-122.872 38.7705,-122.861 38.7886,-122.849 38.7976,-122.838 38.7976,-122.826 38.7886,-122.815 38.7886,-122.803 38.7976,-122.792 38.7976,-122.78 38.7886,-122.769 38.7886,-122.78 38.7706,-122.78 38.7435,-122.769 38.7345,-122.757 38.7345,-122.757 38.7255,-122.757 38.7164,-122.769 38.6984,-122.78 38.6894,-122.792 38.6894,-122.826 38.6894,-122.849 38.6984,-122.849 38.7074))
201910241248,3,2,
Pattern Matcher : 15
201910241244,6,2,
boundary: POLYGON((-122.803 38.6623,-122.826 38.6713,-122.849 38.6984,-122.861 38.6984,-122.872 38.6984,-122.883 38.6984,-122.895 38.7074,-122.918 38.7254,-122.93 38.7344,-122.93 38.7434,-122.93 38.7524,-122.918 38.7525,-122.907 38.7434,-122.895 38.7435,-122.872 38.7615,-122.872 38.7705,-122.861 38.7886,-122.849 38.7976,-122.838 38.7976,-122.826 38.7886,-122.815 38.7886,-122.803 38.7706,-122.792 38.7616,-122.78 38.7435,-122.769 38.7345,-122.757 38.7345,-122.757 38.7255,-122.757 38.7164,-122.747 38.6855,-122.757 38.6894,-122.78 38.6804,-122.792 38.6623,-122.803 38.6623))
201910241359,3,2,
Pattern Matcher : 16
201910241357,6,2,
boundary: POLYGON((-122.757 38.6623,-122.769 38.6623,-122.792 38.6623,-122.803 38.6623,-122.837 38.6623,-122.86 38.6713,-122.872 38.6803,-122.883 38.6984,-122.895 38.7074,-122.918 38.7254,-122.93 38.7344,-122.93 38.7434,-122.93 38.7524,-122.918 38.7525,-122.907 38.7434,-122.895 38.7435,-122.872 38.7615,-122.872 38.7705,-122.861 38.7886,-122.849 38.7976,-122.838 38.7976,-122.826 38.7886,-122.815 38.7886,-122.803 38.7706,-122.792 38.7616,-122.78 38.7435,-122.769 38.7345,-122.757 38.7345,-122.757 38.7255,-122.757 38.7164,-122.746 38.6804,-122.734 38.6713,-122.746 38.6623,-122.757 38.6623))
201910241359,3,2,
Pattern Matcher : 17
201910241357,6,2,
boundary: POLYGON((-122.826 38.7886,-122.815 38.7886,-122.803 38.7976,-122.792 38.7976,-122.78 38.7886,-122.769 38.7886,-122.78 38.7706,-122.78 38.7435,-122.769 38.7345,-122.757 38.7345,-122.757 38.7255,-122.757 38.7164,-122.769 38.6984,-122.78 38.6894,-122.792 38.6894,-122.826 38.6894,-122.849 38.6984,-122.849 38.7074,-122.872 38.7254,-122.884 38.7254,-122.884 38.7344,-122.884 38.7435,-122.872 38.7435,-122.861 38.7796,-122.861 38.7886,-122.849 38.7976,-122.838 38.7976,-122.826 38.7886))
201910241459,3,2,
Pattern Matcher : 18
201910241458,6,2,
boundary: POLYGON((-122.78 38.7886,-122.769 38.7886,-122.78 38.7706,-122.78 38.7435,-122.769 38.7345,-122.757 38.7345,-122.757 38.7255,-122.757 38.7164,-122.769 38.6984,-122.78 38.6894,-122.792 38.6894,-122.826 38.6894,-122.849 38.6984,-122.849 38.7074,-122.872 38.7254,-122.884 38.7254,-122.884 38.7344,-122.884 38.7435,-122.872 38.7435,-122.861 38.7796,-122.861 38.7886,-122.849 38.7976,-122.838 38.7976,-122.826 38.7886,-122.815 38.7886,-122.803 38.7976,-122.792 38.7976,-122.78 38.7886))
201910241459,3,2,
Pattern Matcher : 19
201910241458,6,2,
boundary: POLYGON((-122.826 38.6894,-122.849 38.6984,-122.849 38.7074,-122.849 38.7164,-122.838 38.7345,-122.838 38.7435,-122.849 38.7796,-122.861 38.7796,-122.861 38.7886,-122.849 38.7976,-122.838 38.7976,-122.826 38.7886,-122.815 38.7886,-122.803 38.7706,-122.792 38.7616,-122.792 38.7525,-122.792 38.7435,-122.803 38.7255,-122.815 38.7074,-122.815 38.6984,-122.826 38.6894))
201910241559,3,2,
Pattern Matcher : 20
201910241559,6,2,
boundary: POLYGON((-122.849 38.7074,-122.849 38.7164,-122.838 38.7345,-122.838 38.7435,-122.849 38.7796,-122.861 38.7796,-122.861 38.7886,-122.849 38.7976,-122.838 38.7976,-122.826 38.7886,-122.815 38.7886,-122.803 38.7706,-122.792 38.7616,-122.792 38.7525,-122.792 38.7435,-122.803 38.7255,-122.815 38.7074,-122.815 38.6984,-122.826 38.6894,-122.849 38.6984,-122.849 38.7074))
201910241559,3,2,
Pattern Matcher : 21
201910241559,6,2,
boundary: POLYGON((-122.826 38.7886,-122.815 38.7886,-122.826 38.7706,-122.838 38.7796,-122.849 38.7796,-122.861 38.7796,-122.861 38.7886,-122.849 38.7976,-122.838 38.7976,-122.826 38.7886))
201910241659,3,2,
Pattern Matcher : 22
201910241659,6,2,
boundary: POLYGON((-122.838 38.7796,-122.849 38.7796,-122.861 38.7796,-122.861 38.7886,-122.849 38.7976,-122.838 38.7976,-122.826 38.7886,-122.815 38.7886,-122.826 38.7706,-122.838 38.7796))
201910241659,3,2,
Pattern Matcher : 23
201910241659,6,2,
boundary: POLYGON((-122.746 38.7435,-122.757 38.7435,-122.769 38.7435,-122.792 38.7435,-122.803 38.7435,-122.815 38.7525,-122.826 38.7525,-122.826 38.7615,-122.849 38.7796,-122.861 38.7796,-122.861 38.7886,-122.849 38.7976,-122.838 38.7976,-122.826 38.7886,-122.815 38.7886,-122.803 38.7706,-122.792 38.7616,-122.78 38.7616,-122.769 38.7706,-122.757 38.7616,-122.746 38.7616,-122.746 38.7525,-122.746 38.7435))
201910241759,3,2,
Pattern Matcher : 24
201910241759,6,2,
boundary: POLYGON((-122.746 38.7435,-122.757 38.7435,-122.769 38.7435,-122.792 38.7435,-122.803 38.7435,-122.815 38.7525,-122.826 38.7525,-122.826 38.7615,-122.849 38.7796,-122.861 38.7796,-122.861 38.7886,-122.849 38.7976,-122.838 38.7976,-122.826 38.7886,-122.815 38.7886,-122.803 38.7706,-122.792 38.7616,-122.78 38.7616,-122.769 38.7706,-122.757 38.7616,-122.746 38.7616,-122.746 38.7525,-122.746 38.7435))
201910241759,3,2,
Pattern Matcher : 25
201910241759,6,2,
boundary: POLYGON((-122.644 37.9043,-122.632 37.9043,-122.632 37.9043,-122.644 37.9043,-122.644 37.9043))
201910241859,3,2,
Pattern Matcher : 26
201910241859,6,2,
boundary: POLYGON((-122.655 37.8863,-122.655 37.8953,-122.644 37.9043,-122.632 37.9043,-122.621 37.8953,-122.621 37.8863,-122.621 37.8773,-122.632 37.8773,-122.655 37.8863))
201910241859,3,2,
Pattern Matcher : 27
201910241759,6,2,
boundary: POLYGON((-122.78 38.7886,-122.769 38.7886,-122.746 38.7616,-122.746 38.7525,-122.746 38.7435,-122.757 38.7255,-122.757 38.7164,-122.769 38.7164,-122.78 38.7164,-122.792 38.7255,-122.815 38.7164,-122.826 38.7255,-122.838 38.7255,-122.838 38.7345,-122.838 38.7435,-122.849 38.7796,-122.861 38.7796,-122.861 38.7886,-122.849 38.7976,-122.838 38.7976,-122.826 38.7886,-122.815 38.7886,-122.803 38.7976,-122.792 38.7976,-122.78 38.7886))
201910241859,3,2,
Pattern Matcher : 28
201910241859,6,2,
boundary: POLYGON((-122.826 38.7255,-122.838 38.7255,-122.838 38.7345,-122.838 38.7435,-122.849 38.7796,-122.861 38.7796,-122.861 38.7886,-122.849 38.7976,-122.838 38.7976,-122.826 38.7886,-122.815 38.7886,-122.803 38.7976,-122.792 38.7976,-122.78 38.7886,-122.769 38.7886,-122.746 38.7616,-122.746 38.7525,-122.746 38.7435,-122.757 38.7255,-122.757 38.7164,-122.769 38.7164,-122.78 38.7164,-122.792 38.7255,-122.815 38.7164,-122.826 38.7255))
201910241859,3,2,
Pattern Matcher : 29
201910241759,6,2,
boundary: POLYGON((-122.511 39.9971,-122.499 39.9881,-122.487 39.9881,-122.476 39.988,-122.464 39.988,-122.452 39.988,-122.441 39.9879,-122.429 39.9879,-122.441 39.9699,-122.452 39.9699,-122.464 39.97,-122.476 39.97,-122.499 39.952,-122.499 39.943,-122.511 39.943,-122.523 39.943,-122.534 39.9521,-122.534 39.9611,-122.523 39.9791,-122.523 39.9881,-122.511 39.9971))
201910241859,3,2,
Pattern Matcher : 30
201910241859,6,2,
boundary: POLYGON((-122.757 38.7164,-122.769 38.7164,-122.78 38.7164,-122.792 38.7255,-122.803 38.7435,-122.815 38.7525,-122.826 38.7525,-122.826 38.7615,-122.849 38.7796,-122.861 38.7796,-122.861 38.7886,-122.849 38.7976,-122.838 38.7976,-122.826 38.7886,-122.815 38.7886,-122.803 38.7706,-122.792 38.7616,-122.78 38.7435,-122.769 38.7345,-122.757 38.7345,-122.757 38.7255,-122.757 38.7164))
201910241959,3,2,
Pattern Matcher : 31
201910241959,6,2,
boundary: POLYGON((-122.757 38.7164,-122.769 38.7164,-122.78 38.7164,-122.792 38.7255,-122.803 38.7435,-122.815 38.7525,-122.826 38.7525,-122.826 38.7615,-122.849 38.7796,-122.861 38.7796,-122.861 38.7886,-122.849 38.7976,-122.838 38.7976,-122.826 38.7886,-122.815 38.7886,-122.803 38.7706,-122.792 38.7616,-122.78 38.7435,-122.769 38.7345,-122.757 38.7345,-122.757 38.7255,-122.757 38.7164))
201910241959,3,2,
Pattern Matcher : 32
201910241859,6,2,
boundary: POLYGON((-122.838 39.2848,-122.85 39.2938,-122.861 39.2938,-122.873 39.2938,-122.873 39.3028,-122.861 39.3209,-122.884 39.3479,-122.884 39.3569,-122.908 39.3749,-122.919 39.3839,-122.919 39.393,-122.908 39.411,-122.908 39.42,-122.896 39.4291,-122.885 39.4201,-122.873 39.4201,-122.873 39.4111,-122.873 39.402,-122.861 39.366,-122.85 39.3569,-122.85 39.3479,-122.85 39.3118,-122.838 39.3028,-122.826 39.2938,-122.838 39.2848))
201910241959,3,2,
Pattern Matcher : 33
201910241859,6,2,
boundary: POLYGON((-122.197 39.7795,-122.208 39.7796,-122.22 39.7886,-122.231 39.7887,-122.243 39.7797,-122.255 39.7888,-122.267 39.7888,-122.278 39.7889,-122.278 39.7979,-122.266 39.8069,-122.255 39.8068,-122.243 39.8068,-122.22 39.8067,-122.208 39.8066,-122.196 39.7975,-122.196 39.7885,-122.197 39.7795))
201910241959,3,2,
Pattern Matcher : 34
201910241859,6,2,
boundary: POLYGON((-122.985 39.3718,-123.001 39.3838,-123.012 39.3838,-123.012 39.3928,-123.012 39.4018,-123.001 39.4019,-122.989 39.4019,-122.977 39.4019,-122.972 39.4019,-122.977 39.3929,-122.977 39.3839,-122.985 39.3718))
201910241959,3,2,
Pattern Matcher : 35
201910241859,6,2,
boundary: POLYGON((-122.257 39.4821,-122.269 39.4912,-122.28 39.4912,-122.28 39.5002,-122.28 39.5093,-122.269 39.5092,-122.257 39.5092,-122.245 39.5001,-122.245 39.4911,-122.257 39.4821))
201910241959,3,2,
Pattern Matcher : 36
201910241959,6,2,
boundary: POLYGON((-122.826 38.8247,-122.815 38.8157,-122.803 38.8157,-122.792 38.7976,-122.78 38.7886,-122.769 38.7886,-122.78 38.7706,-122.78 38.7435,-122.769 38.7345,-122.757 38.7345,-122.757 38.7255,-122.757 38.7164,-122.769 38.7164,-122.78 38.7164,-122.792 38.7255,-122.792 38.7345,-122.792 38.7706,-122.803 38.7796,-122.815 38.7796,-122.826 38.7976,-122.838 38.8066,-122.838 38.8157,-122.838 38.8247,-122.826 38.8247))
201910242059,3,2,
Pattern Matcher : 37
201910242059,6,2,
boundary: POLYGON((-122.826 38.8247,-122.815 38.8157,-122.803 38.8157,-122.792 38.7976,-122.78 38.7886,-122.769 38.7886,-122.78 38.7706,-122.78 38.7435,-122.769 38.7345,-122.757 38.7345,-122.757 38.7255,-122.757 38.7164,-122.769 38.7164,-122.78 38.7164,-122.792 38.7255,-122.792 38.7345,-122.792 38.7706,-122.803 38.7796,-122.815 38.7796,-122.826 38.7976,-122.838 38.8066,-122.838 38.8157,-122.838 38.8247,-122.826 38.8247))
201910242059,3,2,
Pattern Matcher : 38
201910241959,6,2,
boundary: POLYGON((-123.115 39.0137,-123.115 39.0227,-123.115 39.0317,-123.113 39.0347,-123.106 39.0137,-123.115 39.0137))
201910242059,3,2,
Pattern Matcher : 39
201910241959,6,2,
boundary: POLYGON((-122.682 39.2126,-122.687 39.2036,-122.687 39.1945,-122.676 39.1585,-122.664 39.1584,-122.664 39.1494,-122.676 39.1404,-122.688 39.1404,-122.699 39.1404,-122.722 39.1404,-122.734 39.1224,-122.734 39.1134,-122.745 39.0953,-122.757 39.0953,-122.768 39.0953,-122.78 39.0954,-122.78 39.1134,-122.792 39.1495,-122.815 39.1495,-122.826 39.1495,-122.838 39.1585,-122.849 39.1585,-122.849 39.1675,-122.838 39.1765,-122.826 39.1765,-122.815 39.1675,-122.803 39.1675,-122.78 39.1405,-122.768 39.1405,-122.757 39.1495,-122.745 39.1675,-122.745 39.1946,-122.757 39.2036,-122.768 39.2036,-122.768 39.2126,-122.768 39.2216,-122.757 39.2216,-122.745 39.2216,-122.722 39.2216,-122.711 39.2216,-122.699 39.2126,-122.687 39.2126,-122.682 39.2126))
201910242059,3,2,
Pattern Matcher : 40
201910241959,6,2,
boundary: POLYGON((-123.035 39.2755,-123.046 39.2574,-123.046 39.2213,-123.035 39.2124,-123.023 39.2124,-123.035 39.1943,-123.046 39.1943,-123.058 39.2033,-123.069 39.2032,-123.069 39.2123,-123.093 39.2303,-123.093 39.2393,-123.116 39.2573,-123.128 39.2572,-123.128 39.2753,-123.139 39.3113,-123.174 39.3022,-123.174 39.2932,-123.186 39.2751,-123.186 39.2661,-123.197 39.257,-123.209 39.266,-123.22 39.2659,-123.243 39.2658,-123.255 39.2478,-123.255 39.2387,-123.266 39.2206,-123.278 39.2116,-123.289 39.2205,-123.301 39.2205,-123.324 39.2023,-123.324 39.1933,-123.332 39.1813,-123.347 39.1932,-123.359 39.2022,-123.362 39.2067,-123.359 39.2112,-123.359 39.2202,-123.347 39.2383,-123.336 39.2564,-123.336 39.2654,-123.325 39.2835,-123.313 39.2926,-123.302 39.3107,-123.302 39.3197,-123.314 39.3558,-123.325 39.3557,-123.325 39.3647,-123.325 39.3737,-123.314 39.3738,-123.302 39.3738,-123.291 39.3739,-123.279 39.3739,-123.276 39.374,-123.267 39.3469,-123.232 39.3561,-123.232 39.3651,-123.221 39.3832,-123.221 39.3922,-123.21 39.4013,-123.198 39.3923,-123.186 39.3923,-123.163 39.3924,-123.151 39.3925,-123.14 39.3835,-123.128 39.3835,-123.105 39.3565,-123.105 39.3475,-123.082 39.3295,-123.07 39.3295,-123.07 39.3205,-123.047 39.3025,-123.035 39.2935,-123.035 39.2845,-123.035 39.2755))
201910242059,3,2,
Pattern Matcher : 41
201910242059,6,2,
boundary: POLYGON((-122.271 39.1845,-122.274 39.1867,-122.265 39.1889,-122.271 39.1845))
201910242059,3,2,
Pattern Matcher : 42
201910241959,6,2,
boundary: POLYGON((-122.107 39.3821,-122.095 39.3911,-122.083 39.4181,-122.083 39.4271,-122.083 39.4361,-122.072 39.436,-122.06 39.436,-122.048 39.4359,-122.049 39.4269,-122.049 39.4178,-122.06 39.4179,-122.072 39.3819,-122.072 39.3729,-122.072 39.3639,-122.084 39.3639,-122.096 39.364,-122.107 39.3731,-122.107 39.3821))
201910242059,3,2,
Pattern Matcher : 43
201910241959,6,2,
boundary: POLYGON((-123.37 39.6682,-123.351 39.6533,-123.339 39.6443,-123.327 39.6263,-123.316 39.6174,-123.304 39.6174,-123.315 39.5993,-123.327 39.5812,-123.327 39.5722,-123.339 39.5721,-123.35 39.5811,-123.362 39.5811,-123.362 39.5901,-123.385 39.608,-123.397 39.6079,-123.397 39.617,-123.397 39.626,-123.386 39.6441,-123.374 39.6622,-123.37 39.6682))
201910242059,3,2,
Pattern Matcher : 44
201910241959,6,2,
boundary: POLYGON((-121.484 39.837,-121.472 39.8278,-121.449 39.8276,-121.437 39.8184,-121.426 39.8183,-121.426 39.8093,-121.426 39.8003,-121.438 39.8004,-121.45 39.7644,-121.447 39.7599,-121.45 39.7554,-121.45 39.7464,-121.462 39.7285,-121.462 39.7195,-121.474 39.7196,-121.486 39.7288,-121.497 39.7289,-121.509 39.729,-121.521 39.7291,-121.532 39.7293,-121.544 39.7294,-121.544 39.7384,-121.544 39.7474,-121.532 39.7653,-121.531 39.7744,-121.52 39.7742,-121.508 39.7741,-121.496 39.774,-121.473 39.7918,-121.461 39.8097,-121.484 39.837))
201910242059,3,2,
Pattern Matcher : 45
201910242059,6,2,
boundary: POLYGON((-122.939 38.7867,-122.93 38.8156,-122.93 38.8246,-122.93 38.8336,-122.918 38.8336,-122.907 38.8246,-122.895 38.8247,-122.884 38.8247,-122.872 38.8247,-122.861 38.8247,-122.849 38.8157,-122.838 38.7976,-122.826 38.7886,-122.815 38.7886,-122.803 38.7706,-122.792 38.7616,-122.78 38.7435,-122.769 38.7345,-122.757 38.7345,-122.757 38.7255,-122.757 38.7164,-122.769 38.7164,-122.78 38.7164,-122.792 38.7255,-122.803 38.7435,-122.815 38.7525,-122.826 38.7525,-122.838 38.7525,-122.849 38.7525,-122.861 38.7525,-122.872 38.7525,-122.872 38.7615,-122.895 38.7795,-122.918 38.7795,-122.93 38.7795,-122.939 38.7867))
201910242159,3,2,
Pattern Matcher : 46
201910242159,6,2,
boundary: POLYGON((-122.838 38.7976,-122.826 38.7886,-122.815 38.7886,-122.803 38.7706,-122.792 38.7616,-122.78 38.7435,-122.769 38.7345,-122.757 38.7345,-122.757 38.7255,-122.757 38.7164,-122.769 38.7164,-122.78 38.7164,-122.792 38.7255,-122.803 38.7435,-122.815 38.7525,-122.826 38.7525,-122.838 38.7525,-122.849 38.7525,-122.861 38.7525,-122.872 38.7525,-122.872 38.7615,-122.884 38.7705,-122.884 38.7705,-122.861 38.7886,-122.849 38.7976,-122.843 38.8066,-122.838 38.7976))
201910242159,3,2,
Pattern Matcher : 47
201910242059,6,2,
boundary: POLYGON((-121.457 39.3676,-121.469 39.3677,-121.481 39.3678,-121.504 39.3681,-121.515 39.3682,-121.527 39.3774,-121.538 39.3775,-121.538 39.3865,-121.526 39.4044,-121.526 39.4134,-121.514 39.4314,-121.502 39.4493,-121.49 39.4672,-121.49 39.4762,-121.478 39.4941,-121.467 39.494,-121.455 39.4939,-121.443 39.4937,-121.432 39.4936,-121.42 39.4935,-121.409 39.4933,-121.397 39.4842,-121.409 39.4663,-121.398 39.4391,-121.387 39.4299,-121.387 39.4209,-121.399 39.412,-121.41 39.4212,-121.422 39.4213,-121.445 39.4035,-121.445 39.3945,-121.457 39.3766,-121.457 39.3676))
201910242159,3,2,
Pattern Matcher : 48
201910242159,6,2,
boundary: POLYGON((-121.492 39.368,-121.492 39.368,-121.492 39.368,-121.492 39.368,-121.492 39.368))
201910242159,3,2,
Pattern Matcher : 49
201910242059,6,2,
boundary: POLYGON((-123.407 39.4184,-123.419 39.4184,-123.43 39.4183,-123.442 39.4273,-123.454 39.4452,-123.465 39.4542,-123.477 39.4541,-123.477 39.4632,-123.501 39.4811,-123.512 39.481,-123.512 39.49,-123.512 39.499,-123.501 39.4991,-123.489 39.4992,-123.477 39.4992,-123.454 39.4994,-123.443 39.4994,-123.431 39.4905,-123.419 39.4905,-123.396 39.4636,-123.396 39.4546,-123.396 39.4456,-123.407 39.4275,-123.407 39.4184))
201910242159,3,2,
Pattern Matcher : 50
201910242159,6,2,
boundary: POLYGON((-122.838 38.7976,-122.826 38.7886,-122.815 38.7886,-122.803 38.7706,-122.792 38.7616,-122.78 38.7435,-122.769 38.7345,-122.757 38.7345,-122.757 38.7255,-122.757 38.7164,-122.769 38.7164,-122.78 38.7164,-122.792 38.7255,-122.803 38.7435,-122.815 38.7525,-122.826 38.7525,-122.838 38.7525,-122.849 38.7525,-122.861 38.7525,-122.872 38.7525,-122.872 38.7615,-122.884 38.7705,-122.884 38.7705,-122.861 38.7886,-122.849 38.7976,-122.843 38.8066,-122.838 38.7976))
201910242220,3,2,
Pattern Matcher : 51
201910242159,6,2,
boundary: POLYGON((-121.492 39.368,-121.492 39.368,-121.492 39.368,-121.492 39.368,-121.492 39.368))
201910242227,3,2,
Pattern Matcher : 52
201910242359,6,2,
boundary: POLYGON((-122.769 38.7345,-122.757 38.7345,-122.757 38.7255,-122.757 38.7164,-122.769 38.7164,-122.78 38.7164,-122.792 38.7255,-122.803 38.7435,-122.815 38.7525,-122.826 38.7525,-122.826 38.7615,-122.815 38.7706,-122.803 38.7706,-122.792 38.7616,-122.78 38.7435,-122.769 38.7345))
201910242359,3,2,
event stream queue is empty now!
perform 1loadshedding
eventCn 2597
#full Match 52
#high latecny (> 150)21
#NumPartialMatch 61
#NumDropedPM 0
#NumDropedInputEvents 0
avg latency: 480
expression size: 0
