c07
c07MinusC14
c16
c07
c07MinusC14
c16
c07
c07
c07
c07MinusC14
c07MinusC14
c07MinusC14
c07
c07MinusC14
c16
c16
c16
c16
Pattern Matcher : 1
201910240545,6,2,201910240549,3,2,
boundary: POLYGON((-122.746 38.7706,-122.757 38.7706,-122.78 38.7706,-122.792 38.7706,-122.803 38.7796,-122.815 38.7796,-122.826 38.7976,-122.838 38.8066,-122.838 38.8157,-122.838 38.8247,-122.826 38.8247,-122.815 38.8157,-122.803 38.8157,-122.792 38.8157,-122.78 38.8157,-122.769 38.8157,-122.757 38.8157,-122.757 38.8067,-122.734 38.7886,-122.723 38.7796,-122.734 38.7615,-122.746 38.7706))
201910240554,5,2,
Pattern Matcher : 2
201910240545,6,2,201910240549,3,2,
boundary: POLYGON((-122.746 38.7706,-122.757 38.7706,-122.78 38.7706,-122.792 38.7706,-122.803 38.7796,-122.815 38.7796,-122.826 38.7976,-122.838 38.8066,-122.838 38.8157,-122.838 38.8247,-122.826 38.8247,-122.815 38.8157,-122.803 38.8157,-122.792 38.8157,-122.78 38.8157,-122.769 38.8157,-122.757 38.8157,-122.757 38.8067,-122.734 38.7886,-122.723 38.7796,-122.734 38.7615,-122.746 38.7706))
201910240659,5,2,
Pattern Matcher : 3
201910240545,6,2,201910240659,3,2,
boundary: POLYGON((-122.884 38.8247,-122.872 38.8247,-122.861 38.8247,-122.838 38.8247,-122.826 38.8247,-122.815 38.8157,-122.803 38.8157,-122.792 38.7976,-122.78 38.7886,-122.769 38.7886,-122.757 38.7886,-122.746 38.7886,-122.734 38.7886,-122.723 38.7796,-122.734 38.7615,-122.746 38.7706,-122.757 38.7706,-122.78 38.7706,-122.792 38.7706,-122.803 38.7796,-122.815 38.7796,-122.826 38.7706,-122.838 38.7796,-122.849 38.7796,-122.861 38.7796,-122.861 38.7886,-122.884 38.8066,-122.884 38.8156,-122.884 38.8247))
201910240659,5,2,
Pattern Matcher : 4
201910240659,6,2,201910240659,3,2,
boundary: POLYGON((-122.769 38.7435,-122.792 38.7435,-122.803 38.7435,-122.815 38.7525,-122.826 38.7525,-122.838 38.7525,-122.849 38.7525,-122.861 38.7525,-122.872 38.7525,-122.872 38.7615,-122.895 38.7795,-122.907 38.7886,-122.907 38.7976,-122.895 38.8066,-122.884 38.8247,-122.872 38.8247,-122.861 38.8247,-122.838 38.8247,-122.826 38.8247,-122.815 38.8157,-122.803 38.8157,-122.792 38.7976,-122.78 38.7886,-122.769 38.7886,-122.757 38.7886,-122.746 38.7886,-122.734 38.7886,-122.723 38.7796,-122.734 38.7615,-122.746 38.7435,-122.757 38.7435,-122.769 38.7435))
201910240659,5,2,
Pattern Matcher : 5
201910240659,6,2,201910240659,3,2,
boundary: POLYGON((-122.769 38.7435,-122.792 38.7435,-122.803 38.7435,-122.815 38.7525,-122.826 38.7525,-122.838 38.7525,-122.849 38.7525,-122.861 38.7525,-122.872 38.7525,-122.872 38.7615,-122.895 38.7795,-122.907 38.7886,-122.907 38.7976,-122.895 38.8066,-122.884 38.8247,-122.872 38.8247,-122.861 38.8247,-122.838 38.8247,-122.826 38.8247,-122.815 38.8157,-122.803 38.8157,-122.792 38.7976,-122.78 38.7886,-122.769 38.7886,-122.757 38.7886,-122.746 38.7886,-122.734 38.7886,-122.723 38.7796,-122.734 38.7615,-122.746 38.7435,-122.757 38.7435,-122.769 38.7435))
201910240757,5,2,
Pattern Matcher : 6
201910240659,6,2,201910240751,3,2,
boundary: POLYGON((-122.907 38.7976,-122.895 38.8066,-122.884 38.7976,-122.872 38.7976,-122.849 38.7976,-122.838 38.7976,-122.826 38.7886,-122.815 38.7886,-122.803 38.7976,-122.792 38.7976,-122.78 38.7886,-122.769 38.7886,-122.746 38.7616,-122.746 38.7525,-122.746 38.7435,-122.757 38.7435,-122.769 38.7435,-122.792 38.7435,-122.803 38.7435,-122.815 38.7525,-122.826 38.7525,-122.838 38.7525,-122.849 38.7525,-122.861 38.7525,-122.872 38.7525,-122.872 38.7615,-122.895 38.7795,-122.907 38.7886,-122.907 38.7976))
201910240757,5,2,
Pattern Matcher : 7
201910240747,6,2,201910240751,3,2,
boundary: POLYGON((-122.838 38.7255,-122.849 38.7254,-122.861 38.7254,-122.872 38.7254,-122.884 38.7254,-122.884 38.7344,-122.907 38.7525,-122.918 38.7615,-122.918 38.7705,-122.907 38.7886,-122.907 38.7976,-122.895 38.8066,-122.884 38.7976,-122.872 38.7976,-122.849 38.7976,-122.838 38.7976,-122.826 38.7886,-122.815 38.7886,-122.803 38.7976,-122.792 38.7976,-122.78 38.7886,-122.769 38.7886,-122.746 38.7616,-122.746 38.7525,-122.746 38.7435,-122.757 38.7255,-122.757 38.7164,-122.769 38.7164,-122.78 38.7164,-122.792 38.7255,-122.815 38.7164,-122.826 38.7255,-122.838 38.7255))
201910240757,5,2,
Pattern Matcher : 8
201910240747,6,2,201910240751,3,2,
boundary: POLYGON((-122.838 38.7255,-122.849 38.7254,-122.861 38.7254,-122.872 38.7254,-122.884 38.7254,-122.884 38.7344,-122.907 38.7525,-122.918 38.7615,-122.918 38.7705,-122.907 38.7886,-122.907 38.7976,-122.895 38.8066,-122.884 38.7976,-122.872 38.7976,-122.849 38.7976,-122.838 38.7976,-122.826 38.7886,-122.815 38.7886,-122.803 38.7976,-122.792 38.7976,-122.78 38.7886,-122.769 38.7886,-122.746 38.7616,-122.746 38.7525,-122.746 38.7435,-122.757 38.7255,-122.757 38.7164,-122.769 38.7164,-122.78 38.7164,-122.792 38.7255,-122.815 38.7164,-122.826 38.7255,-122.838 38.7255))
201910240859,5,2,
Pattern Matcher : 9
201910240747,6,2,201910240852,3,2,
boundary: POLYGON((-122.838 38.7255,-122.849 38.7254,-122.861 38.7254,-122.872 38.7254,-122.884 38.7254,-122.884 38.7344,-122.907 38.7525,-122.918 38.7615,-122.918 38.7705,-122.907 38.7886,-122.907 38.7976,-122.895 38.8066,-122.884 38.7976,-122.872 38.7976,-122.849 38.7976,-122.838 38.7976,-122.826 38.7886,-122.815 38.7886,-122.803 38.7976,-122.792 38.7976,-122.78 38.7886,-122.769 38.7886,-122.746 38.7616,-122.746 38.7525,-122.746 38.7435,-122.757 38.7255,-122.757 38.7164,-122.769 38.7164,-122.78 38.7164,-122.792 38.7255,-122.815 38.7164,-122.826 38.7255,-122.838 38.7255))
201910240859,5,2,
Pattern Matcher : 10
201910240849,6,2,201910240852,3,2,
boundary: POLYGON((-122.769 38.7164,-122.78 38.7164,-122.792 38.7255,-122.815 38.7164,-122.826 38.7255,-122.838 38.7255,-122.849 38.7254,-122.861 38.7254,-122.872 38.7254,-122.884 38.7254,-122.884 38.7344,-122.907 38.7525,-122.918 38.7615,-122.918 38.7705,-122.907 38.7886,-122.907 38.7976,-122.895 38.8066,-122.884 38.7976,-122.872 38.7976,-122.849 38.7976,-122.838 38.7976,-122.826 38.7886,-122.815 38.7886,-122.803 38.7976,-122.792 38.7976,-122.78 38.7886,-122.769 38.7886,-122.746 38.7616,-122.746 38.7525,-122.746 38.7435,-122.757 38.7255,-122.757 38.7164,-122.769 38.7164))
201910240859,5,2,
Pattern Matcher : 11
201910240849,6,2,201910240852,3,2,
boundary: POLYGON((-122.769 38.7164,-122.78 38.7164,-122.792 38.7255,-122.815 38.7164,-122.826 38.7255,-122.838 38.7255,-122.849 38.7254,-122.861 38.7254,-122.872 38.7254,-122.884 38.7254,-122.884 38.7344,-122.907 38.7525,-122.918 38.7615,-122.918 38.7705,-122.907 38.7886,-122.907 38.7976,-122.895 38.8066,-122.884 38.7976,-122.872 38.7976,-122.849 38.7976,-122.838 38.7976,-122.826 38.7886,-122.815 38.7886,-122.803 38.7976,-122.792 38.7976,-122.78 38.7886,-122.769 38.7886,-122.746 38.7616,-122.746 38.7525,-122.746 38.7435,-122.757 38.7255,-122.757 38.7164,-122.769 38.7164))
201910240959,5,2,
Pattern Matcher : 12
201910240849,6,2,201910240944,3,2,
boundary: POLYGON((-122.769 38.7164,-122.78 38.7164,-122.792 38.7255,-122.815 38.7164,-122.826 38.7255,-122.838 38.7255,-122.849 38.7254,-122.861 38.7254,-122.872 38.7254,-122.884 38.7254,-122.884 38.7344,-122.884 38.7435,-122.895 38.7795,-122.907 38.7886,-122.907 38.7976,-122.895 38.8066,-122.884 38.7976,-122.872 38.7976,-122.849 38.7976,-122.838 38.7976,-122.826 38.7886,-122.815 38.7886,-122.803 38.7706,-122.792 38.7616,-122.78 38.7616,-122.769 38.7706,-122.757 38.7616,-122.746 38.7616,-122.746 38.7525,-122.746 38.7435,-122.757 38.7255,-122.757 38.7164,-122.769 38.7164))
201910240959,5,2,
Pattern Matcher : 13
201910240940,6,2,201910240944,3,2,
boundary: POLYGON((-122.884 38.7254,-122.884 38.7344,-122.884 38.7435,-122.895 38.7795,-122.907 38.7886,-122.907 38.7976,-122.895 38.8066,-122.884 38.7976,-122.872 38.7976,-122.849 38.7976,-122.838 38.7976,-122.826 38.7886,-122.815 38.7886,-122.803 38.7706,-122.792 38.7616,-122.78 38.7616,-122.769 38.7706,-122.757 38.7616,-122.746 38.7616,-122.746 38.7525,-122.746 38.7435,-122.757 38.7255,-122.757 38.7164,-122.769 38.7164,-122.78 38.7164,-122.792 38.7255,-122.815 38.7164,-122.826 38.7255,-122.838 38.7255,-122.849 38.7254,-122.861 38.7254,-122.872 38.7254,-122.884 38.7254))
201910240959,5,2,
Pattern Matcher : 14
201910240940,6,2,201910240944,3,2,
boundary: POLYGON((-122.884 38.7254,-122.884 38.7344,-122.884 38.7435,-122.895 38.7795,-122.907 38.7886,-122.907 38.7976,-122.895 38.8066,-122.884 38.7976,-122.872 38.7976,-122.849 38.7976,-122.838 38.7976,-122.826 38.7886,-122.815 38.7886,-122.803 38.7706,-122.792 38.7616,-122.78 38.7616,-122.769 38.7706,-122.757 38.7616,-122.746 38.7616,-122.746 38.7525,-122.746 38.7435,-122.757 38.7255,-122.757 38.7164,-122.769 38.7164,-122.78 38.7164,-122.792 38.7255,-122.815 38.7164,-122.826 38.7255,-122.838 38.7255,-122.849 38.7254,-122.861 38.7254,-122.872 38.7254,-122.884 38.7254))
201910241059,5,2,
Pattern Matcher : 15
201910240940,6,2,201910241039,3,2,
boundary: POLYGON((-122.826 38.7255,-122.838 38.7255,-122.838 38.7345,-122.861 38.7525,-122.872 38.7525,-122.872 38.7615,-122.872 38.7705,-122.861 38.7705,-122.849 38.7706,-122.838 38.7706,-122.815 38.7706,-122.803 38.7706,-122.792 38.7616,-122.78 38.7435,-122.769 38.7345,-122.757 38.7345,-122.757 38.7255,-122.757 38.7164,-122.769 38.7164,-122.78 38.7164,-122.792 38.7255,-122.815 38.7164,-122.826 38.7255))
201910241059,5,2,
Pattern Matcher : 16
201910241033,6,2,201910241039,3,2,
boundary: POLYGON((-122.826 38.7255,-122.838 38.7255,-122.838 38.7345,-122.861 38.7525,-122.872 38.7525,-122.872 38.7615,-122.872 38.7705,-122.861 38.7705,-122.849 38.7706,-122.838 38.7706,-122.815 38.7706,-122.803 38.7706,-122.792 38.7616,-122.78 38.7435,-122.769 38.7345,-122.757 38.7345,-122.757 38.7255,-122.757 38.7164,-122.769 38.7164,-122.78 38.7164,-122.792 38.7255,-122.815 38.7164,-122.826 38.7255))
201910241059,5,2,
Pattern Matcher : 17
201910241146,6,2,201910241155,3,2,
boundary: POLYGON((-122.806 38.6894,-122.804 38.6959,-122.803 38.6984,-122.804 38.6997,-122.815 38.7164,-122.824 38.7241,-122.826 38.7255,-122.838 38.7255,-122.838 38.7345,-122.838 38.7435,-122.833 38.7435,-122.826 38.7435,-122.815 38.7435,-122.805 38.7356,-122.803 38.7345,-122.802 38.7326,-122.792 38.7164,-122.78 38.7078,-122.78 38.7074,-122.78 38.7074,-122.78 38.7074,-122.769 38.7074,-122.763 38.7074,-122.769 38.6984,-122.78 38.6894,-122.806 38.6894))
201910241259,5,2,
Pattern Matcher : 18
201910241146,6,2,201910241248,3,2,
boundary: POLYGON((-122.806 38.6894,-122.804 38.6959,-122.803 38.6984,-122.804 38.6997,-122.815 38.7164,-122.824 38.7241,-122.826 38.7255,-122.838 38.7255,-122.838 38.7345,-122.838 38.7435,-122.833 38.7435,-122.826 38.7435,-122.815 38.7435,-122.805 38.7356,-122.803 38.7345,-122.802 38.7326,-122.792 38.7164,-122.78 38.7078,-122.78 38.7074,-122.78 38.7074,-122.78 38.7074,-122.769 38.7074,-122.763 38.7074,-122.769 38.6984,-122.78 38.6894,-122.806 38.6894))
201910241259,5,2,
Pattern Matcher : 19
201910241244,6,2,201910241248,3,2,
boundary: POLYGON((-122.806 38.6894,-122.804 38.6959,-122.803 38.6984,-122.804 38.6997,-122.815 38.7164,-122.824 38.7241,-122.826 38.7255,-122.838 38.7255,-122.838 38.7345,-122.838 38.7435,-122.833 38.7435,-122.826 38.7435,-122.815 38.7435,-122.805 38.7356,-122.803 38.7345,-122.802 38.7326,-122.792 38.7164,-122.78 38.7078,-122.78 38.7074,-122.78 38.7074,-122.78 38.7074,-122.769 38.7074,-122.763 38.7074,-122.769 38.6984,-122.78 38.6894,-122.806 38.6894))
201910241259,5,2,
Pattern Matcher : 20
201910241244,6,2,201910241248,3,2,
boundary: POLYGON((-122.849 38.7074,-122.872 38.7254,-122.884 38.7254,-122.884 38.7344,-122.884 38.7435,-122.872 38.7615,-122.872 38.7705,-122.861 38.7886,-122.849 38.7976,-122.838 38.7976,-122.826 38.7886,-122.815 38.7886,-122.803 38.7976,-122.792 38.7976,-122.78 38.7886,-122.769 38.7886,-122.78 38.7706,-122.78 38.7435,-122.769 38.7345,-122.757 38.7345,-122.757 38.7255,-122.757 38.7164,-122.769 38.6984,-122.78 38.6894,-122.792 38.6894,-122.826 38.6894,-122.849 38.6984,-122.849 38.7074))
201910241359,5,2,
Pattern Matcher : 21
201910241244,6,2,201910241359,3,2,
boundary: POLYGON((-122.803 38.6623,-122.826 38.6713,-122.849 38.6984,-122.861 38.6984,-122.872 38.6984,-122.883 38.6984,-122.895 38.7074,-122.918 38.7254,-122.93 38.7344,-122.93 38.7434,-122.93 38.7524,-122.918 38.7525,-122.907 38.7434,-122.895 38.7435,-122.872 38.7615,-122.872 38.7705,-122.861 38.7886,-122.849 38.7976,-122.838 38.7976,-122.826 38.7886,-122.815 38.7886,-122.803 38.7706,-122.792 38.7616,-122.78 38.7435,-122.769 38.7345,-122.757 38.7345,-122.757 38.7255,-122.757 38.7164,-122.747 38.6855,-122.757 38.6894,-122.78 38.6804,-122.792 38.6623,-122.803 38.6623))
201910241359,5,2,
Pattern Matcher : 22
201910241357,6,2,201910241359,3,2,
boundary: POLYGON((-122.757 38.6623,-122.769 38.6623,-122.792 38.6623,-122.803 38.6623,-122.837 38.6623,-122.86 38.6713,-122.872 38.6803,-122.883 38.6984,-122.895 38.7074,-122.918 38.7254,-122.93 38.7344,-122.93 38.7434,-122.93 38.7524,-122.918 38.7525,-122.907 38.7434,-122.895 38.7435,-122.872 38.7615,-122.872 38.7705,-122.861 38.7886,-122.849 38.7976,-122.838 38.7976,-122.826 38.7886,-122.815 38.7886,-122.803 38.7706,-122.792 38.7616,-122.78 38.7435,-122.769 38.7345,-122.757 38.7345,-122.757 38.7255,-122.757 38.7164,-122.746 38.6804,-122.734 38.6713,-122.746 38.6623,-122.757 38.6623))
201910241359,5,2,
Pattern Matcher : 23
201910241357,6,2,201910241359,3,2,
boundary: POLYGON((-122.918 38.7525,-122.907 38.7434,-122.895 38.7435,-122.872 38.7615,-122.872 38.7705,-122.861 38.7886,-122.849 38.7976,-122.838 38.7976,-122.826 38.7886,-122.815 38.7886,-122.803 38.7706,-122.792 38.7616,-122.78 38.7435,-122.769 38.7345,-122.757 38.7345,-122.757 38.7255,-122.757 38.7164,-122.746 38.6804,-122.734 38.6713,-122.746 38.6623,-122.757 38.6623,-122.769 38.6623,-122.792 38.6623,-122.803 38.6623,-122.837 38.6623,-122.86 38.6713,-122.872 38.6803,-122.883 38.6984,-122.895 38.7074,-122.918 38.7254,-122.93 38.7344,-122.93 38.7434,-122.93 38.7524,-122.918 38.7525))
201910241459,5,2,
Pattern Matcher : 24
201910241357,6,2,201910241459,3,2,
boundary: POLYGON((-122.826 38.7886,-122.815 38.7886,-122.803 38.7976,-122.792 38.7976,-122.78 38.7886,-122.769 38.7886,-122.78 38.7706,-122.78 38.7435,-122.769 38.7345,-122.757 38.7345,-122.757 38.7255,-122.757 38.7164,-122.769 38.6984,-122.78 38.6894,-122.792 38.6894,-122.826 38.6894,-122.849 38.6984,-122.849 38.7074,-122.872 38.7254,-122.884 38.7254,-122.884 38.7344,-122.884 38.7435,-122.872 38.7435,-122.861 38.7796,-122.861 38.7886,-122.849 38.7976,-122.838 38.7976,-122.826 38.7886))
201910241459,5,2,
Pattern Matcher : 25
201910241458,6,2,201910241459,3,2,
boundary: POLYGON((-122.78 38.7886,-122.769 38.7886,-122.78 38.7706,-122.78 38.7435,-122.769 38.7345,-122.757 38.7345,-122.757 38.7255,-122.757 38.7164,-122.769 38.6984,-122.78 38.6894,-122.792 38.6894,-122.826 38.6894,-122.849 38.6984,-122.849 38.7074,-122.872 38.7254,-122.884 38.7254,-122.884 38.7344,-122.884 38.7435,-122.872 38.7435,-122.861 38.7796,-122.861 38.7886,-122.849 38.7976,-122.838 38.7976,-122.826 38.7886,-122.815 38.7886,-122.803 38.7976,-122.792 38.7976,-122.78 38.7886))
201910241459,5,2,
Pattern Matcher : 26
201910241759,6,2,201910241759,3,2,
boundary: POLYGON((-122.861 38.7796,-122.861 38.7886,-122.852 38.7954,-122.849 38.7976,-122.838 38.7976,-122.826 38.7886,-122.815 38.7886,-122.803 38.7706,-122.792 38.7616,-122.78 38.7616,-122.78 38.7435,-122.78 38.7435,-122.792 38.7435,-122.803 38.7435,-122.815 38.7525,-122.826 38.7525,-122.826 38.7615,-122.849 38.7796,-122.861 38.7796))
201910241859,5,2,
Pattern Matcher : 27
201910241759,6,2,201910241859,3,2,201910241859,5,2,
Pattern Matcher : 28
201910241859,6,2,201910241859,3,2,
boundary: POLYGON((-122.655 37.8863,-122.655 37.8953,-122.644 37.9043,-122.632 37.9043,-122.621 37.8953,-122.621 37.8863,-122.621 37.8773,-122.632 37.8773,-122.655 37.8863))
201910241859,5,2,
Pattern Matcher : 29
201910241759,6,2,201910241859,3,2,
boundary: POLYGON((-122.815 38.7165,-122.824 38.7241,-122.826 38.7255,-122.838 38.7255,-122.838 38.7345,-122.838 38.7435,-122.847 38.7733,-122.849 38.7796,-122.861 38.7796,-122.861 38.7886,-122.852 38.7954,-122.849 38.7976,-122.838 38.7976,-122.826 38.7886,-122.815 38.7886,-122.803 38.7976,-122.792 38.7976,-122.781 38.7891,-122.78 38.7886,-122.78 38.7886,-122.78 38.7886,-122.769 38.7886,-122.779 38.772,-122.78 38.7706,-122.78 38.7435,-122.779 38.7428,-122.769 38.7345,-122.769 38.7345,-122.769 38.7345,-122.757 38.7345,-122.757 38.7255,-122.757 38.7254,-122.757 38.7164,-122.769 38.7164,-122.78 38.7164,-122.792 38.7255,-122.815 38.7165))
201910241859,5,2,
Pattern Matcher : 30
201910241859,6,2,201910241859,3,2,
boundary: POLYGON((-122.815 38.7165,-122.824 38.7241,-122.826 38.7255,-122.838 38.7255,-122.838 38.7345,-122.838 38.7435,-122.847 38.7733,-122.849 38.7796,-122.861 38.7796,-122.861 38.7886,-122.852 38.7954,-122.849 38.7976,-122.838 38.7976,-122.826 38.7886,-122.815 38.7886,-122.803 38.7976,-122.792 38.7976,-122.781 38.7891,-122.78 38.7886,-122.78 38.7886,-122.78 38.7886,-122.769 38.7886,-122.779 38.772,-122.78 38.7706,-122.78 38.7435,-122.779 38.7428,-122.769 38.7345,-122.769 38.7345,-122.769 38.7345,-122.757 38.7345,-122.757 38.7255,-122.757 38.7254,-122.757 38.7164,-122.769 38.7164,-122.78 38.7164,-122.792 38.7255,-122.815 38.7165))
201910241859,5,2,
Pattern Matcher : 31
201910241859,6,2,201910241859,3,2,
boundary: POLYGON((-122.655 37.8863,-122.655 37.8953,-122.644 37.9043,-122.632 37.9043,-122.621 37.8953,-122.621 37.8863,-122.621 37.8773,-122.632 37.8773,-122.655 37.8863))
201910241959,5,2,
Pattern Matcher : 32
201910241859,6,2,201910241859,3,2,
boundary: POLYGON((-122.801 38.7688,-122.792 38.7616,-122.792 38.7525,-122.792 38.7435,-122.792 38.7255,-122.815 38.7164,-122.826 38.7255,-122.838 38.7255,-122.838 38.7345,-122.838 38.7435,-122.846 38.7706,-122.838 38.7706,-122.815 38.7706,-122.803 38.7706,-122.801 38.7688))
201910241959,5,2,
Pattern Matcher : 33
201910241859,6,2,201910241959,3,2,
boundary: POLYGON((-122.838 38.7706,-122.838 38.7706,-122.815 38.7706,-122.803 38.7706,-122.801 38.7688,-122.792 38.7616,-122.792 38.7525,-122.792 38.7435,-122.792 38.7255,-122.803 38.7435,-122.815 38.7525,-122.826 38.7525,-122.826 38.7615,-122.838 38.7706))
201910241959,5,2,
Pattern Matcher : 34
201910241959,6,2,201910241959,3,2,
boundary: POLYGON((-122.838 38.7706,-122.838 38.7706,-122.815 38.7706,-122.803 38.7706,-122.801 38.7688,-122.792 38.7616,-122.792 38.7525,-122.792 38.7435,-122.792 38.7255,-122.803 38.7435,-122.815 38.7525,-122.826 38.7525,-122.826 38.7615,-122.838 38.7706))
201910241959,5,2,
event stream queue is empty now!
perform 1loadshedding
eventCn 2597
#full Match 34
#high latecny (> 150)24
#NumPartialMatch 44
#NumDropedPM 0
#NumDropedInputEvents 0
avg latency: 1378
expression size: 0
