c06
c07MinusC14
c16
c06
c07MinusC14
c16
c06
c06
c06
c07MinusC14
c07MinusC14
c07MinusC14
c06
c07MinusC14
c16
c16
c16
c16
Pattern Matcher : 1
201910240508,2,2,201910240549,3,2,
boundary: POLYGON((-122.757 38.7706,-122.78 38.7706,-122.792 38.7706,-122.803 38.7796,-122.815 38.7796,-122.826 38.7976,-122.838 38.8066,-122.838 38.8157,-122.838 38.8247,-122.826 38.8247,-122.815 38.8157,-122.803 38.8157,-122.792 38.8157,-122.78 38.8157,-122.769 38.8157,-122.757 38.8157,-122.757 38.8067,-122.734 38.7886,-122.723 38.7796,-122.734 38.7615,-122.746 38.7706,-122.757 38.7706))
201910240554,5,2,
Pattern Matcher : 2
201910240608,2,2,201910240659,3,2,
boundary: POLYGON((-122.769 38.7435,-122.792 38.7435,-122.803 38.7435,-122.815 38.7525,-122.826 38.7525,-122.826 38.7615,-122.849 38.7796,-122.861 38.7796,-122.861 38.7886,-122.849 38.7976,-122.838 38.7976,-122.826 38.7886,-122.815 38.7886,-122.803 38.7976,-122.792 38.7976,-122.78 38.7886,-122.769 38.7886,-122.746 38.7616,-122.746 38.7435,-122.757 38.7435,-122.769 38.7435))
201910240659,5,2,
Pattern Matcher : 3
201910240711,2,2,201910240751,3,2,
boundary: POLYGON((-122.838 38.7255,-122.838 38.7345,-122.861 38.7525,-122.872 38.7525,-122.872 38.7615,-122.872 38.7705,-122.861 38.7886,-122.849 38.7976,-122.838 38.7976,-122.826 38.7886,-122.815 38.7886,-122.803 38.7976,-122.792 38.7976,-122.78 38.7886,-122.769 38.7886,-122.78 38.7706,-122.792 38.7525,-122.792 38.7435,-122.803 38.7255,-122.815 38.7164,-122.826 38.7255,-122.838 38.7255))
201910240757,5,2,
Pattern Matcher : 4
201910240809,2,2,201910240852,3,2,
boundary: POLYGON((-122.838 38.7255,-122.838 38.7345,-122.861 38.7525,-122.872 38.7525,-122.872 38.7615,-122.872 38.7705,-122.861 38.7886,-122.849 38.7976,-122.838 38.7976,-122.826 38.7886,-122.815 38.7886,-122.803 38.7706,-122.792 38.7616,-122.792 38.7525,-122.792 38.7435,-122.803 38.7255,-122.815 38.7164,-122.826 38.7255,-122.838 38.7255))
201910240859,5,2,
Pattern Matcher : 5
201910240906,2,2,201910240944,3,2,
boundary: POLYGON((-122.838 38.7255,-122.838 38.7345,-122.861 38.7525,-122.872 38.7525,-122.872 38.7615,-122.872 38.7705,-122.861 38.7705,-122.849 38.7706,-122.838 38.7706,-122.815 38.7706,-122.803 38.7706,-122.792 38.7616,-122.78 38.7435,-122.769 38.7345,-122.757 38.7345,-122.757 38.7255,-122.757 38.7164,-122.769 38.7164,-122.78 38.7164,-122.792 38.7255,-122.815 38.7164,-122.826 38.7255,-122.838 38.7255))
201910240959,5,2,
Pattern Matcher : 6
201910241008,2,2,201910241039,3,2,
boundary: POLYGON((-122.826 38.7255,-122.838 38.7255,-122.838 38.7345,-122.861 38.7525,-122.872 38.7525,-122.872 38.7615,-122.872 38.7705,-122.861 38.7705,-122.849 38.7706,-122.838 38.7706,-122.815 38.7706,-122.803 38.7706,-122.792 38.7616,-122.792 38.7525,-122.792 38.7435,-122.803 38.7255,-122.815 38.7164,-122.826 38.7255))
201910241059,5,2,
Pattern Matcher : 7
201910241207,2,2,201910241248,3,2,
boundary: POLYGON((-122.806 38.6894,-122.804 38.6959,-122.803 38.6984,-122.804 38.6997,-122.815 38.7164,-122.824 38.7241,-122.826 38.7255,-122.838 38.7255,-122.838 38.7345,-122.838 38.7435,-122.833 38.7435,-122.826 38.7435,-122.815 38.7435,-122.805 38.7356,-122.803 38.7345,-122.802 38.7326,-122.792 38.7164,-122.78 38.7078,-122.78 38.7074,-122.78 38.7074,-122.78 38.7074,-122.769 38.7074,-122.769 38.6984,-122.78 38.6894,-122.806 38.6894))
201910241259,5,2,
Pattern Matcher : 8
201910241309,2,2,201910241359,3,2,
boundary: POLYGON((-122.895 38.7074,-122.895 38.7164,-122.884 38.7164,-122.872 38.7164,-122.861 38.7164,-122.838 38.7345,-122.838 38.7435,-122.826 38.7435,-122.815 38.7435,-122.803 38.7345,-122.792 38.7164,-122.78 38.7074,-122.769 38.7074,-122.769 38.6984,-122.78 38.6894,-122.792 38.6894,-122.826 38.6894,-122.849 38.6984,-122.861 38.6984,-122.872 38.6984,-122.883 38.6984,-122.895 38.7074))
201910241359,5,2,
Pattern Matcher : 9
201910241410,2,2,201910241459,3,2,
boundary: POLYGON((-122.849 38.6984,-122.849 38.7074,-122.849 38.7164,-122.838 38.7164,-122.826 38.7164,-122.815 38.7074,-122.815 38.6984,-122.826 38.6894,-122.849 38.6984))
201910241459,5,2,
Pattern Matcher : 10
201910241823,2,2,201910241859,3,2,
boundary: POLYGON((-122.632 37.8773,-122.655 37.8863,-122.655 37.8953,-122.644 37.9043,-122.632 37.9043,-122.621 37.8953,-122.621 37.8863,-122.621 37.8773,-122.632 37.8773))
201910241859,5,2,
Pattern Matcher : 11
201910241827,2,2,201910241859,3,2,
boundary: POLYGON((-122.815 38.7165,-122.824 38.7241,-122.826 38.7255,-122.838 38.7255,-122.838 38.7345,-122.838 38.7435,-122.847 38.7733,-122.849 38.7796,-122.861 38.7796,-122.861 38.7886,-122.852 38.7954,-122.849 38.7976,-122.838 38.7976,-122.826 38.7886,-122.815 38.7886,-122.803 38.7976,-122.792 38.7976,-122.781 38.7891,-122.78 38.7886,-122.78 38.7886,-122.78 38.7886,-122.769 38.7886,-122.779 38.772,-122.78 38.7706,-122.78 38.7435,-122.779 38.7428,-122.769 38.7345,-122.769 38.7345,-122.769 38.7345,-122.757 38.7345,-122.757 38.7255,-122.757 38.7254,-122.757 38.7164,-122.769 38.7164,-122.78 38.7164,-122.792 38.7255,-122.815 38.7165))
201910241859,5,2,
Pattern Matcher : 12
201910241934,2,2,201910241959,3,2,
boundary: POLYGON((-122.838 38.7706,-122.838 38.7706,-122.815 38.7706,-122.803 38.7706,-122.801 38.7688,-122.792 38.7616,-122.792 38.7525,-122.792 38.7435,-122.792 38.7255,-122.803 38.7435,-122.815 38.7525,-122.826 38.7525,-122.826 38.7615,-122.838 38.7706))
201910241959,5,2,
event stream queue is empty now!
perform 0loadshedding
eventCn 2597
#full Match 12
#high latecny (> 150)3
#NumPartialMatch 31
#NumDropedPM 0
#NumDropedInputEvents 0
avg latency: 249
expression size: 0
