c07
c07MinusC14
c16
c07
c07MinusC14
c16
c07
c07
c07
c07MinusC14
c07MinusC14
c07MinusC14
c07
c07MinusC14
c16
c16
c16
c16
Pattern Matcher : 1
201811081516,6,2,201811081528,3,2,
boundary: POLYGON((-121.421 39.8202,-121.419 39.8181,-121.419 39.8091,-121.419 39.8046,-121.419 39.8001,-121.425 39.7975,-121.43 39.7957,-121.442 39.8,-121.442 39.8001,-121.46 39.8046,-121.46 39.8091,-121.46 39.8136,-121.46 39.8181,-121.46 39.8203,-121.459 39.8226,-121.456 39.8254,-121.454 39.8271,-121.448 39.8271,-121.442 39.8271,-121.439 39.8263,-121.424 39.8226,-121.421 39.8202))
201811081544,5,2,
Pattern Matcher : 2
201811081614,6,2,201811081634,3,2,
boundary: POLYGON((-121.454 39.852,-121.448 39.8496,-121.438 39.8387,-121.424 39.8226,-121.421 39.8202,-121.419 39.8181,-121.419 39.8136,-121.419 39.8091,-121.419 39.8046,-121.419 39.8001,-121.417 39.7837,-121.415 39.7638,-121.448 39.7461,-121.454 39.7461,-121.46 39.7461,-121.466 39.7462,-121.501 39.7462,-121.512 39.7507,-121.547 39.7508,-121.565 39.7553,-121.586 39.7553,-121.576 39.7778,-121.569 39.7892,-121.565 39.7958,-121.559 39.8048,-121.554 39.816,-121.547 39.8318,-121.535 39.8587,-121.527 39.862,-121.524 39.8632,-121.512 39.8587,-121.512 39.8587,-121.512 39.8587,-121.512 39.8587,-121.501 39.8587,-121.483 39.8587,-121.477 39.8587,-121.459 39.8541,-121.454 39.852))
201811081640,5,2,
Pattern Matcher : 3
201811081816,6,2,201811081824,3,2,
boundary: POLYGON((-121.682 39.7418,-121.682 39.7463,-121.682 39.7508,-121.676 39.7598,-121.664 39.7868,-121.652 39.8093,-121.641 39.8363,-121.629 39.8543,-121.623 39.8678,-121.617 39.8678,-121.611 39.8678,-121.606 39.8678,-121.571 39.8678,-121.559 39.8633,-121.524 39.8632,-121.512 39.8587,-121.483 39.8587,-121.477 39.8587,-121.459 39.8541,-121.448 39.8496,-121.424 39.8226,-121.419 39.8181,-121.419 39.8136,-121.419 39.8001,-121.43 39.7776,-121.448 39.7461,-121.454 39.7461,-121.46 39.7461,-121.466 39.7462,-121.506 39.7237,-121.512 39.7237,-121.518 39.7237,-121.524 39.7237,-121.559 39.7238,-121.577 39.7283,-121.606 39.7283,-121.623 39.7328,-121.647 39.7328,-121.652 39.7328,-121.67 39.7373,-121.682 39.7418))
201811081832,5,2,
Pattern Matcher : 4
201811081816,6,2,201811081824,3,2,
boundary: POLYGON((-121.682 39.7418,-121.682 39.7463,-121.682 39.7508,-121.676 39.7598,-121.664 39.7868,-121.652 39.8093,-121.641 39.8363,-121.629 39.8543,-121.623 39.8678,-121.617 39.8678,-121.611 39.8678,-121.606 39.8678,-121.571 39.8678,-121.559 39.8633,-121.524 39.8632,-121.512 39.8587,-121.483 39.8587,-121.477 39.8587,-121.459 39.8541,-121.448 39.8496,-121.424 39.8226,-121.419 39.8181,-121.419 39.8136,-121.419 39.8001,-121.43 39.7776,-121.448 39.7461,-121.454 39.7461,-121.46 39.7461,-121.466 39.7462,-121.506 39.7237,-121.512 39.7237,-121.518 39.7237,-121.524 39.7237,-121.559 39.7238,-121.577 39.7283,-121.606 39.7283,-121.623 39.7328,-121.647 39.7328,-121.652 39.7328,-121.67 39.7373,-121.682 39.7418))
201811081923,5,2,
Pattern Matcher : 5
201811081816,6,2,201811081917,3,2,
boundary: POLYGON((-121.53 39.6967,-121.536 39.6967,-121.553 39.7013,-121.565 39.7013,-121.571 39.7013,-121.577 39.7013,-121.582 39.7013,-121.617 39.7013,-121.635 39.7058,-121.647 39.7103,-121.67 39.7373,-121.682 39.7418,-121.682 39.7463,-121.682 39.7508,-121.676 39.7598,-121.664 39.7868,-121.652 39.8093,-121.641 39.8363,-121.629 39.8543,-121.623 39.8678,-121.617 39.8678,-121.611 39.8678,-121.606 39.8678,-121.571 39.8678,-121.559 39.8633,-121.524 39.8632,-121.512 39.8587,-121.483 39.8587,-121.477 39.8587,-121.459 39.8541,-121.448 39.8496,-121.424 39.8226,-121.419 39.8181,-121.419 39.8136,-121.419 39.8091,-121.419 39.8046,-121.419 39.8001,-121.43 39.7776,-121.448 39.7461,-121.454 39.7461,-121.46 39.7461,-121.466 39.7462,-121.506 39.7237,-121.518 39.7012,-121.524 39.6967,-121.53 39.6967))
201811081923,5,2,
Pattern Matcher : 6
201811081913,6,2,201811081917,3,2,
boundary: POLYGON((-121.53 39.6967,-121.536 39.6967,-121.553 39.7013,-121.565 39.7013,-121.571 39.7013,-121.577 39.7013,-121.582 39.7013,-121.617 39.7013,-121.635 39.7058,-121.647 39.7103,-121.67 39.7373,-121.682 39.7418,-121.682 39.7463,-121.682 39.7508,-121.676 39.7598,-121.664 39.7868,-121.652 39.8093,-121.641 39.8363,-121.629 39.8543,-121.623 39.8678,-121.617 39.8678,-121.611 39.8678,-121.606 39.8678,-121.571 39.8678,-121.559 39.8633,-121.524 39.8632,-121.512 39.8587,-121.483 39.8587,-121.477 39.8587,-121.459 39.8541,-121.448 39.8496,-121.424 39.8226,-121.419 39.8181,-121.419 39.8136,-121.419 39.8091,-121.419 39.8046,-121.419 39.8001,-121.43 39.7776,-121.448 39.7461,-121.454 39.7461,-121.46 39.7461,-121.466 39.7462,-121.506 39.7237,-121.518 39.7012,-121.524 39.6967,-121.53 39.6967))
201811081923,5,2,
Pattern Matcher : 7
201811081913,6,2,201811081917,3,2,
boundary: POLYGON((-121.53 39.6967,-121.536 39.6967,-121.553 39.7013,-121.565 39.7013,-121.571 39.7013,-121.577 39.7013,-121.582 39.7013,-121.617 39.7013,-121.635 39.7058,-121.647 39.7103,-121.67 39.7373,-121.682 39.7418,-121.682 39.7463,-121.682 39.7508,-121.676 39.7598,-121.664 39.7868,-121.652 39.8093,-121.641 39.8363,-121.629 39.8543,-121.623 39.8678,-121.617 39.8678,-121.611 39.8678,-121.606 39.8678,-121.571 39.8678,-121.559 39.8633,-121.524 39.8632,-121.512 39.8587,-121.483 39.8587,-121.477 39.8587,-121.459 39.8541,-121.448 39.8496,-121.424 39.8226,-121.419 39.8181,-121.419 39.8136,-121.419 39.8091,-121.419 39.8046,-121.419 39.8001,-121.43 39.7776,-121.448 39.7461,-121.454 39.7461,-121.46 39.7461,-121.466 39.7462,-121.506 39.7237,-121.518 39.7012,-121.524 39.6967,-121.53 39.6967))
201811082026,5,2,
Pattern Matcher : 8
201811081913,6,2,201811082017,3,2,
boundary: POLYGON((-121.53 39.6967,-121.536 39.6967,-121.553 39.7013,-121.565 39.7013,-121.571 39.7013,-121.577 39.7013,-121.582 39.7013,-121.617 39.7013,-121.635 39.7058,-121.647 39.7103,-121.67 39.7373,-121.682 39.7418,-121.682 39.7463,-121.682 39.7508,-121.676 39.7598,-121.664 39.7868,-121.652 39.8093,-121.641 39.8363,-121.635 39.8408,-121.629 39.8408,-121.623 39.8408,-121.582 39.8588,-121.576 39.8633,-121.571 39.8678,-121.559 39.8633,-121.524 39.8632,-121.512 39.8587,-121.483 39.8587,-121.477 39.8587,-121.459 39.8541,-121.448 39.8496,-121.424 39.8226,-121.419 39.8181,-121.419 39.8001,-121.43 39.7776,-121.448 39.7461,-121.454 39.7461,-121.46 39.7461,-121.466 39.7462,-121.506 39.7237,-121.518 39.7012,-121.524 39.6967,-121.53 39.6967))
201811082026,5,2,
Pattern Matcher : 9
201811082013,6,2,201811082017,3,2,
boundary: POLYGON((-121.682 39.7103,-121.693 39.7148,-121.693 39.7193,-121.693 39.7238,-121.693 39.7283,-121.693 39.7328,-121.682 39.7508,-121.676 39.7598,-121.664 39.7868,-121.652 39.8093,-121.641 39.8363,-121.635 39.8408,-121.629 39.8408,-121.623 39.8408,-121.582 39.8588,-121.576 39.8633,-121.571 39.8678,-121.559 39.8633,-121.524 39.8632,-121.512 39.8587,-121.483 39.8587,-121.477 39.8587,-121.459 39.8541,-121.448 39.8496,-121.424 39.8226,-121.419 39.8181,-121.419 39.8001,-121.43 39.7776,-121.448 39.7461,-121.46 39.7236,-121.466 39.7192,-121.471 39.7192,-121.477 39.7192,-121.518 39.7012,-121.524 39.6967,-121.53 39.6967,-121.536 39.6967,-121.553 39.7013,-121.565 39.7013,-121.571 39.7013,-121.577 39.7013,-121.582 39.7013,-121.617 39.7013,-121.635 39.7058,-121.664 39.7058,-121.682 39.7103))
201811082026,5,2,
Pattern Matcher : 10
201811082119,6,2,201811082124,3,2,
boundary: POLYGON((-121.588 39.6743,-121.594 39.6743,-121.612 39.6788,-121.623 39.6788,-121.629 39.6788,-121.635 39.6788,-121.641 39.6788,-121.647 39.6788,-121.658 39.6833,-121.664 39.6878,-121.693 39.7148,-121.717 39.7418,-121.728 39.7463,-121.723 39.7643,-121.711 39.7868,-121.705 39.7913,-121.699 39.7913,-121.693 39.7913,-121.652 39.8093,-121.641 39.8363,-121.635 39.8408,-121.629 39.8408,-121.623 39.8408,-121.582 39.8588,-121.576 39.8633,-121.571 39.8678,-121.559 39.8633,-121.524 39.8632,-121.512 39.8587,-121.495 39.8542,-121.448 39.8271,-121.442 39.8271,-121.424 39.8226,-121.419 39.8181,-121.419 39.8001,-121.442 39.7641,-121.448 39.7461,-121.46 39.7236,-121.466 39.7192,-121.471 39.7192,-121.477 39.7192,-121.518 39.7012,-121.524 39.6967,-121.53 39.6967,-121.536 39.6967,-121.577 39.6788,-121.582 39.6743,-121.588 39.6743))
201811082136,5,2,
Pattern Matcher : 11
201811082249,6,2,201811082254,3,2,
boundary: POLYGON((-121.664 39.6878,-121.693 39.7148,-121.693 39.7193,-121.693 39.7238,-121.693 39.7328,-121.682 39.7508,-121.676 39.7598,-121.664 39.7868,-121.652 39.8093,-121.641 39.8363,-121.635 39.8408,-121.629 39.8408,-121.623 39.8408,-121.582 39.8588,-121.576 39.8633,-121.571 39.8678,-121.559 39.8633,-121.524 39.8632,-121.512 39.8587,-121.495 39.8542,-121.448 39.8271,-121.442 39.8271,-121.424 39.8226,-121.419 39.8181,-121.419 39.8001,-121.442 39.7641,-121.448 39.7461,-121.46 39.7236,-121.472 39.6967,-121.477 39.6922,-121.483 39.6922,-121.489 39.6922,-121.507 39.6967,-121.524 39.6967,-121.53 39.6967,-121.536 39.6967,-121.577 39.6788,-121.582 39.6743,-121.588 39.6743,-121.594 39.6743,-121.612 39.6788,-121.623 39.6788,-121.629 39.6788,-121.635 39.6788,-121.641 39.6788,-121.647 39.6788,-121.658 39.6833,-121.664 39.6878))
201811082259,5,2,
Pattern Matcher : 12
201811082249,6,2,201811082254,3,2,
boundary: POLYGON((-121.664 39.6878,-121.693 39.7148,-121.693 39.7193,-121.693 39.7238,-121.693 39.7328,-121.682 39.7508,-121.676 39.7598,-121.664 39.7868,-121.652 39.8093,-121.641 39.8363,-121.635 39.8408,-121.629 39.8408,-121.623 39.8408,-121.582 39.8588,-121.576 39.8633,-121.571 39.8678,-121.559 39.8633,-121.524 39.8632,-121.512 39.8587,-121.495 39.8542,-121.448 39.8271,-121.442 39.8271,-121.424 39.8226,-121.419 39.8181,-121.419 39.8001,-121.442 39.7641,-121.448 39.7461,-121.46 39.7236,-121.472 39.6967,-121.477 39.6922,-121.483 39.6922,-121.489 39.6922,-121.507 39.6967,-121.524 39.6967,-121.53 39.6967,-121.536 39.6967,-121.577 39.6788,-121.582 39.6743,-121.588 39.6743,-121.594 39.6743,-121.612 39.6788,-121.623 39.6788,-121.629 39.6788,-121.635 39.6788,-121.641 39.6788,-121.647 39.6788,-121.658 39.6833,-121.664 39.6878))
201811082359,5,2,
Pattern Matcher : 13
201811082249,6,2,201811082352,3,2,
boundary: POLYGON((-121.664 39.6878,-121.693 39.7148,-121.693 39.7193,-121.693 39.7238,-121.693 39.7283,-121.693 39.7328,-121.697 39.7741,-121.664 39.7868,-121.652 39.8093,-121.641 39.8363,-121.635 39.8408,-121.629 39.8408,-121.623 39.8408,-121.582 39.8588,-121.576 39.8633,-121.571 39.8678,-121.559 39.8633,-121.524 39.8632,-121.512 39.8587,-121.483 39.8587,-121.477 39.8587,-121.459 39.8541,-121.448 39.8496,-121.424 39.8226,-121.419 39.8181,-121.419 39.8001,-121.43 39.7956,-121.477 39.7777,-121.489 39.7552,-121.506 39.7237,-121.518 39.7012,-121.524 39.6967,-121.53 39.6967,-121.536 39.6967,-121.577 39.6788,-121.582 39.6743,-121.588 39.6743,-121.594 39.6743,-121.612 39.6788,-121.623 39.6788,-121.629 39.6788,-121.635 39.6788,-121.641 39.6788,-121.647 39.6788,-121.658 39.6833,-121.664 39.6878))
201811082359,5,2,
Pattern Matcher : 14
201811082348,6,2,201811082352,3,2,
boundary: POLYGON((-121.664 39.6878,-121.693 39.7148,-121.717 39.7418,-121.728 39.7463,-121.723 39.7643,-121.717 39.7688,-121.711 39.7688,-121.664 39.7868,-121.652 39.8093,-121.641 39.8363,-121.635 39.8408,-121.629 39.8408,-121.623 39.8408,-121.582 39.8588,-121.576 39.8633,-121.571 39.8678,-121.559 39.8633,-121.524 39.8632,-121.512 39.8587,-121.483 39.8587,-121.477 39.8587,-121.459 39.8541,-121.448 39.8496,-121.424 39.8226,-121.419 39.8181,-121.419 39.8001,-121.43 39.7956,-121.477 39.7777,-121.489 39.7552,-121.506 39.7237,-121.518 39.7012,-121.524 39.6967,-121.53 39.6967,-121.536 39.6967,-121.577 39.6788,-121.582 39.6743,-121.588 39.6743,-121.594 39.6743,-121.612 39.6788,-121.623 39.6788,-121.629 39.6788,-121.635 39.6788,-121.641 39.6788,-121.647 39.6788,-121.658 39.6833,-121.664 39.6878))
201811082359,5,2,
Pattern Matcher : 15
201811090039,6,2,201811090045,3,2,
boundary: POLYGON((-121.693 39.6833,-121.705 39.6878,-121.728 39.7148,-121.74 39.7193,-121.74 39.7238,-121.74 39.7328,-121.723 39.7643,-121.717 39.7688,-121.711 39.7688,-121.664 39.7868,-121.652 39.8093,-121.641 39.8363,-121.635 39.8408,-121.629 39.8408,-121.623 39.8408,-121.582 39.8588,-121.576 39.8633,-121.571 39.8678,-121.559 39.8633,-121.524 39.8632,-121.512 39.8587,-121.483 39.8587,-121.477 39.8587,-121.459 39.8541,-121.448 39.8496,-121.424 39.8226,-121.419 39.8181,-121.419 39.8136,-121.419 39.8091,-121.419 39.8046,-121.419 39.8001,-121.43 39.7956,-121.46 39.7416,-121.46 39.7371,-121.46 39.7326,-121.46 39.7281,-121.46 39.7236,-121.466 39.7192,-121.471 39.7192,-121.477 39.7192,-121.518 39.7012,-121.53 39.6742,-121.536 39.6697,-121.542 39.6698,-121.547 39.6698,-121.565 39.6743,-121.582 39.6743,-121.588 39.6743,-121.594 39.6743,-121.612 39.6788,-121.623 39.6788,-121.629 39.6788,-121.635 39.6788,-121.641 39.6788,-121.647 39.6788,-121.676 39.6788,-121.693 39.6833))
201811090055,5,2,
Pattern Matcher : 16
201811090039,6,2,201811090045,3,2,
boundary: POLYGON((-121.459 39.8541,-121.459 39.8541,-121.448 39.8496,-121.424 39.8226,-121.419 39.8181,-121.419 39.8136,-121.419 39.8091,-121.419 39.8046,-121.419 39.8001,-121.43 39.7956,-121.46 39.7416,-121.46 39.7371,-121.46 39.7326,-121.46 39.7281,-121.46 39.7236,-121.466 39.7192,-121.471 39.7192,-121.477 39.7192,-121.518 39.7012,-121.53 39.6742,-121.536 39.6697,-121.542 39.6698,-121.547 39.6698,-121.565 39.6743,-121.582 39.6743,-121.588 39.6743,-121.594 39.6743,-121.612 39.6788,-121.623 39.6788,-121.629 39.6788,-121.635 39.6788,-121.641 39.6788,-121.647 39.6788,-121.676 39.6788,-121.693 39.6833,-121.705 39.6878,-121.728 39.7148,-121.74 39.7193,-121.74 39.7238,-121.74 39.7328,-121.723 39.7643,-121.717 39.7688,-121.711 39.7688,-121.664 39.7868,-121.652 39.8093,-121.641 39.8363,-121.635 39.8408,-121.629 39.8408,-121.623 39.8408,-121.582 39.8588,-121.576 39.8633,-121.571 39.8678,-121.559 39.8633,-121.524 39.8632,-121.512 39.8587,-121.483 39.8587,-121.483 39.8587,-121.477 39.8587,-121.459 39.8541,-121.459 39.8541))
201811090122,5,2,
Pattern Matcher : 17
201811090039,6,2,201811090115,3,2,
boundary: POLYGON((-121.459 39.8541,-121.459 39.8541,-121.448 39.8496,-121.424 39.8226,-121.419 39.8181,-121.419 39.8136,-121.419 39.8091,-121.419 39.8046,-121.419 39.8001,-121.43 39.7956,-121.46 39.7416,-121.46 39.7371,-121.46 39.7281,-121.46 39.7236,-121.466 39.7192,-121.471 39.7192,-121.477 39.7192,-121.518 39.7012,-121.53 39.6742,-121.536 39.6697,-121.542 39.6698,-121.547 39.6698,-121.588 39.6518,-121.594 39.6473,-121.6 39.6473,-121.606 39.6473,-121.623 39.6518,-121.629 39.6563,-121.676 39.6788,-121.693 39.6833,-121.705 39.6878,-121.728 39.7148,-121.74 39.7193,-121.74 39.7238,-121.74 39.7283,-121.74 39.7328,-121.723 39.7643,-121.711 39.7868,-121.705 39.7913,-121.699 39.7913,-121.693 39.7913,-121.652 39.8093,-121.649 39.8183,-121.641 39.8183,-121.582 39.8588,-121.576 39.8633,-121.571 39.8678,-121.559 39.8633,-121.524 39.8632,-121.512 39.8587,-121.483 39.8587,-121.483 39.8587,-121.477 39.8587,-121.459 39.8541,-121.459 39.8541))
201811090122,5,2,
Pattern Matcher : 18
201811090112,6,2,201811090115,3,2,
boundary: POLYGON((-121.459 39.8541,-121.459 39.8541,-121.448 39.8496,-121.424 39.8226,-121.419 39.8181,-121.419 39.8136,-121.419 39.8091,-121.419 39.8046,-121.419 39.8001,-121.43 39.7956,-121.46 39.7416,-121.46 39.7371,-121.46 39.7281,-121.46 39.7236,-121.472 39.6967,-121.477 39.6922,-121.483 39.6922,-121.489 39.6922,-121.53 39.6742,-121.536 39.6697,-121.542 39.6698,-121.547 39.6698,-121.588 39.6518,-121.594 39.6473,-121.6 39.6473,-121.606 39.6473,-121.623 39.6518,-121.641 39.6518,-121.647 39.6518,-121.652 39.6518,-121.67 39.6563,-121.676 39.6608,-121.705 39.6878,-121.728 39.7148,-121.74 39.7193,-121.763 39.7462,-121.769 39.7507,-121.769 39.7552,-121.769 39.7597,-121.769 39.7642,-121.769 39.7687,-121.763 39.7687,-121.758 39.7687,-121.752 39.7688,-121.711 39.7868,-121.699 39.8138,-121.693 39.8183,-121.687 39.8183,-121.682 39.8183,-121.676 39.8183,-121.641 39.8183,-121.582 39.8588,-121.576 39.8633,-121.571 39.8678,-121.559 39.8633,-121.524 39.8632,-121.512 39.8587,-121.483 39.8587,-121.483 39.8587,-121.477 39.8587,-121.459 39.8541,-121.459 39.8541))
201811090122,5,2,
Pattern Matcher : 19
201811090112,6,2,201811090115,3,2,
boundary: POLYGON((-121.459 39.8541,-121.459 39.8541,-121.448 39.8496,-121.424 39.8226,-121.419 39.8181,-121.419 39.8136,-121.419 39.8091,-121.419 39.8046,-121.419 39.8001,-121.43 39.7956,-121.46 39.7416,-121.46 39.7371,-121.46 39.7281,-121.46 39.7236,-121.472 39.6967,-121.477 39.6922,-121.483 39.6922,-121.489 39.6922,-121.53 39.6742,-121.536 39.6697,-121.542 39.6698,-121.547 39.6698,-121.588 39.6518,-121.594 39.6473,-121.6 39.6473,-121.606 39.6473,-121.623 39.6518,-121.641 39.6518,-121.647 39.6518,-121.652 39.6518,-121.67 39.6563,-121.676 39.6608,-121.705 39.6878,-121.728 39.7148,-121.74 39.7193,-121.763 39.7462,-121.769 39.7507,-121.769 39.7552,-121.769 39.7597,-121.769 39.7642,-121.769 39.7687,-121.763 39.7687,-121.758 39.7687,-121.752 39.7688,-121.711 39.7868,-121.699 39.8138,-121.693 39.8183,-121.687 39.8183,-121.682 39.8183,-121.676 39.8183,-121.641 39.8183,-121.582 39.8588,-121.576 39.8633,-121.571 39.8678,-121.559 39.8633,-121.524 39.8632,-121.512 39.8587,-121.483 39.8587,-121.483 39.8587,-121.477 39.8587,-121.459 39.8541,-121.459 39.8541))
201811090224,5,2,
Pattern Matcher : 20
201811090112,6,2,201811090217,3,2,
boundary: POLYGON((-121.459 39.8541,-121.459 39.8541,-121.448 39.8496,-121.424 39.8226,-121.419 39.8181,-121.419 39.8136,-121.419 39.8091,-121.419 39.8046,-121.419 39.8001,-121.43 39.7956,-121.46 39.7416,-121.46 39.7371,-121.46 39.7281,-121.46 39.7236,-121.466 39.7192,-121.471 39.7192,-121.477 39.7192,-121.518 39.7012,-121.53 39.6742,-121.536 39.6697,-121.542 39.6698,-121.547 39.6698,-121.588 39.6518,-121.594 39.6473,-121.6 39.6473,-121.606 39.6473,-121.623 39.6518,-121.641 39.6518,-121.647 39.6518,-121.652 39.6518,-121.67 39.6563,-121.676 39.6608,-121.705 39.6878,-121.728 39.7148,-121.74 39.7193,-121.763 39.7462,-121.769 39.7507,-121.769 39.7552,-121.769 39.7597,-121.769 39.7642,-121.769 39.7687,-121.763 39.7687,-121.758 39.7687,-121.752 39.7688,-121.711 39.7868,-121.699 39.8138,-121.693 39.8183,-121.687 39.8183,-121.682 39.8183,-121.676 39.8183,-121.641 39.8183,-121.582 39.8588,-121.576 39.8633,-121.571 39.8678,-121.559 39.8633,-121.524 39.8632,-121.512 39.8587,-121.483 39.8587,-121.483 39.8587,-121.477 39.8587,-121.459 39.8541,-121.459 39.8541))
201811090224,5,2,
Pattern Matcher : 21
201811090213,6,2,201811090217,3,2,
boundary: POLYGON((-121.459 39.8541,-121.459 39.8541,-121.448 39.8496,-121.424 39.8226,-121.419 39.8181,-121.419 39.8136,-121.419 39.8091,-121.419 39.8046,-121.419 39.8001,-121.43 39.7956,-121.46 39.7416,-121.46 39.7371,-121.46 39.7281,-121.46 39.7236,-121.466 39.7192,-121.471 39.7192,-121.477 39.7192,-121.518 39.7012,-121.53 39.6742,-121.536 39.6697,-121.542 39.6698,-121.547 39.6698,-121.588 39.6518,-121.594 39.6473,-121.6 39.6473,-121.606 39.6473,-121.623 39.6518,-121.641 39.6518,-121.647 39.6518,-121.652 39.6518,-121.67 39.6563,-121.682 39.6563,-121.687 39.6563,-121.693 39.6563,-121.699 39.6563,-121.705 39.6563,-121.717 39.6608,-121.722 39.6653,-121.752 39.6923,-121.752 39.7058,-121.752 39.7103,-121.769 39.7507,-121.769 39.7552,-121.769 39.7597,-121.769 39.7642,-121.769 39.7687,-121.763 39.7687,-121.758 39.7687,-121.752 39.7688,-121.711 39.7868,-121.699 39.8138,-121.693 39.8183,-121.687 39.8183,-121.682 39.8183,-121.676 39.8183,-121.641 39.8183,-121.582 39.8588,-121.576 39.8633,-121.571 39.8678,-121.559 39.8633,-121.524 39.8632,-121.512 39.8587,-121.483 39.8587,-121.483 39.8587,-121.477 39.8587,-121.459 39.8541,-121.459 39.8541))
201811090224,5,2,
Pattern Matcher : 22
201811090213,6,2,201811090217,3,2,
boundary: POLYGON((-121.438 39.8387,-121.424 39.8226,-121.421 39.8202,-121.419 39.8181,-121.419 39.8136,-121.419 39.8091,-121.419 39.8046,-121.419 39.8001,-121.43 39.7956,-121.46 39.7416,-121.46 39.7371,-121.46 39.7281,-121.46 39.7236,-121.466 39.7192,-121.471 39.7192,-121.477 39.7192,-121.518 39.7012,-121.53 39.6742,-121.536 39.6697,-121.542 39.6698,-121.547 39.6698,-121.588 39.6518,-121.594 39.6473,-121.6 39.6473,-121.606 39.6473,-121.623 39.6518,-121.641 39.6518,-121.647 39.6518,-121.652 39.6518,-121.67 39.6563,-121.682 39.6563,-121.687 39.6563,-121.693 39.6563,-121.699 39.6563,-121.705 39.6563,-121.717 39.6608,-121.722 39.6653,-121.752 39.6923,-121.752 39.7058,-121.752 39.7103,-121.769 39.7507,-121.769 39.7552,-121.769 39.7597,-121.769 39.7642,-121.769 39.7687,-121.763 39.7687,-121.758 39.7687,-121.752 39.7688,-121.711 39.7868,-121.699 39.8138,-121.693 39.8183,-121.687 39.8183,-121.682 39.8183,-121.676 39.8183,-121.641 39.8183,-121.582 39.8588,-121.576 39.8633,-121.571 39.8678,-121.559 39.8633,-121.524 39.8632,-121.512 39.8587,-121.483 39.8587,-121.483 39.8587,-121.477 39.8587,-121.459 39.8541,-121.454 39.852,-121.448 39.8496,-121.438 39.8387))
201811090324,5,2,
Pattern Matcher : 23
201811090213,6,2,201811090318,3,2,
boundary: POLYGON((-121.438 39.8387,-121.424 39.8226,-121.421 39.8202,-121.419 39.8181,-121.419 39.8136,-121.419 39.8091,-121.419 39.8046,-121.419 39.8001,-121.43 39.7956,-121.46 39.7416,-121.46 39.7371,-121.46 39.7326,-121.46 39.7281,-121.46 39.7236,-121.466 39.7192,-121.471 39.7192,-121.477 39.7192,-121.518 39.7012,-121.53 39.6742,-121.536 39.6697,-121.542 39.6698,-121.547 39.6698,-121.588 39.6518,-121.594 39.6473,-121.6 39.6473,-121.606 39.6473,-121.623 39.6518,-121.641 39.6518,-121.647 39.6518,-121.652 39.6518,-121.67 39.6563,-121.682 39.6563,-121.687 39.6563,-121.693 39.6563,-121.699 39.6563,-121.705 39.6563,-121.717 39.6608,-121.722 39.6653,-121.752 39.6923,-121.775 39.7192,-121.787 39.7237,-121.787 39.7282,-121.781 39.7417,-121.769 39.7687,-121.763 39.7687,-121.758 39.7687,-121.752 39.7688,-121.711 39.7868,-121.699 39.8138,-121.693 39.8183,-121.687 39.8183,-121.682 39.8183,-121.676 39.8183,-121.641 39.8183,-121.582 39.8588,-121.576 39.8633,-121.571 39.8678,-121.559 39.8633,-121.524 39.8632,-121.512 39.8587,-121.483 39.8587,-121.483 39.8587,-121.477 39.8587,-121.459 39.8541,-121.454 39.852,-121.448 39.8496,-121.438 39.8387))
201811090324,5,2,
Pattern Matcher : 24
201811090313,6,2,201811090318,3,2,
boundary: POLYGON((-121.454 39.852,-121.448 39.8496,-121.438 39.8387,-121.424 39.8226,-121.421 39.8202,-121.419 39.8181,-121.419 39.8136,-121.419 39.8091,-121.419 39.8046,-121.419 39.8001,-121.442 39.7641,-121.448 39.7461,-121.46 39.7236,-121.466 39.7192,-121.471 39.7192,-121.477 39.7192,-121.518 39.7012,-121.53 39.6742,-121.536 39.6697,-121.542 39.6698,-121.547 39.6698,-121.588 39.6518,-121.6 39.6338,-121.606 39.6248,-121.612 39.6203,-121.617 39.6203,-121.635 39.6248,-121.652 39.6248,-121.658 39.6248,-121.664 39.6248,-121.682 39.6293,-121.699 39.6293,-121.705 39.6293,-121.711 39.6293,-121.728 39.6338,-121.734 39.6383,-121.763 39.6652,-121.787 39.6922,-121.798 39.6967,-121.798 39.7012,-121.798 39.7057,-121.798 39.7147,-121.804 39.7777,-121.804 39.7867,-121.804 39.7912,-121.799 39.8002,-121.793 39.8002,-121.787 39.8002,-121.781 39.8002,-121.74 39.8228,-121.734 39.8228,-121.728 39.8228,-121.723 39.8228,-121.693 39.8183,-121.687 39.8183,-121.682 39.8183,-121.676 39.8183,-121.641 39.8183,-121.582 39.8588,-121.576 39.8633,-121.571 39.8678,-121.559 39.8633,-121.524 39.8632,-121.512 39.8587,-121.483 39.8587,-121.483 39.8587,-121.477 39.8587,-121.459 39.8541,-121.454 39.852))
201811090324,5,2,
Pattern Matcher : 25
201811090313,6,2,201811090318,3,2,
boundary: POLYGON((-121.454 39.852,-121.448 39.8496,-121.438 39.8387,-121.424 39.8226,-121.421 39.8202,-121.419 39.8181,-121.419 39.8136,-121.419 39.8091,-121.419 39.8046,-121.419 39.8001,-121.442 39.7641,-121.448 39.7461,-121.46 39.7236,-121.466 39.7192,-121.471 39.7192,-121.477 39.7192,-121.518 39.7012,-121.53 39.6742,-121.536 39.6697,-121.542 39.6698,-121.547 39.6698,-121.588 39.6518,-121.6 39.6338,-121.606 39.6248,-121.612 39.6203,-121.617 39.6203,-121.635 39.6248,-121.652 39.6248,-121.658 39.6248,-121.664 39.6248,-121.682 39.6293,-121.699 39.6293,-121.705 39.6293,-121.711 39.6293,-121.728 39.6338,-121.734 39.6383,-121.763 39.6652,-121.787 39.6922,-121.798 39.6967,-121.798 39.7012,-121.798 39.7057,-121.798 39.7147,-121.804 39.7777,-121.804 39.7867,-121.804 39.7912,-121.799 39.8002,-121.793 39.8002,-121.787 39.8002,-121.781 39.8002,-121.74 39.8228,-121.734 39.8228,-121.728 39.8228,-121.723 39.8228,-121.693 39.8183,-121.687 39.8183,-121.682 39.8183,-121.676 39.8183,-121.641 39.8183,-121.582 39.8588,-121.576 39.8633,-121.571 39.8678,-121.559 39.8633,-121.524 39.8632,-121.512 39.8587,-121.483 39.8587,-121.483 39.8587,-121.477 39.8587,-121.459 39.8541,-121.454 39.852))
201811090422,5,2,
Pattern Matcher : 26
201811090313,6,2,201811090414,3,2,
boundary: POLYGON((-121.454 39.852,-121.448 39.8496,-121.438 39.8387,-121.424 39.8226,-121.421 39.8202,-121.419 39.8181,-121.419 39.8136,-121.419 39.8091,-121.419 39.8046,-121.419 39.8001,-121.442 39.7641,-121.448 39.7461,-121.46 39.7236,-121.466 39.7192,-121.471 39.7192,-121.477 39.7192,-121.518 39.7012,-121.53 39.6742,-121.536 39.6697,-121.542 39.6698,-121.547 39.6698,-121.588 39.6518,-121.6 39.6338,-121.606 39.6248,-121.612 39.6203,-121.617 39.6203,-121.635 39.6248,-121.652 39.6248,-121.658 39.6248,-121.664 39.6248,-121.682 39.6293,-121.687 39.6338,-121.734 39.6563,-121.752 39.6608,-121.763 39.6652,-121.763 39.6697,-121.763 39.6742,-121.763 39.6787,-121.763 39.6832,-121.787 39.7237,-121.8 39.7364,-121.804 39.7732,-121.798 39.7732,-121.758 39.7912,-121.746 39.8138,-121.74 39.8228,-121.734 39.8228,-121.728 39.8228,-121.723 39.8228,-121.693 39.8183,-121.687 39.8183,-121.682 39.8183,-121.676 39.8183,-121.641 39.8183,-121.582 39.8588,-121.576 39.8633,-121.571 39.8678,-121.559 39.8633,-121.524 39.8632,-121.512 39.8587,-121.483 39.8587,-121.483 39.8587,-121.477 39.8587,-121.459 39.8541,-121.454 39.852))
201811090422,5,2,
Pattern Matcher : 27
201811090412,6,2,201811090414,3,2,
boundary: POLYGON((-121.454 39.852,-121.448 39.8496,-121.438 39.8387,-121.424 39.8226,-121.421 39.8202,-121.419 39.8181,-121.419 39.8136,-121.419 39.8091,-121.419 39.8046,-121.419 39.8001,-121.442 39.7641,-121.448 39.7461,-121.46 39.7236,-121.466 39.7192,-121.471 39.7192,-121.477 39.7192,-121.518 39.7012,-121.53 39.6742,-121.536 39.6697,-121.542 39.6698,-121.547 39.6698,-121.588 39.6518,-121.6 39.6338,-121.606 39.6248,-121.612 39.6203,-121.617 39.6203,-121.635 39.6248,-121.652 39.6248,-121.658 39.6248,-121.664 39.6248,-121.682 39.6293,-121.687 39.6338,-121.734 39.6563,-121.752 39.6608,-121.763 39.6652,-121.763 39.6697,-121.763 39.6742,-121.763 39.6787,-121.763 39.6832,-121.787 39.7237,-121.816 39.7507,-121.816 39.7597,-121.816 39.7642,-121.816 39.7687,-121.81 39.7732,-121.804 39.7732,-121.798 39.7732,-121.758 39.7912,-121.746 39.8138,-121.74 39.8228,-121.734 39.8228,-121.728 39.8228,-121.723 39.8228,-121.693 39.8183,-121.687 39.8183,-121.682 39.8183,-121.676 39.8183,-121.641 39.8183,-121.582 39.8588,-121.576 39.8633,-121.571 39.8678,-121.559 39.8633,-121.524 39.8632,-121.512 39.8587,-121.483 39.8587,-121.483 39.8587,-121.477 39.8587,-121.459 39.8541,-121.454 39.852))
201811090422,5,2,
Pattern Matcher : 28
201811090412,6,2,201811090414,3,2,
boundary: POLYGON((-121.421 39.8202,-121.419 39.8181,-121.419 39.8091,-121.419 39.8046,-121.419 39.8001,-121.442 39.7641,-121.448 39.7461,-121.46 39.7236,-121.466 39.7192,-121.471 39.7192,-121.477 39.7192,-121.518 39.7012,-121.53 39.6742,-121.536 39.6697,-121.542 39.6698,-121.547 39.6698,-121.588 39.6518,-121.6 39.6338,-121.606 39.6248,-121.612 39.6203,-121.617 39.6203,-121.635 39.6248,-121.652 39.6248,-121.658 39.6248,-121.664 39.6248,-121.682 39.6293,-121.687 39.6338,-121.734 39.6563,-121.752 39.6608,-121.763 39.6652,-121.763 39.6697,-121.763 39.6742,-121.763 39.6787,-121.763 39.6832,-121.787 39.7237,-121.816 39.7507,-121.816 39.7597,-121.816 39.7642,-121.816 39.7687,-121.81 39.7732,-121.804 39.7732,-121.798 39.7732,-121.758 39.7912,-121.746 39.8138,-121.74 39.8228,-121.734 39.8228,-121.728 39.8228,-121.723 39.8228,-121.693 39.8183,-121.687 39.8183,-121.682 39.8183,-121.676 39.8183,-121.641 39.8183,-121.582 39.8588,-121.576 39.8633,-121.571 39.8678,-121.559 39.8633,-121.524 39.8632,-121.512 39.8587,-121.5 39.8587,-121.495 39.8542,-121.448 39.8271,-121.442 39.8271,-121.439 39.8263,-121.424 39.8226,-121.421 39.8202))
201811090522,5,2,
Pattern Matcher : 29
201811090412,6,2,201811090515,3,2,
boundary: POLYGON((-121.421 39.8202,-121.419 39.8181,-121.419 39.8091,-121.419 39.8001,-121.442 39.7641,-121.448 39.7461,-121.46 39.7236,-121.466 39.7192,-121.471 39.7192,-121.477 39.7192,-121.518 39.7012,-121.524 39.6967,-121.542 39.6608,-121.542 39.6563,-121.547 39.6473,-121.553 39.6428,-121.559 39.6428,-121.606 39.6248,-121.612 39.6203,-121.617 39.6203,-121.635 39.6248,-121.652 39.6248,-121.658 39.6248,-121.664 39.6248,-121.682 39.6293,-121.687 39.6338,-121.717 39.6608,-121.722 39.6653,-121.763 39.6877,-121.769 39.6877,-121.775 39.6877,-121.787 39.6922,-121.798 39.6967,-121.798 39.7012,-121.798 39.7057,-121.798 39.7102,-121.798 39.7147,-121.816 39.7507,-121.816 39.7552,-121.816 39.7597,-121.816 39.7642,-121.816 39.7687,-121.81 39.7732,-121.804 39.7732,-121.798 39.7732,-121.758 39.7912,-121.746 39.8138,-121.74 39.8228,-121.734 39.8228,-121.728 39.8228,-121.723 39.8228,-121.693 39.8183,-121.687 39.8183,-121.682 39.8183,-121.676 39.8183,-121.641 39.8183,-121.582 39.8588,-121.576 39.8633,-121.571 39.8678,-121.559 39.8633,-121.524 39.8632,-121.512 39.8587,-121.5 39.8587,-121.495 39.8542,-121.448 39.8271,-121.442 39.8271,-121.439 39.8263,-121.424 39.8226,-121.421 39.8202))
201811090522,5,2,
Pattern Matcher : 30
201811090512,6,2,201811090515,3,2,
boundary: POLYGON((-121.439 39.8263,-121.424 39.8226,-121.421 39.8202,-121.419 39.8181,-121.419 39.8091,-121.419 39.8001,-121.442 39.7641,-121.448 39.7461,-121.46 39.7236,-121.466 39.7192,-121.471 39.7192,-121.477 39.7192,-121.518 39.7012,-121.524 39.6967,-121.542 39.6608,-121.542 39.6563,-121.547 39.6473,-121.553 39.6428,-121.559 39.6428,-121.606 39.6248,-121.612 39.6203,-121.617 39.6203,-121.635 39.6248,-121.652 39.6248,-121.658 39.6248,-121.664 39.6248,-121.682 39.6293,-121.687 39.6338,-121.717 39.6608,-121.722 39.6653,-121.763 39.6877,-121.769 39.6877,-121.775 39.6877,-121.787 39.6922,-121.798 39.6967,-121.828 39.7237,-121.828 39.7282,-121.828 39.7327,-121.828 39.7372,-121.828 39.7462,-121.816 39.7687,-121.81 39.7732,-121.793 39.8092,-121.787 39.8227,-121.781 39.8272,-121.775 39.8272,-121.758 39.8227,-121.74 39.8228,-121.734 39.8228,-121.728 39.8228,-121.723 39.8228,-121.693 39.8183,-121.687 39.8183,-121.682 39.8183,-121.676 39.8183,-121.641 39.8183,-121.582 39.8588,-121.576 39.8633,-121.571 39.8678,-121.559 39.8633,-121.524 39.8632,-121.512 39.8587,-121.5 39.8587,-121.495 39.8542,-121.448 39.8271,-121.442 39.8271,-121.439 39.8263))
201811090522,5,2,
Pattern Matcher : 31
201811090512,6,2,201811090515,3,2,
boundary: POLYGON((-121.481 39.8038,-121.477 39.7957,-121.458 39.7778,-121.448 39.7686,-121.446 39.7668,-121.442 39.7641,-121.442 39.764,-121.448 39.7461,-121.46 39.7236,-121.466 39.7192,-121.471 39.7192,-121.477 39.7192,-121.518 39.7012,-121.524 39.6967,-121.542 39.6608,-121.542 39.6563,-121.547 39.6473,-121.553 39.6428,-121.559 39.6428,-121.606 39.6248,-121.612 39.6203,-121.617 39.6203,-121.635 39.6248,-121.652 39.6248,-121.658 39.6248,-121.664 39.6248,-121.682 39.6293,-121.687 39.6338,-121.717 39.6608,-121.722 39.6653,-121.763 39.6877,-121.769 39.6877,-121.775 39.6877,-121.787 39.6922,-121.798 39.6967,-121.828 39.7237,-121.828 39.7282,-121.828 39.7327,-121.828 39.7372,-121.828 39.7462,-121.816 39.7687,-121.81 39.7732,-121.793 39.8092,-121.787 39.8227,-121.781 39.8272,-121.775 39.8272,-121.758 39.8227,-121.74 39.8228,-121.734 39.8228,-121.728 39.8228,-121.723 39.8228,-121.693 39.8183,-121.687 39.8183,-121.682 39.8183,-121.676 39.8183,-121.641 39.8183,-121.582 39.8588,-121.576 39.8633,-121.571 39.8678,-121.559 39.8633,-121.524 39.8632,-121.512 39.8587,-121.5 39.8587,-121.495 39.8542,-121.495 39.8497,-121.495 39.8452,-121.495 39.8407,-121.495 39.8362,-121.481 39.8038))
201811090629,5,2,
Pattern Matcher : 32
201811090512,6,2,201811090620,3,2,
boundary: POLYGON((-121.481 39.8038,-121.477 39.7957,-121.458 39.7778,-121.448 39.7686,-121.446 39.767,-121.46 39.7416,-121.46 39.7371,-121.46 39.7326,-121.46 39.7281,-121.46 39.7236,-121.466 39.7192,-121.471 39.7192,-121.477 39.7192,-121.518 39.7012,-121.524 39.6967,-121.542 39.6608,-121.542 39.6563,-121.547 39.6473,-121.553 39.6428,-121.559 39.6428,-121.606 39.6248,-121.612 39.6203,-121.617 39.6203,-121.635 39.6248,-121.652 39.6248,-121.658 39.6248,-121.664 39.6248,-121.682 39.6293,-121.687 39.6338,-121.708 39.6439,-121.717 39.6608,-121.722 39.6653,-121.752 39.6923,-121.775 39.7192,-121.787 39.7237,-121.816 39.7507,-121.816 39.7597,-121.816 39.7642,-121.816 39.7687,-121.81 39.7732,-121.804 39.7732,-121.798 39.7732,-121.758 39.7912,-121.746 39.8138,-121.74 39.8228,-121.734 39.8228,-121.728 39.8228,-121.723 39.8228,-121.693 39.8183,-121.687 39.8183,-121.682 39.8183,-121.676 39.8183,-121.641 39.8183,-121.582 39.8588,-121.576 39.8633,-121.571 39.8678,-121.559 39.8633,-121.524 39.8632,-121.512 39.8587,-121.5 39.8587,-121.495 39.8542,-121.495 39.8497,-121.495 39.8452,-121.495 39.8407,-121.495 39.8362,-121.481 39.8038))
201811090629,5,2,
Pattern Matcher : 33
201811090614,6,2,201811090620,3,2,
boundary: POLYGON((-121.481 39.8038,-121.477 39.7957,-121.458 39.7778,-121.448 39.7686,-121.446 39.767,-121.46 39.7416,-121.46 39.7371,-121.46 39.7326,-121.46 39.7281,-121.46 39.7236,-121.466 39.7192,-121.471 39.7192,-121.477 39.7192,-121.518 39.7012,-121.524 39.6967,-121.542 39.6608,-121.542 39.6563,-121.547 39.6473,-121.553 39.6428,-121.559 39.6428,-121.606 39.6248,-121.617 39.5978,-121.623 39.5933,-121.629 39.5933,-121.641 39.5978,-121.67 39.5978,-121.676 39.5978,-121.693 39.6023,-121.699 39.6068,-121.699 39.6158,-121.699 39.6203,-121.699 39.6248,-121.717 39.6608,-121.722 39.6653,-121.752 39.6923,-121.775 39.7192,-121.787 39.7237,-121.787 39.7282,-121.781 39.7417,-121.769 39.7687,-121.758 39.7912,-121.746 39.8138,-121.74 39.8228,-121.734 39.8228,-121.728 39.8228,-121.723 39.8228,-121.693 39.8183,-121.687 39.8183,-121.682 39.8183,-121.676 39.8183,-121.641 39.8183,-121.582 39.8588,-121.576 39.8633,-121.571 39.8678,-121.559 39.8633,-121.524 39.8632,-121.512 39.8587,-121.5 39.8587,-121.495 39.8542,-121.495 39.8497,-121.495 39.8452,-121.495 39.8407,-121.495 39.8362,-121.481 39.8038))
201811090629,5,2,
Pattern Matcher : 34
201811090712,6,2,201811090721,3,2,
boundary: POLYGON((-121.62 39.8696,-121.617 39.8678,-121.611 39.8678,-121.606 39.8678,-121.565 39.8903,-121.559 39.8903,-121.553 39.8903,-121.55 39.8903,-121.547 39.8902,-121.53 39.8857,-121.495 39.8542,-121.478 39.8353,-121.471 39.8272,-121.465 39.8227,-121.436 39.7956,-121.43 39.7911,-121.43 39.7866,-121.43 39.7821,-121.43 39.7776,-121.43 39.7772,-121.448 39.7461,-121.471 39.7057,-121.471 39.7012,-121.472 39.6967,-121.477 39.6922,-121.483 39.6922,-121.489 39.6922,-121.507 39.6967,-121.524 39.6967,-121.53 39.6967,-121.536 39.6967,-121.588 39.6518,-121.594 39.6473,-121.6 39.6473,-121.606 39.6473,-121.623 39.6518,-121.641 39.6518,-121.647 39.6518,-121.652 39.6518,-121.67 39.6563,-121.676 39.6608,-121.676 39.6653,-121.676 39.6698,-121.752 39.7148,-121.757 39.7148,-121.763 39.7147,-121.775 39.7192,-121.787 39.7237,-121.787 39.7282,-121.781 39.7417,-121.775 39.7462,-121.769 39.7462,-121.711 39.7868,-121.705 39.7913,-121.699 39.7913,-121.693 39.7913,-121.652 39.8093,-121.647 39.8138,-121.629 39.8498,-121.629 39.8543,-121.623 39.8678,-121.622 39.8704,-121.62 39.8696))
201811090737,5,2,
Pattern Matcher : 35
201811090813,6,2,201811090820,3,2,
boundary: POLYGON((-121.686 39.7783,-121.664 39.7868,-121.652 39.8093,-121.645 39.8257,-121.641 39.8363,-121.63 39.8528,-121.629 39.8543,-121.623 39.8678,-121.611 39.8903,-121.609 39.8953,-121.606 39.8948,-121.6 39.8948,-121.594 39.8948,-121.565 39.8903,-121.559 39.8903,-121.553 39.8903,-121.547 39.8902,-121.53 39.8857,-121.495 39.8542,-121.495 39.8497,-121.448 39.8001,-121.442 39.7978,-121.436 39.7956,-121.43 39.7911,-121.401 39.764,-121.401 39.7637,-121.401 39.7595,-121.401 39.755,-121.401 39.746,-121.407 39.7415,-121.413 39.7416,-121.419 39.7416,-121.46 39.7236,-121.466 39.7192,-121.471 39.7192,-121.477 39.7192,-121.495 39.7237,-121.506 39.7237,-121.512 39.7237,-121.518 39.7237,-121.524 39.7237,-121.588 39.6698,-121.588 39.6608,-121.588 39.6563,-121.588 39.6518,-121.594 39.6473,-121.6 39.6473,-121.606 39.6473,-121.623 39.6518,-121.629 39.6563,-121.629 39.6608,-121.629 39.6653,-121.629 39.6698,-121.629 39.6743,-121.617 39.6788,-121.588 39.7328,-121.67 39.7688,-121.676 39.7643,-121.682 39.7643,-121.687 39.7643,-121.693 39.7643,-121.705 39.7688,-121.707 39.7703,-121.686 39.7783))
201811090835,5,2,
Pattern Matcher : 36
201811090914,6,2,201811090920,3,2,
boundary: POLYGON((-121.442 39.7978,-121.436 39.7956,-121.43 39.7911,-121.401 39.764,-121.401 39.7638,-121.401 39.7595,-121.401 39.755,-121.401 39.7505,-121.401 39.746,-121.407 39.7415,-121.413 39.7416,-121.419 39.7416,-121.46 39.7236,-121.466 39.7192,-121.471 39.7192,-121.477 39.7192,-121.518 39.7012,-121.524 39.6967,-121.53 39.6967,-121.536 39.6967,-121.553 39.7013,-121.559 39.7058,-121.588 39.7328,-121.588 39.7373,-121.635 39.7868,-121.647 39.7913,-121.652 39.7958,-121.652 39.8093,-121.676 39.8498,-121.67 39.8676,-121.67 39.8678,-121.67 39.8678,-121.664 39.8723,-121.658 39.8723,-121.652 39.8723,-121.623 39.8678,-121.617 39.8678,-121.611 39.8678,-121.606 39.8678,-121.565 39.8903,-121.559 39.8903,-121.553 39.8903,-121.547 39.8902,-121.53 39.8857,-121.5 39.8686,-121.497 39.8614,-121.495 39.8542,-121.495 39.8497,-121.448 39.8001,-121.442 39.7978))
201811090935,5,2,
Pattern Matcher : 37
201811091014,6,2,201811091026,3,2,
boundary: POLYGON((-121.481 39.8038,-121.477 39.7957,-121.458 39.7778,-121.448 39.7686,-121.446 39.7668,-121.442 39.7641,-121.439 39.7613,-121.448 39.7461,-121.46 39.7236,-121.466 39.7192,-121.471 39.7192,-121.477 39.7192,-121.518 39.7012,-121.524 39.6967,-121.53 39.6967,-121.536 39.6967,-121.553 39.7013,-121.559 39.7058,-121.559 39.7103,-121.559 39.7148,-121.576 39.7598,-121.623 39.7868,-121.629 39.7868,-121.635 39.7868,-121.647 39.7913,-121.652 39.7958,-121.688 39.8228,-121.688 39.8273,-121.688 39.8318,-121.682 39.8453,-121.676 39.8453,-121.67 39.8453,-121.664 39.8453,-121.623 39.8678,-121.611 39.8903,-121.606 39.8948,-121.6 39.8948,-121.594 39.8948,-121.565 39.8903,-121.559 39.8903,-121.553 39.8903,-121.547 39.8902,-121.53 39.8902,-121.53 39.8857,-121.495 39.8542,-121.495 39.8497,-121.495 39.8452,-121.495 39.8407,-121.495 39.8362,-121.481 39.8038))
201811091050,5,2,
Pattern Matcher : 38
201811091114,6,2,201811091125,3,2,
boundary: POLYGON((-121.481 39.8038,-121.477 39.7957,-121.458 39.7778,-121.448 39.7686,-121.446 39.7668,-121.442 39.7641,-121.413 39.7371,-121.413 39.737,-121.413 39.7326,-121.413 39.7281,-121.413 39.7236,-121.413 39.7191,-121.419 39.7146,-121.425 39.7146,-121.431 39.7146,-121.466 39.7192,-121.471 39.7192,-121.477 39.7192,-121.495 39.7237,-121.506 39.7237,-121.512 39.7237,-121.518 39.7237,-121.524 39.7237,-121.541 39.7283,-121.565 39.7553,-121.576 39.7598,-121.623 39.7868,-121.629 39.7868,-121.635 39.7868,-121.647 39.7913,-121.652 39.7958,-121.652 39.8003,-121.652 39.8048,-121.652 39.8093,-121.645 39.8257,-121.641 39.8363,-121.63 39.8528,-121.629 39.8543,-121.623 39.8678,-121.611 39.8903,-121.606 39.8948,-121.6 39.8948,-121.594 39.8948,-121.565 39.8903,-121.559 39.8903,-121.553 39.8903,-121.547 39.8902,-121.53 39.8857,-121.495 39.8542,-121.495 39.8497,-121.495 39.8452,-121.495 39.8407,-121.495 39.8362,-121.481 39.8038))
201811091147,5,2,
Pattern Matcher : 39
201811091209,6,2,201811091223,3,2,
boundary: POLYGON((-121.55 39.8903,-121.547 39.8902,-121.53 39.8857,-121.495 39.8542,-121.495 39.8497,-121.495 39.8452,-121.495 39.8407,-121.495 39.8362,-121.481 39.8038,-121.477 39.7957,-121.458 39.7778,-121.448 39.7686,-121.446 39.7668,-121.442 39.7641,-121.426 39.7146,-121.431 39.7146,-121.483 39.6787,-121.489 39.6697,-121.495 39.6652,-121.501 39.6652,-121.512 39.6697,-121.524 39.6742,-121.571 39.7013,-121.577 39.7013,-121.582 39.7013,-121.6 39.7058,-121.6 39.7103,-121.6 39.7148,-121.6 39.7193,-121.6 39.7283,-121.623 39.8138,-121.635 39.8183,-121.641 39.8228,-121.641 39.8318,-121.641 39.8363,-121.658 39.8768,-121.658 39.8858,-121.658 39.8903,-121.658 39.8948,-121.652 39.8993,-121.647 39.8993,-121.641 39.8993,-121.606 39.8948,-121.606 39.8948,-121.606 39.8948,-121.6 39.8948,-121.594 39.8948,-121.588 39.8939,-121.565 39.8903,-121.565 39.8903,-121.565 39.8903,-121.559 39.8903,-121.553 39.8903,-121.55 39.8903))
201811091244,5,2,
Pattern Matcher : 40
201811091310,6,2,201811091319,3,2,
boundary: POLYGON((-121.507 39.7764,-121.495 39.7732,-121.495 39.7732,-121.495 39.7732,-121.483 39.7732,-121.477 39.7732,-121.471 39.7732,-121.465 39.7732,-121.462 39.7731,-121.46 39.7731,-121.448 39.7686,-121.446 39.7668,-121.442 39.7641,-121.448 39.7461,-121.444 39.7243,-121.441 39.7075,-121.483 39.6787,-121.489 39.6697,-121.495 39.6652,-121.501 39.6652,-121.536 39.6697,-121.542 39.6698,-121.547 39.6698,-121.565 39.6743,-121.571 39.6788,-121.6 39.7058,-121.6 39.7103,-121.647 39.7598,-121.676 39.7643,-121.682 39.7643,-121.687 39.7643,-121.693 39.7643,-121.705 39.7688,-121.711 39.7733,-121.711 39.7778,-121.711 39.7868,-121.705 39.7913,-121.699 39.7913,-121.693 39.7913,-121.641 39.8363,-121.629 39.8543,-121.623 39.8678,-121.611 39.8903,-121.606 39.8948,-121.606 39.8948,-121.606 39.8948,-121.6 39.8948,-121.594 39.8948,-121.592 39.8941,-121.582 39.8903,-121.578 39.8885,-121.571 39.8858,-121.551 39.8679,-121.541 39.8587,-121.541 39.8542,-121.541 39.8497,-121.541 39.8452,-121.541 39.8407,-121.512 39.7777,-121.507 39.7764))
201811091342,5,2,
Pattern Matcher : 41
201811091413,6,2,201811091429,3,2,
boundary: POLYGON((-121.588 39.8939,-121.565 39.8903,-121.565 39.8903,-121.565 39.8903,-121.559 39.8903,-121.553 39.8903,-121.55 39.8903,-121.547 39.8902,-121.53 39.8857,-121.53 39.8812,-121.53 39.8767,-121.53 39.8722,-121.53 39.8677,-121.53 39.8632,-121.536 39.851,-121.541 39.8407,-121.512 39.7777,-121.507 39.7764,-121.495 39.7732,-121.495 39.7732,-121.495 39.7732,-121.483 39.7732,-121.477 39.7732,-121.471 39.7732,-121.465 39.7732,-121.462 39.7731,-121.46 39.7731,-121.448 39.7686,-121.446 39.7668,-121.442 39.7641,-121.448 39.7461,-121.45 39.7426,-121.46 39.7236,-121.466 39.7192,-121.477 39.6954,-121.483 39.6832,-121.483 39.6787,-121.489 39.6697,-121.489 39.6696,-121.495 39.6652,-121.501 39.6652,-121.536 39.6697,-121.542 39.6698,-121.547 39.6698,-121.565 39.6743,-121.571 39.6788,-121.6 39.7058,-121.6 39.7193,-121.6 39.7238,-121.6 39.7283,-121.606 39.7913,-121.621 39.8054,-121.623 39.8138,-121.635 39.8183,-121.641 39.8228,-121.641 39.8318,-121.641 39.8363,-121.629 39.8543,-121.623 39.8678,-121.611 39.8903,-121.608 39.8926,-121.606 39.8948,-121.6 39.8948,-121.594 39.8948,-121.588 39.8939))
201811091449,5,2,
Pattern Matcher : 42
201811091515,6,2,201811091535,3,2,
boundary: POLYGON((-121.623 39.8678,-121.617 39.8678,-121.611 39.8678,-121.606 39.8678,-121.571 39.8678,-121.559 39.8633,-121.557 39.8627,-121.541 39.8587,-121.541 39.8542,-121.541 39.8497,-121.541 39.8452,-121.541 39.8407,-121.512 39.7777,-121.507 39.7764,-121.495 39.7732,-121.495 39.7732,-121.495 39.7732,-121.483 39.7732,-121.477 39.7732,-121.471 39.7732,-121.465 39.7732,-121.462 39.7731,-121.46 39.7731,-121.448 39.7686,-121.446 39.7668,-121.442 39.7641,-121.448 39.7461,-121.45 39.7426,-121.46 39.7236,-121.472 39.6967,-121.48 39.684,-121.483 39.6787,-121.489 39.6697,-121.489 39.6696,-121.495 39.6652,-121.501 39.6652,-121.536 39.6697,-121.542 39.6698,-121.547 39.6698,-121.565 39.6743,-121.571 39.6788,-121.6 39.7058,-121.6 39.7103,-121.6 39.7148,-121.6 39.7238,-121.6 39.7283,-121.588 39.7508,-121.605 39.7805,-121.606 39.7913,-121.616 39.8008,-121.623 39.8138,-121.635 39.8183,-121.641 39.8228,-121.641 39.8273,-121.641 39.8318,-121.641 39.8363,-121.629 39.8543,-121.623 39.8678))
201811091556,5,2,
Pattern Matcher : 43
201811091515,6,2,201811091535,3,2,
boundary: POLYGON((-121.45 39.7727,-121.448 39.7686,-121.446 39.7668,-121.442 39.7641,-121.413 39.7371,-121.413 39.737,-121.413 39.7326,-121.413 39.7281,-121.413 39.7236,-121.413 39.7191,-121.425 39.7011,-121.431 39.6921,-121.437 39.6876,-121.442 39.6876,-121.489 39.6697,-121.495 39.6652,-121.501 39.6652,-121.536 39.6697,-121.542 39.6698,-121.547 39.6698,-121.565 39.6743,-121.571 39.6788,-121.6 39.7058,-121.6 39.7103,-121.6 39.7148,-121.6 39.7238,-121.6 39.7283,-121.588 39.7508,-121.605 39.7805,-121.606 39.7913,-121.616 39.8008,-121.623 39.8138,-121.635 39.8183,-121.641 39.8228,-121.641 39.8273,-121.641 39.8318,-121.641 39.8363,-121.629 39.8543,-121.623 39.8678,-121.611 39.8903,-121.606 39.8948,-121.606 39.8948,-121.606 39.8948,-121.6 39.8948,-121.594 39.8948,-121.588 39.8939,-121.565 39.8903,-121.565 39.8903,-121.565 39.8903,-121.559 39.8903,-121.553 39.8903,-121.55 39.8903,-121.547 39.8902,-121.53 39.8857,-121.495 39.8542,-121.478 39.8353,-121.471 39.8272,-121.465 39.8227,-121.465 39.8182,-121.465 39.8137,-121.465 39.8092,-121.465 39.8047,-121.45 39.7727))
201811091634,5,2,
Pattern Matcher : 44
201811091515,6,2,201811091628,3,2,
boundary: POLYGON((-121.413 39.737,-121.413 39.7326,-121.413 39.7281,-121.413 39.7236,-121.413 39.7191,-121.425 39.7011,-121.431 39.6921,-121.437 39.6876,-121.442 39.6876,-121.489 39.6697,-121.495 39.6652,-121.501 39.6652,-121.536 39.6697,-121.542 39.6698,-121.547 39.6698,-121.565 39.6743,-121.571 39.6788,-121.6 39.7058,-121.6 39.7103,-121.6 39.7148,-121.6 39.7193,-121.6 39.7238,-121.6 39.7283,-121.606 39.7913,-121.635 39.8183,-121.641 39.8228,-121.641 39.8273,-121.641 39.8363,-121.635 39.8408,-121.629 39.8408,-121.623 39.8408,-121.582 39.8588,-121.576 39.8633,-121.571 39.8678,-121.559 39.8633,-121.524 39.8632,-121.512 39.8587,-121.5 39.8587,-121.495 39.8542,-121.478 39.8353,-121.471 39.8272,-121.465 39.8227,-121.465 39.8182,-121.465 39.8137,-121.465 39.8092,-121.465 39.8047,-121.45 39.7727,-121.448 39.7686,-121.446 39.7668,-121.442 39.7641,-121.413 39.7371,-121.413 39.737))
201811091634,5,2,
Pattern Matcher : 45
201811091615,6,2,201811091628,3,2,
boundary: POLYGON((-121.409 39.7326,-121.39 39.71,-121.384 39.7055,-121.384 39.701,-121.384 39.6965,-121.384 39.692,-121.384 39.6875,-121.39 39.683,-121.407 39.6876,-121.437 39.6876,-121.442 39.6876,-121.489 39.6697,-121.495 39.6652,-121.501 39.6652,-121.536 39.6697,-121.542 39.6698,-121.547 39.6698,-121.565 39.6743,-121.571 39.6788,-121.6 39.7058,-121.6 39.7103,-121.6 39.7148,-121.6 39.7193,-121.6 39.7238,-121.623 39.7643,-121.647 39.7913,-121.652 39.7958,-121.652 39.8003,-121.652 39.8093,-121.641 39.8363,-121.635 39.8408,-121.629 39.8408,-121.623 39.8408,-121.582 39.8588,-121.576 39.8633,-121.571 39.8678,-121.559 39.8633,-121.524 39.8632,-121.512 39.8587,-121.5 39.8587,-121.495 39.8542,-121.478 39.8353,-121.471 39.8272,-121.465 39.8227,-121.465 39.8182,-121.465 39.8137,-121.465 39.8092,-121.465 39.8047,-121.45 39.7727,-121.448 39.7686,-121.446 39.7668,-121.442 39.7641,-121.413 39.7371,-121.409 39.7326))
201811091634,5,2,
Pattern Matcher : 46
201811091809,6,2,201811091815,3,2,
boundary: POLYGON((-121.588 39.7373,-121.588 39.7418,-121.588 39.7508,-121.623 39.8138,-121.635 39.8183,-121.641 39.8228,-121.641 39.8273,-121.641 39.8318,-121.641 39.8363,-121.635 39.8408,-121.629 39.8408,-121.623 39.8408,-121.617 39.8408,-121.6 39.8363,-121.535 39.8587,-121.524 39.8632,-121.512 39.8587,-121.483 39.8587,-121.477 39.8587,-121.459 39.8541,-121.448 39.8496,-121.424 39.8226,-121.419 39.8181,-121.419 39.8136,-121.419 39.8091,-121.419 39.8046,-121.419 39.8001,-121.442 39.7641,-121.425 39.7101,-121.425 39.7056,-121.425 39.7011,-121.431 39.6921,-121.437 39.6876,-121.442 39.6876,-121.477 39.6922,-121.483 39.6922,-121.489 39.6922,-121.507 39.6967,-121.524 39.6967,-121.53 39.6967,-121.536 39.6967,-121.553 39.7013,-121.559 39.7058,-121.588 39.7328,-121.588 39.7373))
201811091823,5,2,
Pattern Matcher : 47
201811091912,6,2,201811091919,3,2,
boundary: POLYGON((-121.501 39.6652,-121.512 39.6697,-121.524 39.6742,-121.553 39.7013,-121.559 39.7058,-121.588 39.7328,-121.588 39.7373,-121.588 39.7418,-121.588 39.7463,-121.588 39.7508,-121.582 39.7553,-121.576 39.7553,-121.571 39.7553,-121.53 39.7732,-121.518 39.8002,-121.506 39.8137,-121.5 39.8272,-121.489 39.8542,-121.483 39.8587,-121.477 39.8587,-121.459 39.8541,-121.448 39.8496,-121.424 39.8226,-121.419 39.8181,-121.419 39.8136,-121.419 39.8091,-121.419 39.8046,-121.419 39.8001,-121.401 39.764,-121.401 39.7595,-121.401 39.755,-121.401 39.746,-121.407 39.7415,-121.425 39.7056,-121.425 39.7011,-121.431 39.6921,-121.437 39.6876,-121.442 39.6876,-121.489 39.6697,-121.495 39.6652,-121.501 39.6652))
201811091929,5,2,
Pattern Matcher : 48
201811091912,6,2,201811091919,3,2,
boundary: POLYGON((-121.501 39.6652,-121.512 39.6697,-121.524 39.6742,-121.553 39.7013,-121.559 39.7058,-121.588 39.7328,-121.588 39.7373,-121.588 39.7418,-121.588 39.7463,-121.588 39.7508,-121.582 39.7553,-121.576 39.7553,-121.571 39.7553,-121.53 39.7732,-121.518 39.8002,-121.506 39.8137,-121.5 39.8272,-121.489 39.8542,-121.483 39.8587,-121.477 39.8587,-121.459 39.8541,-121.448 39.8496,-121.424 39.8226,-121.419 39.8181,-121.419 39.8136,-121.419 39.8091,-121.419 39.8046,-121.419 39.8001,-121.401 39.764,-121.401 39.7595,-121.401 39.755,-121.401 39.746,-121.407 39.7415,-121.425 39.7056,-121.425 39.7011,-121.431 39.6921,-121.437 39.6876,-121.442 39.6876,-121.489 39.6697,-121.495 39.6652,-121.501 39.6652))
201811092029,5,2,
Pattern Matcher : 49
201811091912,6,2,201811092021,3,2,
boundary: POLYGON((-121.454 39.6606,-121.466 39.6652,-121.495 39.6652,-121.501 39.6652,-121.512 39.6697,-121.524 39.6742,-121.553 39.7013,-121.559 39.7058,-121.559 39.7103,-121.559 39.7148,-121.553 39.7238,-121.541 39.7508,-121.536 39.7507,-121.53 39.7507,-121.524 39.7507,-121.489 39.8362,-121.489 39.8452,-121.489 39.8497,-121.489 39.8542,-121.483 39.8587,-121.477 39.8587,-121.459 39.8541,-121.448 39.8496,-121.424 39.8226,-121.419 39.8181,-121.419 39.8046,-121.419 39.8001,-121.43 39.7776,-121.425 39.7101,-121.425 39.7056,-121.425 39.7011,-121.431 39.6921,-121.437 39.6831,-121.442 39.6651,-121.448 39.6606,-121.454 39.6606))
201811092029,5,2,
Pattern Matcher : 50
201811092016,6,2,201811092021,3,2,
boundary: POLYGON((-121.454 39.6606,-121.466 39.6652,-121.495 39.6652,-121.501 39.6652,-121.512 39.6697,-121.524 39.6742,-121.553 39.7013,-121.559 39.7058,-121.559 39.7103,-121.559 39.7148,-121.553 39.7238,-121.541 39.7508,-121.536 39.7507,-121.53 39.7507,-121.524 39.7507,-121.489 39.8362,-121.489 39.8452,-121.489 39.8497,-121.489 39.8542,-121.483 39.8587,-121.477 39.8587,-121.459 39.8541,-121.448 39.8496,-121.424 39.8226,-121.419 39.8181,-121.419 39.8046,-121.419 39.8001,-121.43 39.7776,-121.425 39.7101,-121.425 39.7056,-121.425 39.7011,-121.431 39.6921,-121.437 39.6831,-121.442 39.6651,-121.448 39.6606,-121.454 39.6606))
201811092029,5,2,
Pattern Matcher : 51
201811092016,6,2,201811092021,3,2,
boundary: POLYGON((-121.454 39.6606,-121.466 39.6652,-121.495 39.6652,-121.501 39.6652,-121.512 39.6697,-121.524 39.6742,-121.553 39.7013,-121.559 39.7058,-121.559 39.7103,-121.559 39.7148,-121.553 39.7238,-121.541 39.7508,-121.536 39.7507,-121.53 39.7507,-121.524 39.7507,-121.489 39.8362,-121.489 39.8452,-121.489 39.8497,-121.489 39.8542,-121.483 39.8587,-121.477 39.8587,-121.459 39.8541,-121.448 39.8496,-121.424 39.8226,-121.419 39.8181,-121.419 39.8046,-121.419 39.8001,-121.43 39.7776,-121.425 39.7101,-121.425 39.7056,-121.425 39.7011,-121.431 39.6921,-121.437 39.6831,-121.442 39.6651,-121.448 39.6606,-121.454 39.6606))
201811092120,5,2,
Pattern Matcher : 52
201811092016,6,2,201811092117,3,2,
boundary: POLYGON((-121.559 39.7058,-121.559 39.7103,-121.559 39.7148,-121.553 39.7238,-121.541 39.7508,-121.53 39.8362,-121.535 39.8407,-121.535 39.8497,-121.535 39.8542,-121.535 39.8587,-121.524 39.8632,-121.512 39.8587,-121.483 39.8587,-121.477 39.8587,-121.459 39.8541,-121.448 39.8496,-121.424 39.8226,-121.419 39.8181,-121.419 39.8136,-121.419 39.8091,-121.419 39.8046,-121.419 39.8001,-121.425 39.7101,-121.425 39.7011,-121.431 39.6921,-121.437 39.6876,-121.442 39.6876,-121.477 39.6922,-121.483 39.6922,-121.489 39.6922,-121.507 39.6967,-121.524 39.6967,-121.53 39.6967,-121.536 39.6967,-121.553 39.7013,-121.559 39.7058))
201811092120,5,2,
Pattern Matcher : 53
201811092112,6,2,201811092117,3,2,
boundary: POLYGON((-121.536 39.6967,-121.553 39.7013,-121.559 39.7058,-121.559 39.7103,-121.559 39.7148,-121.553 39.7238,-121.541 39.7508,-121.518 39.7912,-121.518 39.7957,-121.518 39.8002,-121.531 39.8294,-121.53 39.8362,-121.535 39.8407,-121.535 39.8452,-121.535 39.8542,-121.535 39.8587,-121.524 39.8632,-121.512 39.8587,-121.483 39.8587,-121.477 39.8587,-121.459 39.8541,-121.448 39.8496,-121.424 39.8226,-121.419 39.8181,-121.419 39.8136,-121.419 39.8091,-121.419 39.8046,-121.419 39.8001,-121.43 39.7776,-121.425 39.7101,-121.425 39.7011,-121.431 39.6921,-121.437 39.6876,-121.442 39.6876,-121.477 39.6922,-121.483 39.6922,-121.489 39.6922,-121.507 39.6967,-121.524 39.6967,-121.53 39.6967,-121.536 39.6967))
201811092120,5,2,
Pattern Matcher : 54
201811092227,6,2,201811092231,3,2,
boundary: POLYGON((-121.483 39.6922,-121.489 39.6922,-121.507 39.6967,-121.524 39.6967,-121.53 39.6967,-121.536 39.6967,-121.553 39.7013,-121.559 39.7058,-121.559 39.7103,-121.559 39.7148,-121.553 39.7238,-121.547 39.7283,-121.53 39.7237,-121.501 39.7237,-121.46 39.8046,-121.483 39.8317,-121.489 39.8362,-121.489 39.8407,-121.489 39.8452,-121.489 39.8497,-121.489 39.8542,-121.483 39.8587,-121.477 39.8587,-121.459 39.8541,-121.448 39.8496,-121.424 39.8226,-121.419 39.8181,-121.419 39.8136,-121.419 39.8091,-121.419 39.8001,-121.43 39.7956,-121.471 39.7147,-121.471 39.7012,-121.472 39.6967,-121.477 39.6922,-121.483 39.6922))
201811092236,5,2,
Pattern Matcher : 55
201811092342,6,2,201811092345,3,2,
boundary: POLYGON((-121.483 39.6922,-121.489 39.6922,-121.507 39.6967,-121.512 39.7012,-121.512 39.7057,-121.512 39.7102,-121.512 39.7147,-121.512 39.7192,-121.501 39.7237,-121.46 39.8046,-121.483 39.8317,-121.489 39.8362,-121.489 39.8407,-121.489 39.8452,-121.489 39.8497,-121.489 39.8542,-121.483 39.8587,-121.477 39.8587,-121.459 39.8541,-121.448 39.8496,-121.424 39.8226,-121.419 39.8181,-121.419 39.8091,-121.419 39.8001,-121.43 39.7956,-121.471 39.7147,-121.471 39.7057,-121.471 39.7012,-121.472 39.6967,-121.477 39.6922,-121.483 39.6922))
201811092352,5,2,
Pattern Matcher : 56
201811111915,6,2,201811112022,3,2,
boundary: POLYGON((-121.501 39.6652,-121.512 39.6697,-121.524 39.6742,-121.524 39.6787,-121.524 39.6832,-121.524 39.6877,-121.524 39.6922,-121.518 39.6967,-121.512 39.6967,-121.495 39.6922,-121.483 39.6877,-121.483 39.6787,-121.489 39.6697,-121.495 39.6652,-121.501 39.6652))
201811112032,5,2,
Pattern Matcher : 57
201811112015,6,2,201811112022,3,2,
boundary: POLYGON((-121.495 39.6652,-121.501 39.6652,-121.512 39.6697,-121.524 39.6742,-121.524 39.6787,-121.524 39.6832,-121.524 39.6877,-121.524 39.6922,-121.518 39.6967,-121.512 39.6967,-121.495 39.6922,-121.483 39.6877,-121.483 39.6787,-121.489 39.6697,-121.495 39.6652))
201811112032,5,2,
Pattern Matcher : 58
201811111916,6,2,201811112025,3,2,
boundary: POLYGON((-121.407 39.845,-121.407 39.8405,-121.407 39.836,-121.407 39.8315,-121.407 39.827,-121.413 39.8226,-121.419 39.8226,-121.436 39.8271,-121.448 39.8316,-121.448 39.8361,-121.448 39.8406,-121.442 39.8496,-121.436 39.8541,-121.43 39.8541,-121.413 39.8496,-121.407 39.845))
201811112032,5,2,
Pattern Matcher : 59
201811112018,6,2,201811112025,3,2,
boundary: POLYGON((-121.419 39.8226,-121.436 39.8271,-121.448 39.8316,-121.448 39.8361,-121.448 39.8406,-121.442 39.8496,-121.436 39.8541,-121.43 39.8541,-121.413 39.8496,-121.407 39.845,-121.407 39.8405,-121.407 39.836,-121.407 39.8315,-121.407 39.827,-121.413 39.8226,-121.419 39.8226))
201811112032,5,2,
Pattern Matcher : 60
201811112015,6,2,201811112022,3,2,
boundary: POLYGON((-121.495 39.6652,-121.501 39.6652,-121.512 39.6697,-121.524 39.6742,-121.524 39.6787,-121.524 39.6832,-121.524 39.6877,-121.524 39.6922,-121.518 39.6967,-121.512 39.6967,-121.495 39.6922,-121.483 39.6877,-121.483 39.6787,-121.489 39.6697,-121.495 39.6652))
201811112130,5,2,
Pattern Matcher : 61
201811112018,6,2,201811112025,3,2,
boundary: POLYGON((-121.419 39.8226,-121.436 39.8271,-121.448 39.8316,-121.448 39.8361,-121.448 39.8406,-121.442 39.8496,-121.436 39.8541,-121.43 39.8541,-121.413 39.8496,-121.407 39.845,-121.407 39.8405,-121.407 39.836,-121.407 39.8315,-121.407 39.827,-121.413 39.8226,-121.419 39.8226))
201811112130,5,2,
Pattern Matcher : 62
201811112015,6,2,201811112121,3,2,
boundary: POLYGON((-121.495 39.6652,-121.501 39.6652,-121.512 39.6697,-121.524 39.6742,-121.524 39.6787,-121.524 39.6832,-121.524 39.6877,-121.524 39.6922,-121.518 39.6967,-121.512 39.6967,-121.495 39.6922,-121.483 39.6877,-121.483 39.6787,-121.489 39.6697,-121.495 39.6652))
201811112130,5,2,
Pattern Matcher : 63
201811112115,6,2,201811112121,3,2,
boundary: POLYGON((-121.495 39.6652,-121.501 39.6652,-121.512 39.6697,-121.524 39.6742,-121.524 39.6787,-121.524 39.6832,-121.524 39.6877,-121.524 39.6922,-121.518 39.6967,-121.512 39.6967,-121.495 39.6922,-121.483 39.6877,-121.483 39.6787,-121.489 39.6697,-121.495 39.6652))
201811112130,5,2,
Pattern Matcher : 64
201811112237,6,2,201811112242,3,2,
boundary: POLYGON((-121.466 39.6382,-121.472 39.6382,-121.477 39.6382,-121.507 39.6382,-121.512 39.6382,-121.524 39.6427,-121.542 39.6473,-121.565 39.6743,-121.571 39.6788,-121.571 39.6833,-121.571 39.6878,-121.571 39.6923,-121.571 39.6968,-121.559 39.7013,-121.542 39.6968,-121.518 39.6967,-121.512 39.6967,-121.495 39.6922,-121.472 39.6922,-121.466 39.6922,-121.46 39.6921,-121.448 39.6876,-121.437 39.6831,-121.442 39.6651,-121.454 39.6426,-121.46 39.6381,-121.466 39.6382))
201811112252,5,2,
Pattern Matcher : 65
201811112344,6,2,201811112349,3,2,
boundary: POLYGON((-121.495 39.6652,-121.501 39.6652,-121.512 39.6697,-121.524 39.6742,-121.524 39.6787,-121.524 39.6832,-121.524 39.6877,-121.524 39.6922,-121.518 39.6967,-121.512 39.6967,-121.495 39.6922,-121.483 39.6877,-121.483 39.6787,-121.489 39.6697,-121.495 39.6652))
201811112358,5,2,
Pattern Matcher : 66
201811120039,6,2,201811120044,3,2,
boundary: POLYGON((-121.466 39.6382,-121.472 39.6382,-121.477 39.6382,-121.507 39.6382,-121.512 39.6382,-121.524 39.6427,-121.542 39.6473,-121.542 39.6518,-121.536 39.6652,-121.524 39.6922,-121.518 39.6967,-121.512 39.6967,-121.495 39.6922,-121.483 39.6877,-121.46 39.6606,-121.454 39.6561,-121.454 39.6516,-121.454 39.6471,-121.454 39.6426,-121.46 39.6381,-121.466 39.6382))
201811120055,5,2,
Pattern Matcher : 67
201811120039,6,2,201811120044,3,2,
boundary: POLYGON((-121.466 39.6382,-121.472 39.6382,-121.477 39.6382,-121.507 39.6382,-121.512 39.6382,-121.524 39.6427,-121.542 39.6473,-121.542 39.6518,-121.536 39.6652,-121.524 39.6922,-121.518 39.6967,-121.512 39.6967,-121.495 39.6922,-121.483 39.6877,-121.46 39.6606,-121.454 39.6561,-121.454 39.6516,-121.454 39.6471,-121.454 39.6426,-121.46 39.6381,-121.466 39.6382))
201811120124,5,2,
Pattern Matcher : 68
201811120039,6,2,201811120120,3,2,
boundary: POLYGON((-121.466 39.6382,-121.472 39.6382,-121.477 39.6382,-121.507 39.6382,-121.512 39.6382,-121.524 39.6427,-121.542 39.6473,-121.565 39.6743,-121.571 39.6788,-121.571 39.6833,-121.571 39.6878,-121.571 39.6923,-121.571 39.6968,-121.559 39.7013,-121.542 39.6968,-121.518 39.6967,-121.512 39.6967,-121.495 39.6922,-121.483 39.6877,-121.46 39.6606,-121.454 39.6561,-121.454 39.6471,-121.454 39.6426,-121.46 39.6381,-121.466 39.6382))
201811120124,5,2,
Pattern Matcher : 69
201811120113,6,2,201811120120,3,2,
boundary: POLYGON((-121.612 39.6788,-121.617 39.6833,-121.617 39.6923,-121.612 39.7013,-121.606 39.7058,-121.588 39.7013,-121.559 39.7013,-121.542 39.6968,-121.518 39.6967,-121.512 39.6967,-121.495 39.6922,-121.483 39.6877,-121.46 39.6606,-121.454 39.6561,-121.454 39.6471,-121.454 39.6426,-121.46 39.6381,-121.466 39.6382,-121.472 39.6382,-121.477 39.6382,-121.507 39.6382,-121.512 39.6382,-121.524 39.6427,-121.553 39.6428,-121.559 39.6428,-121.571 39.6473,-121.582 39.6518,-121.612 39.6788))
201811120124,5,2,
Pattern Matcher : 70
201811120114,6,2,201811120121,3,2,
boundary: POLYGON((-121.459 39.8541,-121.459 39.8541,-121.436 39.8541,-121.43 39.8541,-121.421 39.8518,-121.413 39.8496,-121.407 39.845,-121.378 39.818,-121.372 39.8135,-121.372 39.809,-121.372 39.8045,-121.372 39.8,-121.378 39.7955,-121.384 39.791,-121.395 39.7955,-121.413 39.8001,-121.459 39.8271,-121.465 39.8272,-121.483 39.8317,-121.489 39.8362,-121.489 39.8407,-121.489 39.8542,-121.483 39.8587,-121.483 39.8587,-121.483 39.8587,-121.477 39.8587,-121.459 39.8541,-121.459 39.8541))
201811120124,5,2,
Pattern Matcher : 71
201811120113,6,2,201811120120,3,2,
boundary: POLYGON((-121.612 39.6788,-121.617 39.6833,-121.617 39.6923,-121.612 39.7013,-121.606 39.7058,-121.588 39.7013,-121.559 39.7013,-121.542 39.6968,-121.518 39.6967,-121.512 39.6967,-121.495 39.6922,-121.483 39.6877,-121.46 39.6606,-121.454 39.6561,-121.454 39.6471,-121.454 39.6426,-121.46 39.6381,-121.466 39.6382,-121.472 39.6382,-121.477 39.6382,-121.507 39.6382,-121.512 39.6382,-121.524 39.6427,-121.553 39.6428,-121.559 39.6428,-121.571 39.6473,-121.582 39.6518,-121.612 39.6788))
201811120232,5,2,
Pattern Matcher : 72
201811120114,6,2,201811120121,3,2,
boundary: POLYGON((-121.446 39.8511,-121.442 39.8496,-121.442 39.8496,-121.442 39.8496,-121.437 39.8536,-121.436 39.8541,-121.436 39.8541,-121.43 39.8541,-121.421 39.8518,-121.413 39.8496,-121.407 39.845,-121.378 39.818,-121.372 39.8135,-121.372 39.809,-121.372 39.8045,-121.372 39.8,-121.378 39.7955,-121.384 39.791,-121.395 39.7955,-121.413 39.8001,-121.459 39.8271,-121.465 39.8272,-121.483 39.8317,-121.489 39.8362,-121.489 39.8407,-121.489 39.8542,-121.483 39.8587,-121.477 39.8587,-121.459 39.8541,-121.454 39.8541,-121.446 39.8511))
201811120232,5,2,
Pattern Matcher : 73
201811120113,6,2,201811120224,3,2,
boundary: POLYGON((-121.478 39.6112,-121.483 39.6112,-121.489 39.6112,-121.501 39.6157,-121.507 39.6202,-121.553 39.6428,-121.559 39.6428,-121.571 39.6473,-121.582 39.6518,-121.612 39.6788,-121.617 39.6833,-121.617 39.6923,-121.612 39.7013,-121.606 39.7058,-121.588 39.7013,-121.559 39.7013,-121.542 39.6968,-121.518 39.6967,-121.512 39.6967,-121.495 39.6922,-121.483 39.6877,-121.46 39.6606,-121.454 39.6561,-121.454 39.6516,-121.454 39.6471,-121.454 39.6426,-121.466 39.6157,-121.472 39.6112,-121.478 39.6112))
201811120232,5,2,
Pattern Matcher : 74
201811120213,6,2,201811120224,3,2,
boundary: POLYGON((-121.478 39.6112,-121.483 39.6112,-121.489 39.6112,-121.501 39.6157,-121.507 39.6202,-121.553 39.6428,-121.559 39.6428,-121.571 39.6473,-121.582 39.6518,-121.612 39.6788,-121.617 39.6833,-121.617 39.6878,-121.617 39.6923,-121.612 39.7013,-121.606 39.7058,-121.588 39.7013,-121.559 39.7013,-121.542 39.6968,-121.518 39.6967,-121.512 39.6967,-121.495 39.6922,-121.483 39.6877,-121.46 39.6606,-121.454 39.6561,-121.454 39.6516,-121.454 39.6471,-121.454 39.6426,-121.466 39.6157,-121.472 39.6112,-121.478 39.6112))
201811120232,5,2,
Pattern Matcher : 75
201811120114,6,2,201811120227,3,2,
boundary: POLYGON((-121.436 39.8541,-121.43 39.8541,-121.421 39.8518,-121.413 39.8496,-121.407 39.845,-121.378 39.818,-121.372 39.8135,-121.372 39.809,-121.372 39.8045,-121.372 39.8,-121.378 39.7955,-121.384 39.791,-121.395 39.7955,-121.413 39.8001,-121.436 39.8271,-121.448 39.8316,-121.448 39.8361,-121.448 39.8406,-121.442 39.8496,-121.442 39.8496,-121.442 39.8496,-121.437 39.8536,-121.436 39.8541,-121.436 39.8541))
201811120232,5,2,
Pattern Matcher : 76
201811120216,6,2,201811120227,3,2,
boundary: POLYGON((-121.436 39.8541,-121.43 39.8541,-121.421 39.8518,-121.413 39.8496,-121.407 39.845,-121.378 39.818,-121.372 39.8135,-121.372 39.809,-121.372 39.8045,-121.372 39.8,-121.378 39.7955,-121.384 39.791,-121.395 39.7955,-121.413 39.8001,-121.436 39.8271,-121.448 39.8316,-121.448 39.8361,-121.448 39.8406,-121.442 39.8496,-121.442 39.8496,-121.442 39.8496,-121.437 39.8536,-121.436 39.8541,-121.436 39.8541))
201811120232,5,2,
Pattern Matcher : 77
201811120116,6,2,201811120228,3,2,
boundary: POLYGON((-121.67 39.7913,-121.676 39.7913,-121.682 39.7913,-121.699 39.7958,-121.699 39.8048,-121.699 39.8138,-121.693 39.8183,-121.687 39.8183,-121.682 39.8183,-121.676 39.8183,-121.658 39.8138,-121.658 39.8093,-121.658 39.8048,-121.658 39.8003,-121.658 39.7958,-121.664 39.7913,-121.67 39.7913))
201811120232,5,2,
Pattern Matcher : 78
201811120219,6,2,201811120228,3,2,
boundary: POLYGON((-121.699 39.8048,-121.699 39.8138,-121.693 39.8183,-121.687 39.8183,-121.682 39.8183,-121.676 39.8183,-121.658 39.8138,-121.658 39.8093,-121.658 39.8048,-121.658 39.8025,-121.658 39.7958,-121.664 39.7913,-121.67 39.7913,-121.676 39.7913,-121.682 39.7913,-121.699 39.7958,-121.699 39.8048))
201811120232,5,2,
Pattern Matcher : 79
201811120313,6,2,201811120324,3,2,
boundary: POLYGON((-121.478 39.6112,-121.483 39.6112,-121.489 39.6112,-121.501 39.6157,-121.507 39.6202,-121.553 39.6428,-121.559 39.6428,-121.571 39.6473,-121.582 39.6518,-121.582 39.6563,-121.582 39.6608,-121.582 39.6698,-121.577 39.6743,-121.571 39.6743,-121.553 39.6698,-121.53 39.6697,-121.524 39.6697,-121.518 39.6697,-121.489 39.6652,-121.483 39.6652,-121.477 39.6652,-121.472 39.6652,-121.46 39.6606,-121.454 39.6561,-121.454 39.6516,-121.454 39.6471,-121.454 39.6426,-121.466 39.6157,-121.472 39.6112,-121.478 39.6112))
201811120339,5,2,
Pattern Matcher : 80
201811120411,6,2,201811120422,3,2,
boundary: POLYGON((-121.454 39.6561,-121.454 39.6516,-121.454 39.6471,-121.454 39.6426,-121.46 39.6381,-121.466 39.6382,-121.472 39.6382,-121.477 39.6382,-121.507 39.6382,-121.512 39.6382,-121.524 39.6427,-121.542 39.6473,-121.542 39.6518,-121.536 39.6652,-121.53 39.6697,-121.524 39.6697,-121.518 39.6697,-121.489 39.6652,-121.483 39.6652,-121.477 39.6652,-121.472 39.6652,-121.46 39.6606,-121.454 39.6561))
201811120435,5,2,
Pattern Matcher : 81
201811120514,6,2,201811120529,3,2,
boundary: POLYGON((-121.542 39.6472,-121.542 39.6473,-121.542 39.6477,-121.542 39.6518,-121.536 39.6652,-121.53 39.6697,-121.524 39.6697,-121.518 39.6697,-121.489 39.6652,-121.483 39.6652,-121.477 39.6652,-121.472 39.6652,-121.46 39.6606,-121.454 39.6561,-121.454 39.6516,-121.454 39.6471,-121.454 39.6426,-121.46 39.6381,-121.466 39.6382,-121.472 39.6382,-121.477 39.6382,-121.507 39.6382,-121.512 39.6382,-121.524 39.6427,-121.542 39.6472))
201811120547,5,2,
Pattern Matcher : 82
201811120618,6,2,201811120628,3,2,
boundary: POLYGON((-121.495 39.6382,-121.507 39.6382,-121.512 39.6382,-121.524 39.6427,-121.524 39.6427,-121.524 39.6427,-121.542 39.6473,-121.542 39.6518,-121.536 39.6652,-121.536 39.6654,-121.53 39.6697,-121.524 39.6697,-121.518 39.6697,-121.489 39.6652,-121.483 39.6652,-121.477 39.6652,-121.472 39.6652,-121.46 39.6606,-121.454 39.6561,-121.454 39.6426,-121.454 39.6426,-121.46 39.6381,-121.463 39.6382,-121.466 39.6382,-121.495 39.6382))
201811120648,5,2,
Pattern Matcher : 83
201811120717,6,2,201811120728,3,2,
boundary: POLYGON((-121.512 39.6382,-121.524 39.6427,-121.542 39.6473,-121.542 39.6518,-121.536 39.6652,-121.53 39.6697,-121.524 39.6697,-121.518 39.6697,-121.507 39.6652,-121.495 39.6607,-121.501 39.6427,-121.507 39.6382,-121.512 39.6382))
201811120752,5,2,
Pattern Matcher : 84
201811120714,6,2,201811120729,3,2,
boundary: POLYGON((-121.565 39.8903,-121.565 39.8903,-121.559 39.8903,-121.553 39.8903,-121.55 39.8903,-121.547 39.8902,-121.53 39.8857,-121.53 39.8812,-121.53 39.8767,-121.53 39.8722,-121.53 39.8677,-121.53 39.8632,-121.537 39.8499,-121.54 39.8451,-121.565 39.8678,-121.571 39.8723,-121.571 39.8768,-121.565 39.8903,-121.565 39.8903))
201811120752,5,2,
Pattern Matcher : 85
201811120815,6,2,201811120823,3,2,
boundary: POLYGON((-121.512 39.6382,-121.524 39.6427,-121.542 39.6473,-121.542 39.6518,-121.536 39.6652,-121.53 39.6697,-121.524 39.6697,-121.518 39.6697,-121.507 39.6652,-121.495 39.6607,-121.501 39.6427,-121.507 39.6382,-121.512 39.6382))
201811120851,5,2,
Pattern Matcher : 86
201811120818,6,2,201811120826,3,2,
boundary: POLYGON((-121.565 39.89,-121.565 39.8903,-121.559 39.8903,-121.553 39.8903,-121.55 39.8903,-121.547 39.8902,-121.53 39.8857,-121.53 39.8632,-121.535 39.8632,-121.541 39.8632,-121.544 39.8632,-121.547 39.8633,-121.547 39.8633,-121.547 39.8633,-121.555 39.8589,-121.565 39.8678,-121.571 39.8723,-121.571 39.8768,-121.565 39.89))
201811120851,5,2,
Pattern Matcher : 87
201811120916,6,2,201811120932,3,2,
boundary: POLYGON((-121.496 39.6139,-121.501 39.6157,-121.507 39.6202,-121.53 39.6313,-121.553 39.6428,-121.559 39.6428,-121.566 39.6453,-121.571 39.6473,-121.574 39.6485,-121.582 39.6518,-121.582 39.6563,-121.582 39.6608,-121.582 39.6698,-121.577 39.6743,-121.571 39.6743,-121.553 39.6698,-121.53 39.6697,-121.524 39.6697,-121.518 39.6697,-121.489 39.6652,-121.483 39.6652,-121.477 39.6652,-121.472 39.6652,-121.46 39.6606,-121.456 39.6577,-121.454 39.6561,-121.454 39.6561,-121.454 39.6516,-121.454 39.6471,-121.454 39.6426,-121.466 39.6157,-121.472 39.6112,-121.478 39.6112,-121.483 39.6112,-121.489 39.6112,-121.496 39.6139))
201811120952,5,2,
Pattern Matcher : 88
201811120921,6,2,201811120936,3,2,
boundary: POLYGON((-121.544 39.8632,-121.547 39.8633,-121.553 39.8633,-121.565 39.8678,-121.571 39.8723,-121.571 39.8768,-121.565 39.89,-121.565 39.8903,-121.559 39.8903,-121.553 39.8903,-121.55 39.8903,-121.547 39.8902,-121.53 39.8857,-121.53 39.8632,-121.535 39.8632,-121.541 39.8632,-121.544 39.8632))
201811120952,5,2,
Pattern Matcher : 89
201811121013,6,2,201811121023,3,2,
boundary: POLYGON((-121.496 39.6139,-121.501 39.6157,-121.507 39.6202,-121.53 39.6313,-121.553 39.6428,-121.559 39.6428,-121.566 39.6453,-121.571 39.6473,-121.574 39.6485,-121.582 39.6518,-121.582 39.6563,-121.582 39.6608,-121.582 39.6698,-121.577 39.6743,-121.571 39.6743,-121.553 39.6698,-121.53 39.6697,-121.524 39.6697,-121.518 39.6697,-121.507 39.6652,-121.495 39.6607,-121.466 39.6337,-121.466 39.6292,-121.466 39.6247,-121.466 39.6202,-121.466 39.6157,-121.472 39.6112,-121.478 39.6112,-121.483 39.6112,-121.489 39.6112,-121.496 39.6139))
201811121041,5,2,
Pattern Matcher : 90
201811121016,6,2,201811121026,3,2,
boundary: POLYGON((-121.565 39.89,-121.565 39.8903,-121.559 39.8903,-121.553 39.8903,-121.55 39.8903,-121.547 39.8902,-121.53 39.8857,-121.53 39.8632,-121.535 39.8632,-121.541 39.8632,-121.544 39.8632,-121.547 39.8633,-121.553 39.8633,-121.565 39.8678,-121.571 39.8723,-121.571 39.8768,-121.565 39.89))
201811121041,5,2,
Pattern Matcher : 91
201811121111,6,2,201811121124,3,2,
boundary: POLYGON((-121.495 39.6382,-121.507 39.6382,-121.512 39.6382,-121.524 39.6427,-121.524 39.6427,-121.524 39.6427,-121.536 39.6427,-121.542 39.6473,-121.542 39.6518,-121.536 39.6652,-121.53 39.6697,-121.524 39.6697,-121.518 39.6697,-121.507 39.6652,-121.495 39.6607,-121.471 39.6382,-121.495 39.6382))
201811121144,5,2,
Pattern Matcher : 92
201811121112,6,2,201811121126,3,2,
boundary: POLYGON((-121.692 39.794,-121.699 39.7958,-121.699 39.8003,-121.699 39.8048,-121.699 39.8093,-121.699 39.8138,-121.696 39.8185,-121.688 39.8318,-121.682 39.8453,-121.676 39.8453,-121.67 39.8453,-121.664 39.8453,-121.664 39.8453,-121.664 39.8453,-121.635 39.8408,-121.629 39.8408,-121.623 39.8408,-121.617 39.8408,-121.588 39.8632,-121.588 39.8588,-121.588 39.8543,-121.588 39.8498,-121.588 39.8453,-121.588 39.8408,-121.592 39.8339,-121.6 39.8183,-121.606 39.8138,-121.612 39.8138,-121.617 39.8138,-121.658 39.7958,-121.664 39.7913,-121.682 39.7913,-121.692 39.794))
201811121144,5,2,
Pattern Matcher : 93
201811121218,6,2,201811121233,3,2,
boundary: POLYGON((-121.512 39.6382,-121.524 39.6427,-121.524 39.6427,-121.524 39.6427,-121.542 39.6473,-121.542 39.6475,-121.542 39.6518,-121.536 39.6652,-121.53 39.6697,-121.524 39.6697,-121.518 39.6697,-121.507 39.6652,-121.495 39.6607,-121.501 39.6427,-121.507 39.6382,-121.512 39.6382))
201811121259,5,2,
Pattern Matcher : 94
201811121221,6,2,201811121236,3,2,
boundary: POLYGON((-121.682 39.8183,-121.676 39.8183,-121.658 39.8138,-121.658 39.8093,-121.658 39.8048,-121.658 39.8003,-121.669 39.8084,-121.682 39.8183))
201811121259,5,2,
Pattern Matcher : 95
201811121414,6,2,201811121425,3,2,
boundary: POLYGON((-121.496 39.6139,-121.501 39.6157,-121.507 39.6202,-121.508 39.6207,-121.542 39.6473,-121.542 39.6518,-121.536 39.6652,-121.53 39.6697,-121.524 39.6697,-121.518 39.6697,-121.489 39.6652,-121.483 39.6652,-121.477 39.6652,-121.472 39.6652,-121.46 39.6606,-121.456 39.6577,-121.454 39.6561,-121.454 39.6516,-121.454 39.6471,-121.454 39.6426,-121.461 39.6271,-121.466 39.6157,-121.472 39.6112,-121.478 39.6112,-121.483 39.6112,-121.489 39.6112,-121.496 39.6139))
201811121457,5,2,
Pattern Matcher : 96
201811121610,6,2,201811121630,3,2,
boundary: POLYGON((-121.59 39.8766,-121.565 39.8903,-121.559 39.8903,-121.553 39.8903,-121.55 39.8903,-121.547 39.8902,-121.53 39.8857,-121.53 39.8812,-121.53 39.8767,-121.53 39.8722,-121.53 39.8677,-121.53 39.8632,-121.537 39.8482,-121.54 39.8431,-121.582 39.8633,-121.6 39.8678,-121.603 39.8691,-121.59 39.8766))
201811121643,5,2,
Pattern Matcher : 97
201811121814,6,2,201811121818,3,2,
boundary: POLYGON((-121.419 39.8226,-121.436 39.8271,-121.448 39.8316,-121.448 39.8361,-121.448 39.8406,-121.442 39.8496,-121.436 39.8541,-121.43 39.8541,-121.413 39.8496,-121.407 39.845,-121.407 39.8405,-121.407 39.836,-121.407 39.8315,-121.407 39.827,-121.413 39.8226,-121.419 39.8226))
201811121828,5,2,
Pattern Matcher : 98
201811121814,6,2,201811121818,3,2,
boundary: POLYGON((-121.419 39.8226,-121.436 39.8271,-121.448 39.8316,-121.448 39.8361,-121.448 39.8406,-121.442 39.8496,-121.436 39.8541,-121.43 39.8541,-121.413 39.8496,-121.407 39.845,-121.407 39.8405,-121.407 39.836,-121.407 39.8315,-121.407 39.827,-121.413 39.8226,-121.419 39.8226))
201811121925,5,2,
Pattern Matcher : 99
201811121814,6,2,201811121918,3,2,
boundary: POLYGON((-121.419 39.8226,-121.436 39.8271,-121.448 39.8316,-121.448 39.8361,-121.448 39.8406,-121.442 39.8496,-121.436 39.8541,-121.43 39.8541,-121.413 39.8496,-121.407 39.845,-121.407 39.8405,-121.407 39.836,-121.407 39.8315,-121.407 39.827,-121.413 39.8226,-121.419 39.8226))
201811121925,5,2,
Pattern Matcher : 100
201811121914,6,2,201811121918,3,2,
boundary: POLYGON((-121.419 39.8226,-121.436 39.8271,-121.448 39.8316,-121.448 39.8361,-121.448 39.8406,-121.442 39.8496,-121.436 39.8541,-121.43 39.8541,-121.413 39.8496,-121.407 39.845,-121.407 39.8405,-121.407 39.836,-121.407 39.8315,-121.407 39.827,-121.413 39.8226,-121.419 39.8226))
201811121925,5,2,
Pattern Matcher : 101
201811121914,6,2,201811121918,3,2,
boundary: POLYGON((-121.419 39.8226,-121.436 39.8271,-121.448 39.8316,-121.448 39.8361,-121.448 39.8406,-121.442 39.8496,-121.436 39.8541,-121.43 39.8541,-121.413 39.8496,-121.407 39.845,-121.407 39.8405,-121.407 39.836,-121.407 39.8315,-121.407 39.827,-121.413 39.8226,-121.419 39.8226))
201811122029,5,2,
Pattern Matcher : 102
201811121914,6,2,201811122022,3,2,
boundary: POLYGON((-121.419 39.8226,-121.436 39.8271,-121.448 39.8316,-121.448 39.8361,-121.448 39.8406,-121.442 39.8496,-121.436 39.8541,-121.43 39.8541,-121.413 39.8496,-121.407 39.845,-121.407 39.8405,-121.407 39.836,-121.407 39.8315,-121.407 39.827,-121.413 39.8226,-121.419 39.8226))
201811122029,5,2,
Pattern Matcher : 103
201811122018,6,2,201811122022,3,2,
boundary: POLYGON((-121.43 39.8541,-121.413 39.8496,-121.407 39.845,-121.407 39.8405,-121.407 39.836,-121.407 39.8315,-121.407 39.827,-121.413 39.8226,-121.419 39.8226,-121.436 39.8271,-121.448 39.8316,-121.448 39.8361,-121.448 39.8406,-121.442 39.8496,-121.436 39.8541,-121.43 39.8541))
201811122029,5,2,
Pattern Matcher : 104
201811122018,6,2,201811122022,3,2,
boundary: POLYGON((-121.43 39.8541,-121.413 39.8496,-121.407 39.845,-121.407 39.8405,-121.407 39.836,-121.407 39.8315,-121.407 39.827,-121.413 39.8226,-121.419 39.8226,-121.436 39.8271,-121.448 39.8316,-121.448 39.8361,-121.448 39.8406,-121.442 39.8496,-121.436 39.8541,-121.43 39.8541))
201811122125,5,2,
Pattern Matcher : 105
201811122018,6,2,201811122119,3,2,
boundary: POLYGON((-121.489 39.8362,-121.535 39.8632,-121.541 39.8632,-121.547 39.8633,-121.553 39.8633,-121.565 39.8678,-121.571 39.8723,-121.571 39.8768,-121.565 39.8903,-121.559 39.8903,-121.553 39.8903,-121.547 39.8902,-121.512 39.8902,-121.5 39.8857,-121.483 39.8812,-121.436 39.8541,-121.43 39.8541,-121.413 39.8496,-121.407 39.845,-121.407 39.836,-121.407 39.827,-121.413 39.8226,-121.419 39.8226,-121.436 39.8271,-121.459 39.8271,-121.465 39.8272,-121.483 39.8317,-121.489 39.8362))
201811122125,5,2,
Pattern Matcher : 106
201811122116,6,2,201811122119,3,2,
boundary: POLYGON((-121.489 39.8362,-121.535 39.8632,-121.541 39.8632,-121.547 39.8633,-121.553 39.8633,-121.565 39.8678,-121.571 39.8723,-121.6 39.8993,-121.6 39.9038,-121.6 39.9083,-121.6 39.9173,-121.594 39.9218,-121.588 39.9218,-121.582 39.9218,-121.57 39.9173,-121.559 39.9128,-121.512 39.8902,-121.5 39.8857,-121.483 39.8812,-121.436 39.8541,-121.43 39.8541,-121.413 39.8496,-121.407 39.845,-121.407 39.836,-121.407 39.827,-121.413 39.8226,-121.419 39.8226,-121.436 39.8271,-121.459 39.8271,-121.465 39.8272,-121.483 39.8317,-121.489 39.8362))
201811122125,5,2,
Pattern Matcher : 107
201811122240,6,2,201811122244,3,2,
boundary: POLYGON((-121.489 39.8362,-121.535 39.8632,-121.541 39.8632,-121.547 39.8633,-121.553 39.8633,-121.565 39.8678,-121.571 39.8723,-121.571 39.8768,-121.565 39.8903,-121.559 39.8903,-121.553 39.8903,-121.547 39.8902,-121.53 39.8857,-121.483 39.8587,-121.477 39.8587,-121.459 39.8541,-121.436 39.8541,-121.43 39.8541,-121.413 39.8496,-121.407 39.845,-121.407 39.8383,-121.407 39.8315,-121.407 39.827,-121.413 39.8226,-121.419 39.8226,-121.436 39.8271,-121.459 39.8271,-121.465 39.8272,-121.483 39.8317,-121.489 39.8362))
201811122249,5,2,
Pattern Matcher : 108
201811122240,6,2,201811122244,3,2,
boundary: POLYGON((-121.489 39.8362,-121.535 39.8632,-121.541 39.8632,-121.547 39.8633,-121.553 39.8633,-121.565 39.8678,-121.571 39.8723,-121.571 39.8768,-121.565 39.8903,-121.559 39.8903,-121.553 39.8903,-121.547 39.8902,-121.53 39.8857,-121.483 39.8587,-121.477 39.8587,-121.459 39.8541,-121.436 39.8541,-121.43 39.8541,-121.413 39.8496,-121.407 39.845,-121.407 39.8383,-121.407 39.8315,-121.407 39.827,-121.413 39.8226,-121.419 39.8226,-121.436 39.8271,-121.459 39.8271,-121.465 39.8272,-121.483 39.8317,-121.489 39.8362))
201811122358,5,2,
Pattern Matcher : 109
201811122240,6,2,201811122352,3,2,
boundary: POLYGON((-121.407 39.845,-121.407 39.8405,-121.407 39.836,-121.407 39.8315,-121.407 39.827,-121.413 39.8226,-121.419 39.8226,-121.436 39.8271,-121.448 39.8316,-121.448 39.8361,-121.448 39.8406,-121.442 39.8496,-121.436 39.8541,-121.43 39.8541,-121.413 39.8496,-121.407 39.845))
201811122358,5,2,
Pattern Matcher : 110
201811122346,6,2,201811122352,3,2,
boundary: POLYGON((-121.43 39.8541,-121.413 39.8496,-121.407 39.845,-121.407 39.8405,-121.407 39.836,-121.407 39.8315,-121.407 39.827,-121.413 39.8226,-121.419 39.8226,-121.436 39.8271,-121.448 39.8316,-121.448 39.8361,-121.448 39.8406,-121.442 39.8496,-121.436 39.8541,-121.43 39.8541))
201811122358,5,2,
Pattern Matcher : 111
201811130024,6,2,201811130032,3,2,
boundary: POLYGON((-121.466 39.6382,-121.472 39.6382,-121.477 39.6382,-121.495 39.6427,-121.495 39.6472,-121.495 39.6517,-121.495 39.6562,-121.489 39.6652,-121.483 39.6652,-121.477 39.6652,-121.472 39.6652,-121.46 39.6606,-121.454 39.6561,-121.454 39.6516,-121.454 39.6471,-121.454 39.6426,-121.46 39.6381,-121.466 39.6382))
201811130041,5,2,
Pattern Matcher : 112
201811130026,6,2,201811130035,3,2,
boundary: POLYGON((-121.419 39.8226,-121.436 39.8271,-121.448 39.8316,-121.448 39.8361,-121.448 39.8406,-121.442 39.8496,-121.436 39.8541,-121.43 39.8541,-121.413 39.8496,-121.407 39.845,-121.407 39.8405,-121.407 39.836,-121.407 39.8315,-121.407 39.827,-121.413 39.8226,-121.419 39.8226))
201811130041,5,2,
Pattern Matcher : 113
201811130024,6,2,201811130032,3,2,
boundary: POLYGON((-121.466 39.6382,-121.472 39.6382,-121.477 39.6382,-121.495 39.6427,-121.495 39.6472,-121.495 39.6517,-121.495 39.6562,-121.489 39.6652,-121.483 39.6652,-121.477 39.6652,-121.472 39.6652,-121.46 39.6606,-121.454 39.6561,-121.454 39.6516,-121.454 39.6471,-121.454 39.6426,-121.46 39.6381,-121.466 39.6382))
201811130121,5,2,
Pattern Matcher : 114
201811130026,6,2,201811130035,3,2,
boundary: POLYGON((-121.419 39.8226,-121.436 39.8271,-121.448 39.8316,-121.448 39.8361,-121.448 39.8406,-121.442 39.8496,-121.436 39.8541,-121.43 39.8541,-121.413 39.8496,-121.407 39.845,-121.407 39.8405,-121.407 39.836,-121.407 39.8315,-121.407 39.827,-121.413 39.8226,-121.419 39.8226))
201811130121,5,2,
Pattern Matcher : 115
201811130026,6,2,201811130115,3,2,
boundary: POLYGON((-121.419 39.8226,-121.436 39.8271,-121.459 39.8271,-121.465 39.8272,-121.483 39.8317,-121.489 39.8362,-121.489 39.8407,-121.489 39.8452,-121.489 39.8497,-121.489 39.8542,-121.483 39.8587,-121.477 39.8587,-121.459 39.8541,-121.436 39.8541,-121.43 39.8541,-121.413 39.8496,-121.407 39.845,-121.407 39.8405,-121.407 39.836,-121.407 39.8315,-121.407 39.827,-121.413 39.8226,-121.419 39.8226))
201811130121,5,2,
Pattern Matcher : 116
201811130109,6,2,201811130115,3,2,
boundary: POLYGON((-121.419 39.8226,-121.436 39.8271,-121.459 39.8271,-121.465 39.8272,-121.483 39.8317,-121.489 39.8362,-121.489 39.8407,-121.489 39.8452,-121.489 39.8497,-121.489 39.8542,-121.483 39.8587,-121.477 39.8587,-121.459 39.8541,-121.436 39.8541,-121.43 39.8541,-121.413 39.8496,-121.407 39.845,-121.407 39.8405,-121.407 39.836,-121.407 39.8315,-121.407 39.827,-121.413 39.8226,-121.419 39.8226))
201811130121,5,2,
Pattern Matcher : 117
201811130213,6,2,201811130220,3,2,
boundary: POLYGON((-121.448 39.8811,-121.436 39.8766,-121.413 39.8496,-121.407 39.845,-121.407 39.8405,-121.407 39.8315,-121.407 39.827,-121.413 39.8226,-121.419 39.8226,-121.436 39.8271,-121.459 39.8271,-121.465 39.8272,-121.483 39.8317,-121.489 39.8362,-121.489 39.8407,-121.489 39.8452,-121.489 39.8497,-121.489 39.8542,-121.477 39.8812,-121.465 39.8856,-121.448 39.8811))
201811130234,5,2,
Pattern Matcher : 118
201811130213,6,2,201811130220,3,2,
boundary: POLYGON((-121.477 39.8812,-121.477 39.8812,-121.472 39.883,-121.465 39.8856,-121.448 39.8811,-121.436 39.8766,-121.413 39.8496,-121.407 39.845,-121.407 39.8405,-121.407 39.8315,-121.407 39.827,-121.413 39.8226,-121.419 39.8226,-121.436 39.8271,-121.459 39.8271,-121.465 39.8272,-121.483 39.8317,-121.489 39.8362,-121.489 39.8407,-121.489 39.8452,-121.489 39.8497,-121.489 39.8542,-121.477 39.8812))
201811130328,5,2,
Pattern Matcher : 119
201811130213,6,2,201811130315,3,2,
boundary: POLYGON((-121.501 39.8832,-121.477 39.8812,-121.472 39.883,-121.465 39.8856,-121.448 39.8811,-121.436 39.8766,-121.413 39.8496,-121.407 39.845,-121.407 39.8405,-121.407 39.8315,-121.407 39.827,-121.413 39.8226,-121.419 39.8226,-121.436 39.8271,-121.459 39.8271,-121.465 39.8272,-121.483 39.8317,-121.489 39.8362,-121.518 39.8632,-121.524 39.8677,-121.524 39.8722,-121.524 39.8812,-121.519 39.8848,-121.501 39.8832))
201811130328,5,2,
Pattern Matcher : 120
201811130311,6,2,201811130315,3,2,
boundary: POLYGON((-121.501 39.8832,-121.477 39.8812,-121.472 39.883,-121.465 39.8856,-121.448 39.8811,-121.436 39.8766,-121.413 39.8496,-121.407 39.845,-121.407 39.8405,-121.407 39.8315,-121.407 39.827,-121.413 39.8226,-121.419 39.8226,-121.436 39.8271,-121.459 39.8271,-121.465 39.8272,-121.483 39.8317,-121.489 39.8362,-121.518 39.8632,-121.524 39.8677,-121.524 39.8722,-121.524 39.8812,-121.519 39.8848,-121.501 39.8832))
201811130328,5,2,
Pattern Matcher : 121
201811130409,6,2,201811130422,3,2,
boundary: POLYGON((-121.448 39.8315,-121.448 39.8316,-121.448 39.8361,-121.448 39.8406,-121.442 39.8496,-121.437 39.8536,-121.436 39.8541,-121.436 39.8541,-121.43 39.8541,-121.421 39.8518,-121.413 39.8496,-121.407 39.845,-121.407 39.8405,-121.407 39.8315,-121.407 39.827,-121.413 39.8226,-121.419 39.8226,-121.436 39.8271,-121.448 39.8315))
201811130432,5,2,
event stream queue is empty now!
perform 3loadshedding
eventCn 2693
#full Match 121
#high latecny (> 150)63
#NumPartialMatch 123
#NumDropedPM 0
#NumDropedInputEvents 0
avg latency: 1107
expression size: 0
