c01
c07MinusC14
c07
c01
c07MinusC14
c07
c01
c01
c01
c07MinusC14
c07MinusC14
c07MinusC14
c01
c07MinusC14
c07
c07
c07
c07
Pattern Matcher : 1
201811082313,0,2,201811082359,3,2,
boundary: POLYGON((-118.993 34.1897,-119.015 34.2169,-119.015 34.2259,-119.015 34.235,-119.004 34.235,-118.993 34.235,-118.972 34.235,-118.961 34.235,-118.929 34.235,-118.907 34.2259,-118.885 34.1989,-118.885 34.1988,-118.896 34.1807,-118.907 34.1807,-118.939 34.1807,-118.972 34.1897,-118.983 34.1897,-118.983 34.1897,-118.993 34.1897))
201811082353,6,2,
Pattern Matcher : 2
201811082313,0,2,201811082359,3,2,
boundary: POLYGON((-118.723 34.2212,-118.734 34.2257,-118.734 34.2262,-118.734 34.2348,-118.723 34.2438,-118.723 34.2212))
201811082356,6,2,
Pattern Matcher : 3
201811091512,0,2,201811091548,3,2,
boundary: POLYGON((-118.799 34.1266,-118.804 34.1323,-118.799 34.1354,-118.788 34.1353,-118.777 34.1172,-118.788 34.1173,-118.792 34.1203,-118.799 34.1263,-118.799 34.1266))
201811091544,6,2,
Pattern Matcher : 4
201811091603,0,2,201811091637,3,2,
boundary: POLYGON((-118.768 34.2637,-118.766 34.2619,-118.766 34.2619,-118.766 34.2619,-118.723 34.2438,-118.723 34.2438,-118.723 34.2438,-118.68 34.2437,-118.669 34.2346,-118.669 34.2256,-118.669 34.2165,-118.68 34.1985,-118.701 34.1714,-118.701 34.1352,-118.702 34.1261,-118.712 34.099,-118.734 34.072,-118.734 34.0719,-118.734 34.0719,-118.745 34.072,-118.777 34.072,-118.81 34.0811,-118.821 34.0811,-118.831 34.0811,-118.853 34.1083,-118.853 34.1173,-118.853 34.1264,-118.842 34.1445,-118.842 34.1806,-118.842 34.1897,-118.842 34.1987,-118.809 34.2439,-118.788 34.271,-118.777 34.271,-118.768 34.2637))
201811091631,6,2,
Pattern Matcher : 5
201811091703,0,2,201811091731,3,2,
boundary: POLYGON((-118.655 34.2143,-118.647 34.2074,-118.647 34.1984,-118.647 34.1982,-118.658 34.1894,-118.68 34.1442,-118.691 34.0809,-118.702 34.0719,-118.745 34.0539,-118.764 34.0539,-118.767 34.0539,-118.767 34.0539,-118.767 34.0539,-118.777 34.0539,-118.788 34.0539,-118.799 34.054,-118.81 34.054,-118.831 34.054,-118.842 34.054,-118.875 34.054,-118.896 34.0631,-118.939 34.0902,-118.95 34.0902,-118.95 34.0993,-118.939 34.1083,-118.896 34.1264,-118.874 34.1535,-118.842 34.1987,-118.831 34.262,-118.831 34.2711,-118.82 34.2711,-118.809 34.2711,-118.788 34.271,-118.777 34.271,-118.766 34.2619,-118.755 34.2438,-118.744 34.2348,-118.69 34.2347,-118.68 34.2437,-118.669 34.2346,-118.658 34.2165,-118.655 34.2143))
201811091723,6,2,
Pattern Matcher : 6
201811091804,0,2,201811091835,3,2,
boundary: POLYGON((-118.944 34.0822,-118.95 34.0902,-118.961 34.1041,-118.972 34.1174,-118.972 34.1176,-118.972 34.1264,-118.961 34.1355,-118.918 34.1536,-118.896 34.1716,-118.885 34.1807,-118.831 34.262,-118.831 34.2711,-118.82 34.2711,-118.809 34.2711,-118.788 34.271,-118.777 34.271,-118.766 34.2619,-118.755 34.2438,-118.744 34.2348,-118.69 34.2347,-118.68 34.2437,-118.669 34.2346,-118.669 34.2256,-118.669 34.2165,-118.68 34.1985,-118.701 34.1352,-118.702 34.1261,-118.691 34.0809,-118.702 34.0719,-118.713 34.0538,-118.723 34.0448,-118.767 34.0268,-118.777 34.0268,-118.788 34.0268,-118.81 34.0268,-118.821 34.0268,-118.853 34.0269,-118.875 34.0359,-118.918 34.0631,-118.929 34.0631,-118.929 34.0631,-118.944 34.0822))
201811091823,6,2,
Pattern Matcher : 7
201811091905,0,2,201811091927,3,2,
boundary: POLYGON((-118.961 34.0632,-118.972 34.0721,-118.983 34.0902,-118.983 34.0993,-118.983 34.1083,-118.983 34.1086,-118.972 34.1264,-118.961 34.1355,-118.95 34.1355,-118.918 34.1355,-118.874 34.1535,-118.842 34.1987,-118.809 34.2439,-118.799 34.2439,-118.788 34.2439,-118.777 34.2348,-118.69 34.2347,-118.68 34.2437,-118.669 34.2346,-118.658 34.2165,-118.647 34.2074,-118.647 34.1984,-118.658 34.1803,-118.669 34.1713,-118.702 34.1261,-118.691 34.0809,-118.702 34.0719,-118.713 34.0538,-118.723 34.0357,-118.734 34.0267,-118.745 34.0267,-118.756 34.0268,-118.767 34.0268,-118.777 34.0268,-118.788 34.0268,-118.81 34.0268,-118.821 34.0268,-118.853 34.0269,-118.885 34.0359,-118.896 34.036,-118.907 34.036,-118.929 34.036,-118.939 34.036,-118.95 34.045,-118.961 34.0631,-118.961 34.0632))
201811091921,6,2,
Pattern Matcher : 8
201811092002,0,2,201811092034,3,2,
boundary: POLYGON((-118.972 34.036,-118.983 34.045,-118.983 34.0457,-118.983 34.0541,-118.983 34.0902,-118.983 34.0993,-118.983 34.1083,-118.972 34.1264,-118.961 34.1355,-118.95 34.1355,-118.918 34.1355,-118.874 34.1535,-118.864 34.1535,-118.82 34.1716,-118.81 34.1806,-118.799 34.1987,-118.788 34.1987,-118.734 34.2348,-118.723 34.2438,-118.68 34.2437,-118.669 34.2346,-118.658 34.2165,-118.647 34.2074,-118.647 34.1984,-118.658 34.1803,-118.68 34.1442,-118.691 34.0809,-118.702 34.0719,-118.713 34.0538,-118.723 34.0357,-118.734 34.0267,-118.745 34.0086,-118.756 33.9996,-118.767 33.9996,-118.786 33.9997,-118.799 33.9997,-118.817 33.9997,-118.831 33.9997,-118.856 34.0065,-118.864 34.0088,-118.864 34.0088,-118.864 34.0088,-118.874 34.0088,-118.875 34.0088,-118.875 34.0088,-118.885 34.0179,-118.929 34.036,-118.972 34.036))
201811092024,6,2,
Pattern Matcher : 9
201811092103,0,2,201811092137,3,2,
boundary: POLYGON((-118.961 34.0632,-118.972 34.0721,-118.972 34.0723,-118.983 34.0902,-118.983 34.0993,-118.983 34.1083,-118.972 34.1083,-118.929 34.1264,-118.918 34.1355,-118.874 34.1535,-118.864 34.1535,-118.831 34.1535,-118.799 34.1444,-118.788 34.1444,-118.745 34.1624,-118.734 34.2257,-118.734 34.2348,-118.723 34.2438,-118.712 34.2618,-118.701 34.2618,-118.69 34.2618,-118.68 34.2437,-118.669 34.2346,-118.658 34.2165,-118.647 34.2074,-118.647 34.1448,-118.647 34.1441,-118.658 34.126,-118.658 34.1257,-118.669 34.117,-118.691 34.0809,-118.702 34.0719,-118.713 34.0538,-118.723 34.0357,-118.734 34.0267,-118.745 34.0086,-118.756 33.9996,-118.767 33.9996,-118.786 33.9997,-118.799 33.9997,-118.81 34.0087,-118.853 34.0269,-118.885 34.0359,-118.896 34.036,-118.907 34.036,-118.929 34.036,-118.939 34.036,-118.95 34.045,-118.961 34.0631,-118.961 34.0632))
201811092126,6,2,
Pattern Matcher : 10
201811092205,0,2,201811092259,3,2,
boundary: POLYGON((-118.831 33.9997,-118.856 34.0065,-118.864 34.0088,-118.864 34.0088,-118.864 34.0088,-118.874 34.0088,-118.875 34.0088,-118.907 34.0088,-118.918 34.0088,-118.95 34.0088,-118.961 34.0179,-118.972 34.036,-118.983 34.045,-119.026 34.0631,-119.047 34.0721,-119.047 34.0812,-119.037 34.0902,-119.026 34.1083,-119.015 34.1174,-119.004 34.1355,-118.993 34.1355,-118.95 34.1536,-118.939 34.1626,-118.929 34.1536,-118.874 34.1535,-118.864 34.1535,-118.853 34.1445,-118.799 34.1444,-118.788 34.1444,-118.745 34.1624,-118.734 34.1714,-118.712 34.2076,-118.701 34.2166,-118.69 34.2347,-118.68 34.2437,-118.647 34.2346,-118.636 34.2345,-118.625 34.2255,-118.625 34.2247,-118.625 34.2164,-118.647 34.1984,-118.658 34.1351,-118.658 34.126,-118.669 34.0628,-118.669 34.0543,-118.669 34.0537,-118.68 34.0447,-118.691 34.0447,-118.723 34.0357,-118.734 34.0267,-118.745 34.0087,-118.745 34.0086,-118.751 34.0035,-118.756 33.9996,-118.767 33.9996,-118.773 33.9996,-118.782 33.9997,-118.799 34.0087,-118.804 33.9997,-118.817 33.9997,-118.831 33.9997))
201811092259,6,2,
Pattern Matcher : 11
201811092319,0,2,201811092359,3,2,
boundary: POLYGON((-118.874 34.0088,-118.875 34.0088,-118.907 34.0088,-118.918 34.0088,-118.95 34.0088,-118.961 34.0179,-118.972 34.036,-118.983 34.045,-119.026 34.0631,-119.047 34.0721,-119.047 34.0812,-119.037 34.0902,-119.026 34.1083,-119.015 34.1174,-118.972 34.1264,-118.961 34.1355,-118.95 34.1355,-118.918 34.1355,-118.885 34.1264,-118.875 34.1264,-118.853 34.1264,-118.842 34.1264,-118.799 34.1444,-118.788 34.1444,-118.777 34.1444,-118.756 34.1443,-118.712 34.1985,-118.712 34.2076,-118.701 34.2166,-118.69 34.2166,-118.658 34.2165,-118.647 34.2074,-118.647 34.1984,-118.653 34.1667,-118.691 34.1442,-118.701 34.1352,-118.712 34.1262,-118.723 34.1081,-118.734 34.09,-118.745 34.072,-118.756 34.0629,-118.777 34.0268,-118.79 33.9997,-118.817 33.9997,-118.831 33.9997,-118.842 34.0088,-118.874 34.0088))
201811092359,6,2,
Pattern Matcher : 12
201811100006,0,2,201811100039,3,2,
boundary: POLYGON((-118.972 34.036,-118.983 34.045,-118.988 34.0538,-118.993 34.0631,-119.004 34.0721,-119.015 34.0902,-119.015 34.0903,-119.018 34.0931,-119.004 34.0902,-118.983 34.0812,-118.95 34.0812,-118.939 34.0812,-118.918 34.0721,-118.907 34.054,-118.896 34.045,-118.889 34.0329,-118.89 34.0334,-118.896 34.036,-118.972 34.036))
201811100035,6,2,
Pattern Matcher : 13
201811100008,0,2,201811100039,3,2,
boundary: POLYGON((-118.777 34.0901,-118.788 34.0811,-118.799 34.0901,-118.799 34.0992,-118.788 34.1082,-118.777 34.0991,-118.777 34.0901))
201811100035,6,2,
Pattern Matcher : 14
201811100006,0,2,201811100121,3,2,
boundary: POLYGON((-118.972 34.036,-118.983 34.045,-118.988 34.0538,-118.993 34.0631,-119.004 34.0721,-119.004 34.0812,-118.997 34.0872,-118.983 34.0812,-118.95 34.0812,-118.939 34.0812,-118.918 34.0721,-118.907 34.054,-118.896 34.045,-118.891 34.0359,-118.896 34.036,-118.972 34.036))
201811100035,6,2,
Pattern Matcher : 15
201811100006,0,2,201811100121,3,2,
boundary: POLYGON((-118.972 34.036,-118.983 34.045,-118.983 34.0452,-118.993 34.0631,-119.004 34.0721,-119.004 34.0812,-118.997 34.0872,-118.983 34.0812,-118.95 34.0812,-118.939 34.0812,-118.918 34.0721,-118.907 34.054,-118.896 34.045,-118.891 34.0359,-118.896 34.036,-118.972 34.036))
201811100117,6,2,
Pattern Matcher : 16
201811101806,0,2,201811101826,3,2,
boundary: POLYGON((-118.929 34.0902,-118.939 34.0902,-118.95 34.0902,-118.95 34.0993,-118.939 34.1083,-118.929 34.1083,-118.918 34.0993,-118.918 34.0902,-118.929 34.0902))
201811101819,6,2,
Pattern Matcher : 17
201811101806,0,2,201811101923,3,2,
boundary: POLYGON((-118.918 34.0902,-118.929 34.0902,-118.939 34.0902,-118.95 34.0902,-118.972 34.1174,-118.972 34.1264,-118.961 34.1355,-118.95 34.1355,-118.918 34.1355,-118.907 34.1264,-118.907 34.1174,-118.907 34.1083,-118.918 34.0902))
201811101819,6,2,
Pattern Matcher : 18
201811101806,0,2,201811101923,3,2,
boundary: POLYGON((-118.918 34.0902,-118.929 34.0902,-118.939 34.0902,-118.95 34.0902,-118.972 34.1174,-118.972 34.1264,-118.961 34.1355,-118.95 34.1355,-118.918 34.1355,-118.907 34.1264,-118.907 34.1174,-118.907 34.1083,-118.918 34.0902))
201811101917,6,2,
Pattern Matcher : 19
201811101905,0,2,201811101923,3,2,
boundary: POLYGON((-118.918 34.0902,-118.929 34.0902,-118.939 34.0902,-118.95 34.0902,-118.972 34.1174,-118.972 34.1264,-118.961 34.1355,-118.95 34.1355,-118.918 34.1355,-118.907 34.1264,-118.907 34.1174,-118.907 34.1083,-118.918 34.0902))
201811101917,6,2,
Pattern Matcher : 20
201811102003,0,2,201811102026,3,2,
boundary: POLYGON((-118.702 34.0719,-118.712 34.0719,-118.723 34.081,-118.723 34.09,-118.712 34.09,-118.702 34.09,-118.691 34.0809,-118.702 34.0719))
201811102015,6,2,
Pattern Matcher : 21
201811102003,0,2,201811102028,3,2,
boundary: POLYGON((-118.896 34.0812,-118.929 34.0902,-118.939 34.0902,-118.95 34.0902,-118.972 34.1174,-118.972 34.1264,-118.961 34.1355,-118.95 34.1355,-118.918 34.1355,-118.907 34.1264,-118.896 34.1083,-118.885 34.0993,-118.885 34.0902,-118.896 34.0812))
201811102015,6,2,
Pattern Matcher : 22
201811102104,0,2,201811102147,3,2,
boundary: POLYGON((-118.702 34.0719,-118.712 34.0719,-118.734 34.0719,-118.745 34.072,-118.756 34.081,-118.756 34.0901,-118.745 34.0991,-118.712 34.09,-118.702 34.09,-118.691 34.0809,-118.702 34.0719))
201811102136,6,2,
Pattern Matcher : 23
201811102104,0,2,201811102148,3,2,
boundary: POLYGON((-118.896 34.0812,-118.929 34.0902,-118.939 34.0902,-118.95 34.0902,-118.961 34.0902,-118.972 34.0902,-118.983 34.0902,-118.983 34.0993,-118.983 34.1083,-118.993 34.1445,-118.993 34.1536,-118.983 34.1626,-118.972 34.1626,-118.961 34.1536,-118.918 34.1355,-118.907 34.1264,-118.896 34.1083,-118.885 34.0993,-118.885 34.0902,-118.896 34.0812))
201811102136,6,2,
Pattern Matcher : 24
201811102204,0,2,201811102232,3,2,
boundary: POLYGON((-118.929 34.0902,-118.939 34.0902,-118.95 34.0902,-118.961 34.0902,-118.972 34.0902,-118.983 34.0902,-118.983 34.0993,-118.983 34.1083,-118.972 34.1264,-118.961 34.1355,-118.95 34.1355,-118.939 34.1264,-118.929 34.1083,-118.918 34.0993,-118.918 34.0902,-118.929 34.0902))
201811102221,6,2,
event stream queue is empty now!
perform 0loadshedding
eventCn 1499
#full Match 24
#high latecny (> 150)5
#NumPartialMatch 28
#NumDropedPM 0
#NumDropedInputEvents 0
avg latency: 208
expression size: 0
