c07
c07MinusC14
c16
c07
c07MinusC14
c16
c07
c07
c07
c07MinusC14
c07MinusC14
c07MinusC14
c07
c07MinusC14
c16
c16
c16
c16
Pattern Matcher : 1
201811082353,6,2,201811082359,3,2,
boundary: POLYGON((-118.993 34.1897,-119.015 34.2169,-119.015 34.2259,-119.015 34.235,-119.004 34.235,-118.993 34.235,-118.972 34.235,-118.961 34.235,-118.929 34.235,-118.907 34.2259,-118.885 34.1988,-118.896 34.1807,-118.907 34.1807,-118.939 34.1807,-118.972 34.1897,-118.983 34.1897,-118.993 34.1897))
201811082359,5,2,
Pattern Matcher : 2
201811082356,6,2,201811082359,3,2,
boundary: POLYGON((-118.734 34.2257,-118.734 34.2348,-118.723 34.2438,-118.701 34.2347,-118.701 34.2256,-118.712 34.2166,-118.734 34.2257))
201811082359,5,2,
Pattern Matcher : 3
201811090041,6,2,201811090048,3,2,
boundary: POLYGON((-118.972 34.1897,-118.983 34.1897,-118.993 34.1897,-119.015 34.2169,-119.015 34.2259,-119.015 34.235,-119.004 34.235,-118.993 34.235,-118.972 34.235,-118.961 34.235,-118.929 34.235,-118.907 34.2259,-118.907 34.2169,-118.918 34.2078,-118.929 34.1897,-118.939 34.1807,-118.972 34.1897))
201811090059,5,2,
Pattern Matcher : 4
201811090043,6,2,201811090051,3,2,
boundary: POLYGON((-118.701 34.2347,-118.701 34.2256,-118.712 34.2166,-118.734 34.2257,-118.734 34.2348,-118.723 34.2438,-118.701 34.2347))
201811090059,5,2,
Pattern Matcher : 5
201811090041,6,2,201811090048,3,2,
boundary: POLYGON((-118.972 34.1897,-118.983 34.1897,-118.993 34.1897,-119.015 34.2169,-119.015 34.2259,-119.015 34.235,-119.004 34.235,-118.993 34.235,-118.972 34.235,-118.961 34.235,-118.929 34.235,-118.907 34.2259,-118.907 34.2169,-118.918 34.2078,-118.929 34.1897,-118.939 34.1807,-118.972 34.1897))
201811090125,5,2,
Pattern Matcher : 6
201811090043,6,2,201811090051,3,2,
boundary: POLYGON((-118.701 34.2347,-118.701 34.2256,-118.712 34.2166,-118.734 34.2257,-118.734 34.2348,-118.723 34.2438,-118.701 34.2347))
201811090125,5,2,
Pattern Matcher : 7
201811090041,6,2,201811090120,3,2,
boundary: POLYGON((-118.972 34.1897,-118.983 34.1897,-118.993 34.1897,-119.015 34.2169,-119.015 34.2259,-119.015 34.235,-119.004 34.235,-118.993 34.235,-118.972 34.235,-118.961 34.235,-118.929 34.235,-118.907 34.2259,-118.907 34.2169,-118.918 34.2078,-118.929 34.1897,-118.939 34.1807,-118.972 34.1897))
201811090125,5,2,
Pattern Matcher : 8
201811090116,6,2,201811090120,3,2,
boundary: POLYGON((-118.972 34.1897,-118.983 34.1897,-118.993 34.1897,-119.015 34.2169,-119.015 34.2259,-119.015 34.235,-119.004 34.235,-118.993 34.235,-118.972 34.235,-118.961 34.235,-118.929 34.235,-118.907 34.2259,-118.907 34.2169,-118.918 34.2078,-118.929 34.1897,-118.939 34.1807,-118.972 34.1897))
201811090125,5,2,
Pattern Matcher : 9
201811090043,6,2,201811090121,3,2,
boundary: POLYGON((-118.766 34.2258,-118.766 34.2348,-118.766 34.2439,-118.755 34.2438,-118.723 34.2438,-118.701 34.2347,-118.701 34.2256,-118.712 34.2166,-118.745 34.2257,-118.755 34.2257,-118.766 34.2258))
201811090125,5,2,
Pattern Matcher : 10
201811090118,6,2,201811090121,3,2,
boundary: POLYGON((-118.766 34.2348,-118.766 34.2439,-118.755 34.2438,-118.723 34.2438,-118.701 34.2347,-118.701 34.2256,-118.712 34.2166,-118.745 34.2257,-118.755 34.2257,-118.766 34.2258,-118.766 34.2348))
201811090125,5,2,
Pattern Matcher : 11
201811090116,6,2,201811090120,3,2,
boundary: POLYGON((-118.972 34.1897,-118.983 34.1897,-118.993 34.1897,-119.015 34.2169,-119.015 34.2259,-119.015 34.235,-119.004 34.235,-118.993 34.235,-118.972 34.235,-118.961 34.235,-118.929 34.235,-118.907 34.2259,-118.907 34.2169,-118.918 34.2078,-118.929 34.1897,-118.939 34.1807,-118.972 34.1897))
201811090224,5,2,
Pattern Matcher : 12
201811090118,6,2,201811090121,3,2,
boundary: POLYGON((-118.766 34.2348,-118.766 34.2439,-118.755 34.2438,-118.723 34.2438,-118.701 34.2347,-118.701 34.2256,-118.712 34.2166,-118.745 34.2257,-118.755 34.2257,-118.766 34.2258,-118.766 34.2348))
201811090224,5,2,
Pattern Matcher : 13
201811090116,6,2,201811090217,3,2,
boundary: POLYGON((-118.961 34.235,-118.929 34.235,-118.907 34.2259,-118.907 34.2169,-118.918 34.2078,-118.929 34.2078,-118.961 34.2078,-118.983 34.2169,-118.983 34.2259,-118.972 34.235,-118.961 34.235))
201811090224,5,2,
Pattern Matcher : 14
201811090211,6,2,201811090217,3,2,
boundary: POLYGON((-118.961 34.235,-118.929 34.235,-118.907 34.2259,-118.907 34.2169,-118.918 34.2078,-118.929 34.2078,-118.961 34.2078,-118.983 34.2169,-118.983 34.2259,-118.972 34.235,-118.961 34.235))
201811090224,5,2,
Pattern Matcher : 15
201811090118,6,2,201811090218,3,2,
boundary: POLYGON((-118.701 34.2347,-118.701 34.2256,-118.712 34.2166,-118.734 34.2257,-118.734 34.2348,-118.723 34.2438,-118.701 34.2347))
201811090224,5,2,
Pattern Matcher : 16
201811090213,6,2,201811090218,3,2,
boundary: POLYGON((-118.701 34.2347,-118.701 34.2256,-118.712 34.2166,-118.734 34.2257,-118.734 34.2348,-118.723 34.2438,-118.701 34.2347))
201811090224,5,2,
Pattern Matcher : 17
201811090320,6,2,201811090328,3,2,
boundary: POLYGON((-118.961 34.2078,-118.983 34.2169,-118.983 34.2259,-118.972 34.235,-118.961 34.235,-118.95 34.2259,-118.95 34.2169,-118.961 34.2078))
201811090338,5,2,
Pattern Matcher : 18
201811090322,6,2,201811090331,3,2,
boundary: POLYGON((-118.701 34.2347,-118.701 34.2256,-118.712 34.2166,-118.734 34.2257,-118.734 34.2348,-118.723 34.2438,-118.701 34.2347))
201811090338,5,2,
Pattern Matcher : 19
201811090320,6,2,201811090328,3,2,
boundary: POLYGON((-118.961 34.2078,-118.983 34.2169,-118.983 34.2259,-118.972 34.235,-118.961 34.235,-118.95 34.2259,-118.95 34.2169,-118.961 34.2078))
201811090427,5,2,
Pattern Matcher : 20
201811090322,6,2,201811090331,3,2,
boundary: POLYGON((-118.701 34.2347,-118.701 34.2256,-118.712 34.2166,-118.734 34.2257,-118.734 34.2348,-118.723 34.2438,-118.701 34.2347))
201811090427,5,2,
Pattern Matcher : 21
201811090320,6,2,201811090416,3,2,
boundary: POLYGON((-118.983 34.2169,-118.983 34.2259,-118.972 34.235,-118.961 34.235,-118.95 34.2259,-118.95 34.2169,-118.961 34.2078,-118.983 34.2169))
201811090427,5,2,
Pattern Matcher : 22
201811090411,6,2,201811090416,3,2,
boundary: POLYGON((-118.983 34.2169,-118.983 34.2259,-118.972 34.235,-118.961 34.235,-118.95 34.2259,-118.95 34.2169,-118.961 34.2078,-118.983 34.2169))
201811090427,5,2,
Pattern Matcher : 23
201811090322,6,2,201811090418,3,2,
boundary: POLYGON((-118.745 34.1986,-118.766 34.2258,-118.766 34.2348,-118.766 34.2439,-118.755 34.2438,-118.723 34.2438,-118.701 34.2347,-118.701 34.2256,-118.712 34.2166,-118.723 34.1986,-118.734 34.1986,-118.745 34.1986))
201811090427,5,2,
Pattern Matcher : 24
201811090412,6,2,201811090418,3,2,
boundary: POLYGON((-118.745 34.1986,-118.766 34.2258,-118.766 34.2348,-118.766 34.2439,-118.755 34.2438,-118.723 34.2438,-118.701 34.2347,-118.701 34.2256,-118.712 34.2166,-118.723 34.1986,-118.734 34.1986,-118.745 34.1986))
201811090427,5,2,
Pattern Matcher : 25
201811090411,6,2,201811090416,3,2,
boundary: POLYGON((-118.983 34.2169,-118.983 34.2259,-118.972 34.235,-118.961 34.235,-118.95 34.2259,-118.95 34.2169,-118.961 34.2078,-118.983 34.2169))
201811090522,5,2,
Pattern Matcher : 26
201811090412,6,2,201811090418,3,2,
boundary: POLYGON((-118.745 34.1986,-118.766 34.2258,-118.766 34.2348,-118.766 34.2439,-118.755 34.2438,-118.723 34.2438,-118.701 34.2347,-118.701 34.2256,-118.712 34.2166,-118.723 34.1986,-118.734 34.1986,-118.745 34.1986))
201811090522,5,2,
Pattern Matcher : 27
201811090412,6,2,201811090517,3,2,
boundary: POLYGON((-118.701 34.1985,-118.712 34.1985,-118.723 34.1986,-118.734 34.1986,-118.745 34.1986,-118.766 34.2258,-118.766 34.2348,-118.766 34.2439,-118.755 34.2438,-118.723 34.2438,-118.701 34.2347,-118.69 34.2166,-118.68 34.2075,-118.68 34.1985,-118.69 34.1985,-118.701 34.1985))
201811090522,5,2,
Pattern Matcher : 28
201811090513,6,2,201811090517,3,2,
boundary: POLYGON((-118.701 34.1985,-118.712 34.1985,-118.723 34.1986,-118.734 34.1986,-118.745 34.1986,-118.766 34.1986,-118.777 34.1986,-118.788 34.2077,-118.799 34.2258,-118.809 34.2349,-118.809 34.2439,-118.799 34.2439,-118.788 34.2439,-118.766 34.2439,-118.755 34.2438,-118.723 34.2438,-118.701 34.2347,-118.69 34.2166,-118.68 34.2075,-118.68 34.1985,-118.69 34.1985,-118.701 34.1985))
201811090522,5,2,
Pattern Matcher : 29
201811090411,6,2,201811090519,3,2,
boundary: POLYGON((-118.961 34.2078,-118.983 34.2169,-118.983 34.2259,-118.972 34.235,-118.961 34.235,-118.95 34.2259,-118.95 34.2169,-118.961 34.2078))
201811090522,5,2,
Pattern Matcher : 30
201811090510,6,2,201811090519,3,2,
boundary: POLYGON((-118.95 34.2259,-118.95 34.2169,-118.961 34.2078,-118.983 34.2169,-118.983 34.2259,-118.972 34.235,-118.961 34.235,-118.95 34.2259))
201811090522,5,2,
Pattern Matcher : 31
201811090513,6,2,201811090517,3,2,
boundary: POLYGON((-118.685 34.2116,-118.68 34.2075,-118.68 34.1985,-118.69 34.1985,-118.701 34.1985,-118.712 34.1985,-118.723 34.1986,-118.734 34.1986,-118.745 34.1986,-118.766 34.1986,-118.777 34.1986,-118.788 34.2077,-118.799 34.2258,-118.809 34.2349,-118.809 34.2439,-118.799 34.2439,-118.788 34.2439,-118.766 34.2439,-118.755 34.2438,-118.723 34.2438,-118.715 34.2404,-118.701 34.2347,-118.69 34.2166,-118.685 34.2116))
201811090623,5,2,
Pattern Matcher : 32
201811090510,6,2,201811090519,3,2,
boundary: POLYGON((-118.95 34.2259,-118.95 34.2169,-118.961 34.2078,-118.983 34.2169,-118.983 34.2259,-118.972 34.235,-118.961 34.235,-118.95 34.2259))
201811090623,5,2,
Pattern Matcher : 33
201811090513,6,2,201811090617,3,2,
boundary: POLYGON((-118.685 34.2116,-118.68 34.2075,-118.68 34.1985,-118.69 34.1985,-118.701 34.1985,-118.712 34.1985,-118.723 34.1986,-118.734 34.1986,-118.745 34.1986,-118.766 34.1986,-118.777 34.1986,-118.788 34.2077,-118.799 34.2258,-118.809 34.2349,-118.809 34.2439,-118.799 34.2439,-118.788 34.2439,-118.766 34.2439,-118.755 34.2438,-118.723 34.2438,-118.715 34.2404,-118.701 34.2347,-118.69 34.2166,-118.685 34.2116))
201811090623,5,2,
Pattern Matcher : 34
201811090612,6,2,201811090617,3,2,
boundary: POLYGON((-118.685 34.2116,-118.68 34.2075,-118.68 34.1985,-118.69 34.1985,-118.701 34.1985,-118.712 34.1985,-118.723 34.1986,-118.734 34.1986,-118.745 34.1986,-118.766 34.1986,-118.777 34.1986,-118.788 34.2077,-118.799 34.2258,-118.809 34.2349,-118.809 34.2439,-118.799 34.2439,-118.788 34.2439,-118.766 34.2439,-118.755 34.2438,-118.723 34.2438,-118.715 34.2404,-118.701 34.2347,-118.69 34.2166,-118.685 34.2116))
201811090623,5,2,
Pattern Matcher : 35
201811090510,6,2,201811090618,3,2,
boundary: POLYGON((-118.95 34.2259,-118.95 34.2169,-118.961 34.2078,-118.983 34.2169,-118.983 34.2259,-118.972 34.235,-118.961 34.235,-118.95 34.2259))
201811090623,5,2,
Pattern Matcher : 36
201811090613,6,2,201811090618,3,2,
boundary: POLYGON((-118.983 34.2169,-118.983 34.2259,-118.972 34.235,-118.961 34.235,-118.95 34.2259,-118.95 34.2169,-118.961 34.2078,-118.983 34.2169))
201811090623,5,2,
Pattern Matcher : 37
201811090612,6,2,201811090617,3,2,
boundary: POLYGON((-118.76 34.2438,-118.755 34.2438,-118.744 34.2348,-118.701 34.2166,-118.69 34.2166,-118.685 34.2116,-118.68 34.2075,-118.68 34.1985,-118.69 34.1985,-118.701 34.1985,-118.712 34.1985,-118.723 34.1986,-118.734 34.1986,-118.745 34.1986,-118.766 34.1986,-118.777 34.1986,-118.788 34.2077,-118.799 34.2258,-118.802 34.2288,-118.766 34.2439,-118.76 34.2438))
201811090727,5,2,
Pattern Matcher : 38
201811090613,6,2,201811090618,3,2,
boundary: POLYGON((-118.983 34.2169,-118.983 34.2259,-118.972 34.235,-118.961 34.235,-118.95 34.2259,-118.95 34.2169,-118.961 34.2078,-118.983 34.2169))
201811090727,5,2,
Pattern Matcher : 39
201811090612,6,2,201811090719,3,2,
boundary: POLYGON((-118.76 34.2438,-118.755 34.2438,-118.744 34.2348,-118.701 34.2166,-118.69 34.2166,-118.685 34.2116,-118.68 34.2075,-118.68 34.1985,-118.691 34.1849,-118.701 34.1714,-118.712 34.1714,-118.723 34.1714,-118.745 34.1715,-118.755 34.1715,-118.766 34.1805,-118.777 34.1986,-118.788 34.2077,-118.799 34.2258,-118.802 34.2288,-118.766 34.2439,-118.76 34.2438))
201811090727,5,2,
Pattern Matcher : 40
201811090712,6,2,201811090719,3,2,
boundary: POLYGON((-118.76 34.2438,-118.755 34.2438,-118.744 34.2348,-118.701 34.2166,-118.69 34.2166,-118.685 34.2116,-118.68 34.2075,-118.68 34.1985,-118.691 34.1849,-118.701 34.1714,-118.712 34.1714,-118.723 34.1714,-118.745 34.1715,-118.755 34.1715,-118.788 34.1715,-118.81 34.1806,-118.82 34.2077,-118.82 34.2168,-118.82 34.2258,-118.809 34.2258,-118.766 34.2439,-118.76 34.2438))
201811090727,5,2,
Pattern Matcher : 41
201811090712,6,2,201811090719,3,2,
boundary: POLYGON((-118.766 34.2439,-118.76 34.2438,-118.755 34.2438,-118.734 34.2438,-118.723 34.2438,-118.715 34.2404,-118.701 34.2347,-118.69 34.2166,-118.685 34.2116,-118.68 34.2075,-118.68 34.1985,-118.691 34.1849,-118.701 34.1714,-118.712 34.1714,-118.723 34.1714,-118.745 34.1715,-118.755 34.1715,-118.788 34.1715,-118.81 34.1806,-118.82 34.2077,-118.82 34.2168,-118.82 34.2258,-118.809 34.2258,-118.766 34.2439))
201811090820,5,2,
Pattern Matcher : 42
201811090712,6,2,201811090816,3,2,
boundary: POLYGON((-118.766 34.2439,-118.76 34.2438,-118.755 34.2438,-118.734 34.2438,-118.723 34.2438,-118.715 34.2404,-118.701 34.2347,-118.69 34.2166,-118.685 34.2116,-118.68 34.2075,-118.68 34.1985,-118.691 34.1849,-118.701 34.1714,-118.712 34.1714,-118.712 34.1714,-118.712 34.1714,-118.75 34.1556,-118.788 34.1715,-118.81 34.1806,-118.82 34.2077,-118.82 34.2168,-118.82 34.2258,-118.809 34.2258,-118.766 34.2439))
201811090820,5,2,
Pattern Matcher : 43
201811090813,6,2,201811090816,3,2,
boundary: POLYGON((-118.766 34.2439,-118.76 34.2438,-118.755 34.2438,-118.734 34.2438,-118.723 34.2438,-118.715 34.2404,-118.701 34.2347,-118.69 34.2166,-118.685 34.2116,-118.68 34.2075,-118.68 34.1985,-118.691 34.1849,-118.701 34.1714,-118.712 34.1714,-118.712 34.1714,-118.712 34.1714,-118.724 34.1664,-118.756 34.1534,-118.766 34.1444,-118.799 34.1535,-118.81 34.1535,-118.82 34.1535,-118.82 34.1625,-118.82 34.1716,-118.82 34.2077,-118.82 34.2168,-118.82 34.2258,-118.809 34.2258,-118.766 34.2439))
201811090820,5,2,
Pattern Matcher : 44
201811090813,6,2,201811090816,3,2,
boundary: POLYGON((-118.796 34.2439,-118.788 34.2439,-118.766 34.2439,-118.76 34.2438,-118.755 34.2438,-118.744 34.2348,-118.701 34.2166,-118.69 34.2166,-118.685 34.2116,-118.68 34.2075,-118.68 34.1985,-118.691 34.1849,-118.701 34.1714,-118.712 34.1714,-118.756 34.1534,-118.766 34.1444,-118.799 34.1535,-118.81 34.1535,-118.82 34.1535,-118.82 34.1625,-118.82 34.1716,-118.82 34.2077,-118.82 34.2168,-118.82 34.2258,-118.809 34.2439,-118.796 34.2439))
201811090926,5,2,
Pattern Matcher : 45
201811090813,6,2,201811090919,3,2,
boundary: POLYGON((-118.796 34.2439,-118.788 34.2439,-118.766 34.2439,-118.76 34.2438,-118.755 34.2438,-118.744 34.2348,-118.701 34.2166,-118.69 34.2166,-118.685 34.2116,-118.68 34.2075,-118.68 34.1985,-118.691 34.1849,-118.701 34.1714,-118.712 34.1624,-118.723 34.1443,-118.734 34.1443,-118.766 34.1444,-118.783 34.1489,-118.788 34.1534,-118.81 34.1806,-118.82 34.2077,-118.82 34.2168,-118.82 34.2258,-118.809 34.2439,-118.796 34.2439))
201811090926,5,2,
Pattern Matcher : 46
201811090913,6,2,201811090919,3,2,
boundary: POLYGON((-118.796 34.2439,-118.788 34.2439,-118.766 34.2439,-118.76 34.2438,-118.755 34.2438,-118.744 34.2348,-118.701 34.2166,-118.69 34.2166,-118.685 34.2116,-118.68 34.2075,-118.68 34.1985,-118.691 34.1849,-118.701 34.1714,-118.712 34.1624,-118.723 34.1443,-118.723 34.1442,-118.734 34.1262,-118.745 34.1262,-118.756 34.1262,-118.766 34.1353,-118.788 34.1534,-118.81 34.1806,-118.82 34.2077,-118.82 34.2168,-118.82 34.2258,-118.809 34.2439,-118.796 34.2439))
201811090926,5,2,
Pattern Matcher : 47
201811090913,6,2,201811090919,3,2,
boundary: POLYGON((-118.796 34.2439,-118.788 34.2439,-118.766 34.2439,-118.76 34.2438,-118.755 34.2438,-118.744 34.2348,-118.728 34.2208,-118.723 34.2166,-118.717 34.2091,-118.701 34.1895,-118.701 34.1804,-118.701 34.1714,-118.712 34.1624,-118.723 34.1443,-118.723 34.1442,-118.734 34.1262,-118.745 34.1262,-118.756 34.1262,-118.766 34.1353,-118.788 34.1534,-118.788 34.1534,-118.788 34.1535,-118.81 34.1806,-118.82 34.2077,-118.831 34.2259,-118.838 34.2319,-118.809 34.2439,-118.796 34.2439))
201811091024,5,2,
Pattern Matcher : 48
201811090913,6,2,201811091013,3,2,
boundary: POLYGON((-118.796 34.2439,-118.788 34.2439,-118.766 34.2439,-118.76 34.2438,-118.755 34.2438,-118.744 34.2348,-118.728 34.2208,-118.723 34.2166,-118.717 34.2091,-118.701 34.1895,-118.701 34.1804,-118.701 34.1714,-118.712 34.1624,-118.723 34.1443,-118.734 34.1443,-118.766 34.1444,-118.79 34.1509,-118.788 34.1534,-118.805 34.164,-118.831 34.1806,-118.831 34.1806,-118.831 34.1806,-118.842 34.1806,-118.842 34.2304,-118.836 34.2329,-118.809 34.2439,-118.796 34.2439))
201811091024,5,2,
Pattern Matcher : 49
201811091010,6,2,201811091013,3,2,
boundary: POLYGON((-118.836 34.2329,-118.809 34.2439,-118.796 34.2439,-118.788 34.2439,-118.766 34.2439,-118.76 34.2438,-118.755 34.2438,-118.744 34.2348,-118.728 34.2208,-118.723 34.2166,-118.717 34.2091,-118.701 34.1895,-118.701 34.1804,-118.701 34.1714,-118.712 34.1624,-118.723 34.1443,-118.734 34.1443,-118.766 34.1444,-118.79 34.1509,-118.788 34.1534,-118.805 34.164,-118.831 34.1806,-118.831 34.1806,-118.831 34.1806,-118.842 34.1806,-118.864 34.2078,-118.864 34.2168,-118.853 34.2259,-118.836 34.2329))
201811091024,5,2,
Pattern Matcher : 50
201811091117,6,2,201811091121,3,2,
boundary: POLYGON((-118.831 34.1806,-118.831 34.1806,-118.842 34.1806,-118.864 34.2078,-118.864 34.2168,-118.853 34.2259,-118.836 34.2329,-118.809 34.2439,-118.796 34.2439,-118.788 34.2439,-118.777 34.2348,-118.734 34.2167,-118.734 34.2167,-118.734 34.2167,-118.729 34.2167,-118.723 34.2166,-118.701 34.2166,-118.69 34.2166,-118.685 34.2116,-118.68 34.2075,-118.68 34.1985,-118.691 34.1849,-118.701 34.1714,-118.712 34.1624,-118.723 34.1443,-118.734 34.1443,-118.734 34.1443,-118.736 34.1443,-118.766 34.1444,-118.783 34.1515,-118.788 34.1534,-118.805 34.164,-118.831 34.1806,-118.831 34.1806))
201811091132,5,2,
Pattern Matcher : 51
201811091117,6,2,201811091121,3,2,
boundary: POLYGON((-118.869 34.2082,-118.864 34.2168,-118.853 34.2259,-118.842 34.2259,-118.831 34.2259,-118.82 34.2258,-118.809 34.2258,-118.803 34.2205,-118.799 34.2168,-118.781 34.2093,-118.755 34.1986,-118.727 34.1907,-118.723 34.1895,-118.719 34.1895,-118.712 34.1895,-118.701 34.1895,-118.688 34.172,-118.68 34.1623,-118.68 34.1442,-118.691 34.1442,-118.701 34.1442,-118.723 34.1443,-118.734 34.1443,-118.766 34.1444,-118.788 34.1534,-118.831 34.1806,-118.842 34.1806,-118.853 34.1806,-118.864 34.1807,-118.874 34.1807,-118.885 34.1897,-118.874 34.1988,-118.869 34.2082))
201811091231,5,2,
Pattern Matcher : 52
201811091117,6,2,201811091222,3,2,
boundary: POLYGON((-118.869 34.2082,-118.864 34.2168,-118.853 34.2259,-118.842 34.2259,-118.831 34.2259,-118.82 34.2258,-118.809 34.2258,-118.803 34.2205,-118.799 34.2168,-118.781 34.2093,-118.755 34.1986,-118.727 34.1907,-118.723 34.1895,-118.719 34.1895,-118.712 34.1895,-118.701 34.1895,-118.688 34.172,-118.68 34.1623,-118.68 34.1442,-118.691 34.1442,-118.701 34.1442,-118.723 34.1443,-118.734 34.1443,-118.745 34.1534,-118.799 34.1535,-118.81 34.1535,-118.82 34.1535,-118.864 34.1807,-118.874 34.1807,-118.885 34.1897,-118.874 34.1988,-118.869 34.2082))
201811091231,5,2,
Pattern Matcher : 53
201811091219,6,2,201811091222,3,2,
boundary: POLYGON((-118.869 34.2082,-118.864 34.2168,-118.853 34.2259,-118.842 34.2259,-118.831 34.2259,-118.82 34.2258,-118.809 34.2258,-118.803 34.2205,-118.799 34.2168,-118.781 34.2093,-118.755 34.1986,-118.727 34.1907,-118.723 34.1895,-118.719 34.1895,-118.712 34.1895,-118.701 34.1895,-118.688 34.172,-118.68 34.1623,-118.68 34.1442,-118.691 34.1442,-118.701 34.1442,-118.723 34.1443,-118.734 34.1443,-118.745 34.1534,-118.799 34.1535,-118.81 34.1535,-118.82 34.1535,-118.864 34.1807,-118.874 34.1807,-118.885 34.1897,-118.874 34.1988,-118.869 34.2082))
201811091231,5,2,
Pattern Matcher : 54
201811091219,6,2,201811091222,3,2,
boundary: POLYGON((-118.805 34.164,-118.831 34.1806,-118.831 34.1806,-118.831 34.1806,-118.842 34.1806,-118.842 34.183,-118.842 34.1897,-118.842 34.1987,-118.82 34.2258,-118.809 34.2258,-118.803 34.2205,-118.799 34.2168,-118.723 34.1895,-118.719 34.1895,-118.712 34.1895,-118.701 34.1895,-118.701 34.1804,-118.701 34.1714,-118.701 34.1442,-118.723 34.1443,-118.734 34.1443,-118.745 34.1534,-118.788 34.1534,-118.788 34.1534,-118.805 34.164))
201811091329,5,2,
Pattern Matcher : 55
201811091219,6,2,201811091319,3,2,
boundary: POLYGON((-118.831 34.1806,-118.831 34.1806,-118.842 34.1806,-118.842 34.183,-118.842 34.1897,-118.842 34.1987,-118.82 34.2258,-118.809 34.2258,-118.803 34.2205,-118.799 34.2168,-118.723 34.1895,-118.719 34.1895,-118.712 34.1895,-118.701 34.1895,-118.701 34.1804,-118.701 34.1714,-118.701 34.1442,-118.723 34.1443,-118.734 34.1443,-118.766 34.1444,-118.782 34.1487,-118.788 34.1534,-118.805 34.164,-118.831 34.1806,-118.831 34.1806))
201811091329,5,2,
Pattern Matcher : 56
201811091317,6,2,201811091319,3,2,
boundary: POLYGON((-118.805 34.164,-118.831 34.1806,-118.831 34.1806,-118.831 34.1806,-118.842 34.1806,-118.842 34.183,-118.842 34.1897,-118.842 34.1987,-118.82 34.2258,-118.809 34.2258,-118.803 34.2205,-118.799 34.2168,-118.723 34.1895,-118.719 34.1895,-118.712 34.1895,-118.701 34.1895,-118.701 34.1804,-118.701 34.1714,-118.701 34.1352,-118.702 34.1305,-118.702 34.1261,-118.707 34.1215,-118.712 34.1172,-118.745 34.1262,-118.756 34.1262,-118.766 34.1353,-118.784 34.1502,-118.788 34.1534,-118.805 34.164))
201811091329,5,2,
Pattern Matcher : 57
201811091317,6,2,201811091319,3,2,
boundary: POLYGON((-118.784 34.1659,-118.777 34.1715,-118.77 34.1715,-118.766 34.1715,-118.762 34.1715,-118.734 34.1714,-118.725 34.1676,-118.712 34.1624,-118.701 34.1352,-118.702 34.1305,-118.702 34.1261,-118.707 34.1215,-118.712 34.1172,-118.745 34.1262,-118.756 34.1262,-118.766 34.1353,-118.784 34.1502,-118.788 34.1534,-118.788 34.1625,-118.784 34.1659))
201811091428,5,2,
Pattern Matcher : 58
201811091317,6,2,201811091421,3,2,
boundary: POLYGON((-118.784 34.1659,-118.777 34.1715,-118.77 34.1715,-118.766 34.1715,-118.762 34.1715,-118.734 34.1714,-118.725 34.1676,-118.712 34.1624,-118.701 34.1352,-118.702 34.1305,-118.702 34.1261,-118.707 34.1215,-118.712 34.1172,-118.745 34.1262,-118.756 34.1262,-118.766 34.1353,-118.784 34.1502,-118.788 34.1534,-118.788 34.1625,-118.784 34.1659))
201811091428,5,2,
Pattern Matcher : 59
201811091416,6,2,201811091421,3,2,
boundary: POLYGON((-118.784 34.1659,-118.777 34.1715,-118.77 34.1715,-118.766 34.1715,-118.762 34.1715,-118.734 34.1714,-118.725 34.1676,-118.712 34.1624,-118.701 34.1352,-118.702 34.1305,-118.702 34.1261,-118.707 34.1215,-118.712 34.1172,-118.745 34.1262,-118.756 34.1262,-118.766 34.1353,-118.784 34.1502,-118.788 34.1534,-118.788 34.1625,-118.784 34.1659))
201811091428,5,2,
Pattern Matcher : 60
201811091544,6,2,201811091548,3,2,
boundary: POLYGON((-118.842 34.1806,-118.842 34.183,-118.842 34.1897,-118.842 34.1987,-118.82 34.1987,-118.816 34.1952,-118.81 34.1896,-118.781 34.1778,-118.766 34.1715,-118.766 34.1716,-118.766 34.1715,-118.724 34.189,-118.723 34.1895,-118.721 34.1933,-118.712 34.2076,-118.701 34.2166,-118.69 34.2166,-118.685 34.2116,-118.68 34.2075,-118.669 34.1894,-118.662 34.1835,-118.658 34.1803,-118.658 34.1801,-118.669 34.1713,-118.702 34.1261,-118.712 34.099,-118.723 34.0991,-118.734 34.0991,-118.756 34.0991,-118.766 34.0991,-118.777 34.1082,-118.799 34.1263,-118.82 34.1535,-118.841 34.1791,-118.842 34.1806))
201811091559,5,2,
Pattern Matcher : 61
201811091544,6,2,201811091548,3,2,
boundary: POLYGON((-118.734 34.0991,-118.756 34.0991,-118.766 34.0991,-118.777 34.1082,-118.799 34.1263,-118.82 34.1535,-118.842 34.1806,-118.842 34.1897,-118.842 34.1987,-118.809 34.2439,-118.799 34.2439,-118.788 34.2439,-118.766 34.2439,-118.755 34.2438,-118.744 34.2348,-118.701 34.2166,-118.69 34.2166,-118.68 34.2075,-118.669 34.1894,-118.658 34.1803,-118.669 34.1713,-118.702 34.1261,-118.712 34.099,-118.723 34.0991,-118.734 34.0991))
201811091648,5,2,
Pattern Matcher : 62
201811091544,6,2,201811091637,3,2,
boundary: POLYGON((-118.842 34.1806,-118.842 34.1897,-118.842 34.1987,-118.809 34.2439,-118.807 34.2464,-118.799 34.2439,-118.788 34.2439,-118.766 34.2439,-118.755 34.2438,-118.723 34.2438,-118.68 34.2437,-118.669 34.2346,-118.669 34.2256,-118.669 34.2165,-118.68 34.1985,-118.701 34.1714,-118.701 34.1352,-118.702 34.1261,-118.712 34.099,-118.714 34.0966,-118.723 34.0991,-118.734 34.0991,-118.756 34.0991,-118.766 34.0991,-118.777 34.1082,-118.799 34.1263,-118.842 34.1535,-118.842 34.1806))
201811091648,5,2,
Pattern Matcher : 63
201811091631,6,2,201811091637,3,2,
boundary: POLYGON((-118.777 34.271,-118.766 34.2619,-118.723 34.2438,-118.68 34.2437,-118.669 34.2346,-118.669 34.2256,-118.669 34.2165,-118.68 34.1985,-118.701 34.1714,-118.701 34.1352,-118.702 34.1261,-118.712 34.099,-118.734 34.0719,-118.745 34.072,-118.777 34.072,-118.81 34.0811,-118.821 34.0811,-118.831 34.0811,-118.853 34.1083,-118.853 34.1173,-118.853 34.1264,-118.842 34.1445,-118.842 34.1806,-118.842 34.1897,-118.842 34.1987,-118.809 34.2439,-118.788 34.271,-118.777 34.271))
201811091648,5,2,
Pattern Matcher : 64
201811091631,6,2,201811091637,3,2,
boundary: POLYGON((-118.777 34.271,-118.766 34.2619,-118.723 34.2438,-118.68 34.2437,-118.669 34.2346,-118.669 34.2256,-118.669 34.2165,-118.68 34.1985,-118.701 34.1714,-118.701 34.1352,-118.702 34.1261,-118.712 34.099,-118.734 34.0719,-118.745 34.072,-118.777 34.072,-118.81 34.0811,-118.821 34.0811,-118.831 34.0811,-118.853 34.1083,-118.853 34.1173,-118.853 34.1264,-118.842 34.1445,-118.842 34.1806,-118.842 34.1897,-118.842 34.1987,-118.809 34.2439,-118.788 34.271,-118.777 34.271))
201811091744,5,2,
Pattern Matcher : 65
201811091631,6,2,201811091731,3,2,
boundary: POLYGON((-118.767 34.0539,-118.777 34.0539,-118.788 34.0539,-118.799 34.054,-118.81 34.054,-118.853 34.0811,-118.864 34.0812,-118.875 34.0902,-118.885 34.1083,-118.896 34.1174,-118.896 34.1264,-118.874 34.1535,-118.842 34.1987,-118.831 34.262,-118.831 34.2711,-118.82 34.2711,-118.809 34.2711,-118.788 34.271,-118.777 34.271,-118.766 34.2619,-118.755 34.2438,-118.744 34.2348,-118.69 34.2347,-118.68 34.2437,-118.669 34.2346,-118.658 34.2165,-118.647 34.2074,-118.647 34.1984,-118.658 34.1894,-118.68 34.1442,-118.689 34.0914,-118.691 34.0899,-118.734 34.0719,-118.745 34.0539,-118.756 34.0539,-118.767 34.0539))
201811091744,5,2,
Pattern Matcher : 66
201811091723,6,2,201811091731,3,2,
boundary: POLYGON((-118.896 34.1264,-118.874 34.1535,-118.842 34.1987,-118.831 34.262,-118.831 34.2711,-118.82 34.2711,-118.809 34.2711,-118.788 34.271,-118.777 34.271,-118.766 34.2619,-118.755 34.2438,-118.744 34.2348,-118.69 34.2347,-118.68 34.2437,-118.669 34.2346,-118.658 34.2165,-118.647 34.2074,-118.647 34.1984,-118.658 34.1894,-118.68 34.1442,-118.691 34.0809,-118.702 34.0719,-118.745 34.0539,-118.756 34.0539,-118.767 34.0539,-118.777 34.0539,-118.788 34.0539,-118.799 34.054,-118.81 34.054,-118.831 34.054,-118.842 34.054,-118.875 34.054,-118.896 34.0631,-118.915 34.0752,-118.93 34.1122,-118.896 34.1264))
201811091744,5,2,
Pattern Matcher : 67
201811091723,6,2,201811091731,3,2,
boundary: POLYGON((-118.893 34.0967,-118.903 34.1238,-118.896 34.1264,-118.874 34.1535,-118.842 34.1987,-118.831 34.262,-118.831 34.2711,-118.82 34.2711,-118.809 34.2711,-118.788 34.271,-118.777 34.271,-118.766 34.2619,-118.755 34.2438,-118.744 34.2348,-118.69 34.2347,-118.68 34.2437,-118.669 34.2346,-118.658 34.2165,-118.647 34.2074,-118.647 34.1984,-118.658 34.1894,-118.68 34.1442,-118.691 34.0809,-118.702 34.0719,-118.745 34.0539,-118.756 34.0539,-118.767 34.0539,-118.777 34.0539,-118.788 34.0539,-118.799 34.054,-118.81 34.054,-118.831 34.054,-118.842 34.054,-118.875 34.054,-118.878 34.0556,-118.893 34.0967))
201811091842,5,2,
Pattern Matcher : 68
201811091723,6,2,201811091835,3,2,
boundary: POLYGON((-118.907 34.1355,-118.907 34.1355,-118.961 34.1355,-118.918 34.1536,-118.896 34.1716,-118.885 34.1807,-118.831 34.262,-118.831 34.2711,-118.82 34.2711,-118.809 34.2711,-118.788 34.271,-118.777 34.271,-118.766 34.2619,-118.755 34.2438,-118.744 34.2348,-118.69 34.2347,-118.68 34.2437,-118.669 34.2346,-118.669 34.2256,-118.669 34.2165,-118.68 34.1985,-118.701 34.1352,-118.702 34.1261,-118.691 34.0809,-118.702 34.0719,-118.745 34.0539,-118.756 34.0539,-118.767 34.0539,-118.81 34.0268,-118.821 34.0268,-118.853 34.0269,-118.875 34.0359,-118.879 34.0382,-118.875 34.045,-118.907 34.1355,-118.907 34.1355))
201811091842,5,2,
Pattern Matcher : 69
201811091823,6,2,201811091835,3,2,
boundary: POLYGON((-118.907 34.1355,-118.907 34.1355,-118.961 34.1355,-118.918 34.1536,-118.896 34.1716,-118.885 34.1807,-118.831 34.262,-118.831 34.2711,-118.82 34.2711,-118.809 34.2711,-118.788 34.271,-118.777 34.271,-118.766 34.2619,-118.755 34.2438,-118.744 34.2348,-118.69 34.2347,-118.68 34.2437,-118.669 34.2346,-118.669 34.2256,-118.669 34.2165,-118.68 34.1985,-118.701 34.1352,-118.702 34.1261,-118.691 34.0809,-118.702 34.0719,-118.713 34.0538,-118.723 34.0448,-118.767 34.0268,-118.777 34.0268,-118.788 34.0268,-118.81 34.0268,-118.821 34.0268,-118.853 34.0269,-118.875 34.0359,-118.879 34.0382,-118.875 34.045,-118.907 34.1355,-118.907 34.1355))
201811091842,5,2,
Pattern Matcher : 70
201811091823,6,2,201811091835,3,2,
boundary: POLYGON((-118.88 34.0791,-118.885 34.1083,-118.896 34.1174,-118.939 34.1355,-118.961 34.1355,-118.918 34.1536,-118.896 34.1716,-118.885 34.1807,-118.831 34.262,-118.831 34.2711,-118.82 34.2711,-118.809 34.2711,-118.788 34.271,-118.777 34.271,-118.766 34.2619,-118.755 34.2438,-118.744 34.2348,-118.69 34.2347,-118.68 34.2437,-118.669 34.2346,-118.669 34.2256,-118.669 34.2165,-118.68 34.1985,-118.701 34.1352,-118.702 34.1261,-118.691 34.0809,-118.702 34.0719,-118.713 34.0538,-118.723 34.0448,-118.767 34.0268,-118.777 34.0268,-118.788 34.0268,-118.81 34.0268,-118.821 34.0268,-118.853 34.0269,-118.875 34.0359,-118.879 34.0382,-118.875 34.045,-118.88 34.0791))
201811091934,5,2,
Pattern Matcher : 71
201811091823,6,2,201811091927,3,2,
boundary: POLYGON((-118.881 34.0346,-118.875 34.045,-118.88 34.0791,-118.885 34.1083,-118.896 34.1174,-118.939 34.1355,-118.918 34.1355,-118.874 34.1535,-118.842 34.1987,-118.809 34.2439,-118.799 34.2439,-118.788 34.2439,-118.777 34.2348,-118.69 34.2347,-118.68 34.2437,-118.669 34.2346,-118.658 34.2165,-118.647 34.2074,-118.647 34.1984,-118.658 34.1803,-118.669 34.1713,-118.702 34.1261,-118.691 34.0809,-118.702 34.0719,-118.713 34.0538,-118.723 34.0357,-118.734 34.0267,-118.745 34.0267,-118.756 34.0268,-118.767 34.0268,-118.777 34.0268,-118.788 34.0268,-118.81 34.0268,-118.821 34.0268,-118.853 34.0269,-118.881 34.0346))
201811091934,5,2,
Pattern Matcher : 72
201811091921,6,2,201811091927,3,2,201811091934,5,2,
Pattern Matcher : 73
201811091921,6,2,201811091927,3,2,
boundary: POLYGON((-118.904 34.0881,-118.907 34.0902,-118.966 34.1314,-118.961 34.1355,-118.95 34.1355,-118.918 34.1355,-118.874 34.1535,-118.842 34.1987,-118.809 34.2439,-118.799 34.2439,-118.788 34.2439,-118.777 34.2348,-118.69 34.2347,-118.68 34.2437,-118.669 34.2346,-118.658 34.2165,-118.647 34.2074,-118.647 34.1984,-118.658 34.1803,-118.669 34.1713,-118.702 34.1261,-118.691 34.0809,-118.702 34.0719,-118.713 34.0538,-118.723 34.0357,-118.734 34.0267,-118.745 34.0267,-118.756 34.0268,-118.767 34.0268,-118.777 34.0268,-118.788 34.0268,-118.81 34.0268,-118.821 34.0268,-118.853 34.0269,-118.877 34.0337,-118.896 34.0812,-118.904 34.0881))
201811092039,5,2,
Pattern Matcher : 74
201811091921,6,2,201811092034,3,2,
boundary: POLYGON((-118.904 34.0881,-118.907 34.0902,-118.966 34.1314,-118.961 34.1355,-118.95 34.1355,-118.918 34.1355,-118.874 34.1535,-118.864 34.1535,-118.82 34.1716,-118.81 34.1806,-118.799 34.1987,-118.788 34.1987,-118.734 34.2348,-118.723 34.2438,-118.68 34.2437,-118.669 34.2346,-118.658 34.2165,-118.647 34.2074,-118.647 34.1984,-118.658 34.1803,-118.68 34.1442,-118.691 34.0809,-118.702 34.0719,-118.713 34.0538,-118.723 34.0357,-118.734 34.0267,-118.745 34.0086,-118.756 33.9996,-118.767 33.9996,-118.799 33.9997,-118.831 33.9997,-118.864 34.0088,-118.867 34.0088,-118.896 34.0812,-118.904 34.0881))
201811092039,5,2,
Pattern Matcher : 75
201811092024,6,2,201811092034,3,2,
boundary: POLYGON((-118.904 34.0881,-118.907 34.0902,-118.966 34.1314,-118.961 34.1355,-118.95 34.1355,-118.918 34.1355,-118.874 34.1535,-118.864 34.1535,-118.82 34.1716,-118.81 34.1806,-118.799 34.1987,-118.788 34.1987,-118.734 34.2348,-118.723 34.2438,-118.68 34.2437,-118.669 34.2346,-118.658 34.2165,-118.647 34.2074,-118.647 34.1984,-118.658 34.1803,-118.68 34.1442,-118.691 34.0809,-118.702 34.0719,-118.713 34.0538,-118.723 34.0357,-118.734 34.0267,-118.745 34.0086,-118.756 33.9996,-118.767 33.9996,-118.799 33.9997,-118.831 33.9997,-118.864 34.0088,-118.867 34.0088,-118.896 34.0812,-118.904 34.0881))
201811092039,5,2,
Pattern Matcher : 76
201811092024,6,2,201811092034,3,2,
boundary: POLYGON((-118.983 34.0905,-118.983 34.0993,-118.983 34.1083,-118.972 34.1264,-118.961 34.1355,-118.95 34.1355,-118.918 34.1355,-118.874 34.1535,-118.864 34.1535,-118.82 34.1716,-118.81 34.1806,-118.799 34.1987,-118.788 34.1987,-118.734 34.2348,-118.723 34.2438,-118.68 34.2437,-118.669 34.2346,-118.658 34.2165,-118.647 34.2074,-118.647 34.1984,-118.658 34.1803,-118.68 34.1442,-118.691 34.0809,-118.702 34.0719,-118.713 34.0538,-118.723 34.0357,-118.734 34.0267,-118.745 34.0086,-118.756 33.9996,-118.767 33.9996,-118.799 33.9997,-118.831 33.9997,-118.864 34.0088,-118.875 34.0088,-118.885 34.0179,-118.929 34.036,-118.939 34.036,-118.972 34.036,-118.976 34.0396,-118.974 34.053,-118.972 34.0721,-118.983 34.0902,-118.983 34.0905))
201811092143,5,2,
Pattern Matcher : 77
201811092024,6,2,201811092137,3,2,
boundary: POLYGON((-118.972 34.072,-118.972 34.0721,-118.983 34.0902,-118.983 34.0905,-118.983 34.0993,-118.983 34.1083,-118.972 34.1083,-118.929 34.1264,-118.918 34.1355,-118.874 34.1535,-118.864 34.1535,-118.831 34.1535,-118.799 34.1444,-118.788 34.1444,-118.745 34.1624,-118.734 34.2257,-118.734 34.2348,-118.723 34.2438,-118.712 34.2618,-118.701 34.2618,-118.69 34.2618,-118.68 34.2437,-118.669 34.2346,-118.658 34.2165,-118.647 34.2074,-118.647 34.1984,-118.647 34.1622,-118.647 34.1532,-118.647 34.1441,-118.658 34.126,-118.669 34.117,-118.691 34.0809,-118.702 34.0719,-118.713 34.0538,-118.723 34.0357,-118.734 34.0267,-118.745 34.0086,-118.756 33.9996,-118.767 33.9996,-118.799 33.9997,-118.81 34.0087,-118.853 34.0269,-118.885 34.0359,-118.896 34.036,-118.907 34.036,-118.929 34.036,-118.939 34.036,-118.95 34.045,-118.961 34.0631,-118.972 34.072))
201811092143,5,2,
Pattern Matcher : 78
201811092126,6,2,201811092137,3,2,
boundary: POLYGON((-118.972 34.072,-118.972 34.0721,-118.983 34.0902,-118.983 34.0905,-118.983 34.0993,-118.983 34.1083,-118.972 34.1083,-118.929 34.1264,-118.918 34.1355,-118.874 34.1535,-118.864 34.1535,-118.831 34.1535,-118.799 34.1444,-118.788 34.1444,-118.745 34.1624,-118.734 34.2257,-118.734 34.2348,-118.723 34.2438,-118.712 34.2618,-118.701 34.2618,-118.69 34.2618,-118.68 34.2437,-118.669 34.2346,-118.658 34.2165,-118.647 34.2074,-118.647 34.1984,-118.647 34.1622,-118.647 34.1532,-118.647 34.1441,-118.658 34.126,-118.669 34.117,-118.691 34.0809,-118.702 34.0719,-118.713 34.0538,-118.723 34.0357,-118.734 34.0267,-118.745 34.0086,-118.756 33.9996,-118.767 33.9996,-118.799 33.9997,-118.81 34.0087,-118.853 34.0269,-118.885 34.0359,-118.896 34.036,-118.907 34.036,-118.929 34.036,-118.939 34.036,-118.95 34.045,-118.961 34.0631,-118.972 34.072))
201811092143,5,2,
Pattern Matcher : 79
201811092259,6,2,201811092259,3,2,
boundary: POLYGON((-118.961 34.0632,-118.972 34.0721,-119.007 34.1309,-119.004 34.1355,-118.993 34.1355,-118.95 34.1536,-118.939 34.1626,-118.929 34.1536,-118.874 34.1535,-118.864 34.1535,-118.853 34.1445,-118.799 34.1444,-118.788 34.1444,-118.745 34.1624,-118.734 34.1714,-118.712 34.2076,-118.701 34.2166,-118.69 34.2347,-118.68 34.2437,-118.647 34.2346,-118.636 34.2345,-118.625 34.2255,-118.625 34.2164,-118.647 34.1984,-118.658 34.1351,-118.658 34.126,-118.669 34.0628,-118.669 34.0537,-118.68 34.0447,-118.691 34.0447,-118.723 34.0357,-118.734 34.0267,-118.745 34.0086,-118.756 33.9996,-118.767 33.9996,-118.799 33.9997,-118.831 33.9997,-118.864 34.0088,-118.875 34.0088,-118.907 34.0088,-118.918 34.0088,-118.939 34.0088,-118.939 34.036,-118.95 34.045,-118.961 34.0631,-118.961 34.0632))
201811092259,5,2,
Pattern Matcher : 80
201811092259,6,2,201811092259,3,2,
boundary: POLYGON((-119.016 34.091,-119.026 34.0993,-119.027 34.0997,-119.03 34.1011,-119.026 34.1083,-119.015 34.1174,-119.004 34.1355,-118.993 34.1355,-118.95 34.1536,-118.939 34.1626,-118.929 34.1536,-118.874 34.1535,-118.864 34.1535,-118.853 34.1445,-118.799 34.1444,-118.788 34.1444,-118.745 34.1624,-118.734 34.1714,-118.712 34.2076,-118.701 34.2166,-118.69 34.2347,-118.68 34.2437,-118.647 34.2346,-118.636 34.2345,-118.625 34.2255,-118.625 34.2164,-118.647 34.1984,-118.658 34.1351,-118.658 34.126,-118.669 34.0628,-118.669 34.0537,-118.68 34.0447,-118.691 34.0447,-118.723 34.0357,-118.734 34.0267,-118.745 34.0086,-118.756 33.9996,-118.767 33.9996,-118.799 33.9997,-118.831 33.9997,-118.864 34.0088,-118.875 34.0088,-118.907 34.0088,-118.918 34.0088,-118.95 34.0088,-118.961 34.0179,-118.972 34.036,-118.983 34.045,-119.004 34.054,-119.004 34.0721,-119.015 34.0902,-119.016 34.091))
201811092359,5,2,
Pattern Matcher : 81
201811092259,6,2,201811092359,3,2,
boundary: POLYGON((-119.016 34.091,-119.026 34.0993,-119.027 34.0997,-119.03 34.1011,-119.026 34.1083,-119.015 34.1174,-118.972 34.1264,-118.961 34.1355,-118.95 34.1355,-118.918 34.1355,-118.885 34.1264,-118.875 34.1264,-118.853 34.1264,-118.842 34.1264,-118.799 34.1444,-118.788 34.1444,-118.777 34.1444,-118.756 34.1443,-118.712 34.1985,-118.712 34.2076,-118.701 34.2166,-118.69 34.2166,-118.658 34.2165,-118.647 34.2074,-118.647 34.1984,-118.658 34.1351,-118.658 34.126,-118.669 34.117,-118.68 34.099,-118.691 34.0809,-118.702 34.0719,-118.745 34.0177,-118.745 34.0086,-118.756 33.9996,-118.767 33.9996,-118.799 33.9997,-118.831 33.9997,-118.842 34.0088,-118.864 34.0088,-118.875 34.0088,-118.907 34.0088,-118.918 34.0088,-118.95 34.0088,-118.961 34.0179,-118.972 34.036,-118.983 34.045,-119.004 34.054,-119.004 34.0721,-119.015 34.0902,-119.016 34.091))
201811092359,5,2,
Pattern Matcher : 82
201811092359,6,2,201811092359,3,2,
boundary: POLYGON((-119.016 34.091,-119.026 34.0993,-119.027 34.0997,-119.03 34.1011,-119.026 34.1083,-119.015 34.1174,-118.972 34.1264,-118.961 34.1355,-118.95 34.1355,-118.918 34.1355,-118.885 34.1264,-118.875 34.1264,-118.853 34.1264,-118.842 34.1264,-118.799 34.1444,-118.788 34.1444,-118.777 34.1444,-118.756 34.1443,-118.712 34.1985,-118.712 34.2076,-118.701 34.2166,-118.69 34.2166,-118.658 34.2165,-118.647 34.2074,-118.647 34.1984,-118.658 34.1351,-118.658 34.126,-118.669 34.117,-118.68 34.099,-118.691 34.0809,-118.702 34.0719,-118.745 34.0177,-118.745 34.0086,-118.756 33.9996,-118.767 33.9996,-118.799 33.9997,-118.831 33.9997,-118.842 34.0088,-118.864 34.0088,-118.875 34.0088,-118.907 34.0088,-118.918 34.0088,-118.95 34.0088,-118.961 34.0179,-118.972 34.036,-118.983 34.045,-119.004 34.054,-119.004 34.0721,-119.015 34.0902,-119.016 34.091))
201811092359,5,2,
Pattern Matcher : 83
201811100035,6,2,201811100039,3,2,
boundary: POLYGON((-118.831 33.9997,-118.842 34.0088,-118.853 34.0178,-118.896 34.036,-118.907 34.036,-118.929 34.036,-118.939 34.036,-118.972 34.036,-118.983 34.045,-118.993 34.0631,-119.004 34.0721,-119.015 34.0902,-119.026 34.0993,-119.026 34.1083,-119.015 34.1174,-118.983 34.1083,-118.972 34.1083,-118.929 34.1264,-118.918 34.1355,-118.874 34.1535,-118.864 34.1535,-118.853 34.1445,-118.799 34.1444,-118.788 34.1444,-118.777 34.1444,-118.756 34.1443,-118.712 34.1985,-118.712 34.2076,-118.701 34.2166,-118.69 34.2347,-118.68 34.2437,-118.669 34.2346,-118.658 34.2165,-118.647 34.2074,-118.647 34.1984,-118.658 34.1894,-118.68 34.108,-118.68 34.099,-118.691 34.0809,-118.702 34.0719,-118.712 34.0719,-118.767 34.0268,-118.788 34.0087,-118.799 33.9997,-118.831 33.9997))
201811100046,5,2,
Pattern Matcher : 84
201811100035,6,2,201811100039,3,2,
boundary: POLYGON((-118.831 33.9997,-118.842 34.0088,-118.853 34.0178,-118.896 34.036,-118.907 34.036,-118.929 34.036,-118.939 34.036,-118.972 34.036,-118.983 34.045,-118.993 34.0631,-119.004 34.0721,-119.015 34.0902,-119.026 34.0993,-119.026 34.1083,-119.015 34.1174,-118.983 34.1083,-118.972 34.1083,-118.929 34.1264,-118.918 34.1355,-118.874 34.1535,-118.864 34.1535,-118.853 34.1445,-118.799 34.1444,-118.788 34.1444,-118.777 34.1444,-118.756 34.1443,-118.712 34.1985,-118.712 34.2076,-118.701 34.2166,-118.69 34.2347,-118.68 34.2437,-118.669 34.2346,-118.658 34.2165,-118.647 34.2074,-118.647 34.1984,-118.658 34.1894,-118.68 34.108,-118.68 34.099,-118.691 34.0809,-118.702 34.0719,-118.712 34.0719,-118.767 34.0268,-118.788 34.0087,-118.799 33.9997,-118.831 33.9997))
201811100127,5,2,
Pattern Matcher : 85
201811100035,6,2,201811100121,3,2,
boundary: POLYGON((-118.81 34.0087,-118.853 34.0269,-118.885 34.0359,-118.896 34.036,-118.907 34.036,-118.929 34.036,-118.939 34.036,-118.972 34.036,-118.983 34.045,-118.993 34.0631,-119.004 34.0721,-119.004 34.0812,-118.993 34.0902,-118.983 34.1083,-118.972 34.1083,-118.961 34.1083,-118.939 34.1083,-118.929 34.1083,-118.918 34.0993,-118.907 34.0812,-118.896 34.0721,-118.853 34.054,-118.821 34.054,-118.756 34.0901,-118.745 34.1172,-118.723 34.1352,-118.712 34.1443,-118.69 34.2256,-118.69 34.2347,-118.68 34.2437,-118.669 34.2346,-118.658 34.2165,-118.647 34.2074,-118.647 34.1984,-118.658 34.1894,-118.68 34.108,-118.68 34.099,-118.691 34.0809,-118.702 34.0719,-118.713 34.0538,-118.723 34.0448,-118.767 34.0268,-118.788 34.0087,-118.799 33.9997,-118.81 34.0087))
201811100127,5,2,
Pattern Matcher : 86
201811100117,6,2,201811100121,3,2,
boundary: POLYGON((-118.81 34.0087,-118.853 34.0269,-118.885 34.0359,-118.896 34.036,-118.907 34.036,-118.929 34.036,-118.939 34.036,-118.972 34.036,-118.983 34.045,-118.993 34.0631,-119.004 34.0721,-119.004 34.0812,-118.993 34.0902,-118.983 34.1083,-118.972 34.1083,-118.961 34.1083,-118.939 34.1083,-118.929 34.1083,-118.918 34.0993,-118.907 34.0812,-118.896 34.0721,-118.853 34.054,-118.821 34.054,-118.756 34.0901,-118.745 34.1172,-118.723 34.1352,-118.712 34.1443,-118.69 34.2256,-118.69 34.2347,-118.68 34.2437,-118.669 34.2346,-118.658 34.2165,-118.647 34.2074,-118.647 34.1984,-118.658 34.1894,-118.68 34.108,-118.68 34.099,-118.691 34.0809,-118.702 34.0719,-118.713 34.0538,-118.723 34.0448,-118.767 34.0268,-118.788 34.0087,-118.799 33.9997,-118.81 34.0087))
201811100127,5,2,
Pattern Matcher : 87
201811100117,6,2,201811100121,3,2,
boundary: POLYGON((-118.81 34.0087,-118.853 34.0269,-118.885 34.0359,-118.896 34.036,-118.907 34.036,-118.929 34.036,-118.939 34.036,-118.972 34.036,-118.983 34.045,-118.993 34.0631,-119.004 34.0721,-119.004 34.0812,-118.993 34.0902,-118.983 34.1083,-118.972 34.1083,-118.961 34.1083,-118.939 34.1083,-118.929 34.1083,-118.918 34.0993,-118.907 34.0812,-118.896 34.0721,-118.853 34.054,-118.821 34.054,-118.756 34.0901,-118.745 34.1172,-118.723 34.1352,-118.712 34.1443,-118.69 34.2256,-118.69 34.2347,-118.68 34.2437,-118.669 34.2346,-118.658 34.2165,-118.647 34.2074,-118.647 34.1984,-118.658 34.1894,-118.68 34.108,-118.68 34.099,-118.691 34.0809,-118.702 34.0719,-118.713 34.0538,-118.723 34.0448,-118.767 34.0268,-118.788 34.0087,-118.799 33.9997,-118.81 34.0087))
201811100231,5,2,
Pattern Matcher : 88
201811100117,6,2,201811100223,3,2,
boundary: POLYGON((-118.81 34.0087,-118.821 34.0268,-118.831 34.0359,-118.918 34.045,-118.929 34.036,-118.939 34.036,-118.972 34.036,-118.983 34.045,-118.993 34.0631,-119.004 34.0721,-119.015 34.0902,-119.026 34.0993,-119.026 34.1083,-119.015 34.1174,-118.972 34.1264,-118.961 34.1355,-118.95 34.1355,-118.939 34.1264,-118.929 34.1083,-118.918 34.0993,-118.907 34.0812,-118.896 34.0721,-118.821 34.054,-118.799 34.0901,-118.788 34.0992,-118.777 34.1172,-118.766 34.1263,-118.712 34.1985,-118.712 34.2076,-118.701 34.2166,-118.69 34.2347,-118.68 34.2437,-118.669 34.2346,-118.658 34.2165,-118.647 34.2074,-118.647 34.1984,-118.658 34.1894,-118.68 34.108,-118.68 34.099,-118.691 34.0809,-118.702 34.0719,-118.713 34.0538,-118.723 34.0448,-118.767 34.0268,-118.788 34.0087,-118.799 33.9997,-118.81 34.0087))
201811100231,5,2,
Pattern Matcher : 89
201811100221,6,2,201811100223,3,2,
boundary: POLYGON((-118.81 34.0087,-118.821 34.0268,-118.831 34.0359,-118.918 34.045,-118.929 34.036,-118.939 34.036,-118.972 34.036,-118.983 34.045,-118.993 34.0631,-119.004 34.0721,-119.015 34.0902,-119.026 34.0993,-119.026 34.1083,-119.015 34.1174,-118.972 34.1264,-118.961 34.1355,-118.95 34.1355,-118.939 34.1264,-118.929 34.1083,-118.918 34.0993,-118.907 34.0812,-118.896 34.0721,-118.821 34.054,-118.799 34.0901,-118.788 34.0992,-118.777 34.1172,-118.766 34.1263,-118.712 34.1985,-118.712 34.2076,-118.701 34.2166,-118.69 34.2347,-118.68 34.2437,-118.669 34.2346,-118.658 34.2165,-118.647 34.2074,-118.647 34.1984,-118.658 34.1894,-118.68 34.108,-118.68 34.099,-118.691 34.0809,-118.702 34.0719,-118.713 34.0538,-118.723 34.0448,-118.767 34.0268,-118.788 34.0087,-118.799 33.9997,-118.81 34.0087))
201811100231,5,2,
Pattern Matcher : 90
201811100221,6,2,201811100223,3,2,
boundary: POLYGON((-118.81 34.0087,-118.821 34.0268,-118.831 34.0359,-118.918 34.045,-118.929 34.036,-118.939 34.036,-118.972 34.036,-118.983 34.045,-118.993 34.0631,-119.004 34.0721,-119.015 34.0902,-119.026 34.0993,-119.026 34.1083,-119.015 34.1174,-118.972 34.1264,-118.961 34.1355,-118.95 34.1355,-118.939 34.1264,-118.929 34.1083,-118.918 34.0993,-118.907 34.0812,-118.896 34.0721,-118.821 34.054,-118.799 34.0901,-118.788 34.0992,-118.777 34.1172,-118.766 34.1263,-118.712 34.1985,-118.712 34.2076,-118.701 34.2166,-118.69 34.2347,-118.68 34.2437,-118.669 34.2346,-118.658 34.2165,-118.647 34.2074,-118.647 34.1984,-118.658 34.1894,-118.68 34.108,-118.68 34.099,-118.691 34.0809,-118.702 34.0719,-118.713 34.0538,-118.723 34.0448,-118.767 34.0268,-118.788 34.0087,-118.799 33.9997,-118.81 34.0087))
201811100334,5,2,
Pattern Matcher : 91
201811100221,6,2,201811100325,3,2,
boundary: POLYGON((-118.81 34.0087,-118.821 34.0268,-118.831 34.0359,-118.907 34.0631,-118.918 34.0631,-118.929 34.0631,-118.939 34.0631,-118.95 34.0631,-118.961 34.0631,-118.983 34.0631,-118.993 34.0631,-119.004 34.0721,-119.015 34.0902,-119.026 34.0993,-119.026 34.1083,-119.015 34.1174,-118.983 34.1083,-118.972 34.1083,-118.961 34.1083,-118.939 34.1083,-118.929 34.1083,-118.918 34.0993,-118.907 34.0812,-118.896 34.0721,-118.821 34.054,-118.777 34.063,-118.767 34.072,-118.756 34.0901,-118.745 34.0991,-118.734 34.09,-118.723 34.0719,-118.713 34.0629,-118.713 34.0538,-118.723 34.0448,-118.788 34.0087,-118.799 33.9997,-118.81 34.0087))
201811100334,5,2,
Pattern Matcher : 92
201811100319,6,2,201811100325,3,2,
boundary: POLYGON((-118.81 34.0087,-118.821 34.0268,-118.831 34.0359,-118.907 34.0631,-118.918 34.0631,-118.929 34.0631,-118.939 34.0631,-118.95 34.0631,-118.961 34.0631,-118.983 34.0631,-118.993 34.0631,-119.004 34.0721,-119.015 34.0902,-119.026 34.0993,-119.026 34.1083,-119.015 34.1174,-118.983 34.1083,-118.972 34.1083,-118.961 34.1083,-118.939 34.1083,-118.929 34.1083,-118.918 34.0993,-118.907 34.0812,-118.896 34.0721,-118.821 34.054,-118.777 34.063,-118.767 34.072,-118.756 34.0901,-118.745 34.0991,-118.734 34.09,-118.723 34.0719,-118.713 34.0629,-118.713 34.0538,-118.723 34.0448,-118.788 34.0087,-118.799 33.9997,-118.81 34.0087))
201811100334,5,2,
Pattern Matcher : 93
201811100319,6,2,201811100325,3,2,
boundary: POLYGON((-118.81 34.0087,-118.821 34.0268,-118.831 34.0359,-118.907 34.0631,-118.918 34.0631,-118.929 34.0631,-118.939 34.0631,-118.95 34.0631,-118.961 34.0631,-118.983 34.0631,-118.993 34.0631,-119.004 34.0721,-119.015 34.0902,-119.026 34.0993,-119.026 34.1083,-119.015 34.1174,-118.983 34.1083,-118.972 34.1083,-118.961 34.1083,-118.939 34.1083,-118.929 34.1083,-118.918 34.0993,-118.907 34.0812,-118.896 34.0721,-118.821 34.054,-118.777 34.063,-118.767 34.072,-118.756 34.0901,-118.745 34.0991,-118.734 34.09,-118.723 34.0719,-118.713 34.0629,-118.713 34.0538,-118.723 34.0448,-118.788 34.0087,-118.799 33.9997,-118.81 34.0087))
201811100427,5,2,
Pattern Matcher : 94
201811100319,6,2,201811100419,3,2,
boundary: POLYGON((-118.799 34.072,-118.799 34.072,-118.745 34.1172,-118.733 34.1274,-118.723 34.1352,-118.712 34.1443,-118.701 34.1352,-118.691 34.1171,-118.68 34.108,-118.68 34.099,-118.691 34.0809,-118.702 34.0719,-118.713 34.0538,-118.723 34.0357,-118.734 34.0267,-118.745 34.0267,-118.788 34.0087,-118.799 33.9997,-118.81 34.0087,-118.81 34.0178,-118.799 34.0359,-118.799 34.072,-118.799 34.072))
201811100427,5,2,
Pattern Matcher : 95
201811100416,6,2,201811100419,3,2,
boundary: POLYGON((-118.799 34.072,-118.799 34.072,-118.745 34.1172,-118.733 34.1274,-118.723 34.1352,-118.712 34.1443,-118.701 34.1352,-118.691 34.1171,-118.68 34.108,-118.68 34.099,-118.691 34.0809,-118.691 34.0357,-118.691 34.0266,-118.702 34.0176,-118.734 34.0267,-118.745 34.0267,-118.788 34.0087,-118.799 33.9997,-118.81 34.0087,-118.81 34.0178,-118.799 34.0359,-118.799 34.072,-118.799 34.072))
201811100427,5,2,
Pattern Matcher : 96
201811100319,6,2,201811100422,3,2,
boundary: POLYGON((-118.961 34.0631,-118.972 34.0721,-118.983 34.0902,-118.983 34.0993,-118.983 34.1083,-118.972 34.1083,-118.961 34.1083,-118.939 34.1083,-118.929 34.1083,-118.918 34.0993,-118.907 34.0812,-118.896 34.0721,-118.907 34.0631,-118.918 34.0631,-118.929 34.0631,-118.939 34.0631,-118.95 34.0631,-118.961 34.0631))
201811100427,5,2,
Pattern Matcher : 97
201811100416,6,2,201811100422,3,2,
boundary: POLYGON((-118.929 34.0631,-118.939 34.0631,-118.95 34.0631,-118.961 34.0631,-118.972 34.0721,-118.983 34.0902,-118.983 34.0993,-118.983 34.1083,-118.972 34.1083,-118.961 34.1083,-118.939 34.1083,-118.929 34.1083,-118.918 34.0993,-118.907 34.0812,-118.896 34.0721,-118.907 34.0631,-118.918 34.0631,-118.929 34.0631))
201811100427,5,2,
Pattern Matcher : 98
201811100416,6,2,201811100419,3,2,
boundary: POLYGON((-118.795 34.0736,-118.756 34.0901,-118.745 34.0991,-118.738 34.0971,-118.712 34.09,-118.702 34.09,-118.691 34.0809,-118.691 34.0357,-118.691 34.0266,-118.702 34.0176,-118.734 34.0267,-118.745 34.0267,-118.788 34.0087,-118.799 33.9997,-118.81 34.0087,-118.81 34.0178,-118.799 34.0359,-118.799 34.072,-118.795 34.0736))
201811100530,5,2,
Pattern Matcher : 99
201811100416,6,2,201811100422,3,2,
boundary: POLYGON((-118.918 34.0993,-118.907 34.0812,-118.896 34.0721,-118.907 34.0631,-118.918 34.0631,-118.929 34.0631,-118.939 34.0631,-118.95 34.0631,-118.961 34.0631,-118.972 34.0721,-118.983 34.0902,-118.983 34.0993,-118.983 34.1083,-118.972 34.1083,-118.961 34.1083,-118.939 34.1083,-118.929 34.1083,-118.918 34.0993))
201811100530,5,2,
Pattern Matcher : 100
201811100416,6,2,201811100521,3,2,
boundary: POLYGON((-119.026 34.1081,-119.026 34.1083,-119.017 34.116,-119.015 34.1174,-118.983 34.1083,-118.972 34.1083,-118.961 34.1083,-118.939 34.1083,-118.929 34.1083,-118.918 34.0993,-118.913 34.0915,-118.918 34.0902,-118.939 34.0631,-118.95 34.0631,-118.961 34.0631,-118.983 34.0631,-118.993 34.0631,-119.004 34.0721,-119.015 34.0902,-119.026 34.0993,-119.026 34.1081))
201811100530,5,2,
Pattern Matcher : 101
201811100519,6,2,201811100521,3,2,
boundary: POLYGON((-119.026 34.1081,-119.026 34.1083,-119.017 34.116,-119.015 34.1174,-118.983 34.1083,-118.972 34.1083,-118.961 34.1083,-118.939 34.1083,-118.929 34.1083,-118.918 34.0993,-118.905 34.0938,-118.918 34.0902,-118.939 34.0631,-118.95 34.0631,-118.961 34.0631,-118.983 34.0631,-118.993 34.0631,-119.004 34.0721,-119.015 34.0902,-119.026 34.0993,-119.026 34.1081))
201811100530,5,2,
Pattern Matcher : 102
201811100519,6,2,201811100521,3,2,
boundary: POLYGON((-118.915 34.0945,-118.913 34.0915,-118.918 34.0902,-118.939 34.0631,-118.95 34.0631,-118.961 34.0631,-118.983 34.0631,-118.993 34.0631,-119.004 34.0721,-119.015 34.0902,-119.026 34.0993,-119.026 34.1083,-119.015 34.1174,-118.983 34.1083,-118.972 34.1083,-118.961 34.1083,-118.939 34.1083,-118.929 34.1083,-118.918 34.0993,-118.915 34.0945))
201811100624,5,2,
Pattern Matcher : 103
201811100519,6,2,201811100617,3,2,
boundary: POLYGON((-118.81 34.0562,-118.798 34.0587,-118.777 34.063,-118.773 34.0665,-118.767 34.072,-118.756 34.0901,-118.745 34.0991,-118.738 34.0971,-118.712 34.09,-118.702 34.09,-118.691 34.0809,-118.686 34.0788,-118.672 34.0729,-118.669 34.0628,-118.669 34.0537,-118.68 34.0447,-118.691 34.0266,-118.702 34.0176,-118.734 34.0267,-118.745 34.0267,-118.764 34.0186,-118.777 34.0268,-118.788 34.0268,-118.799 34.0359,-118.81 34.054,-118.81 34.0562))
201811100624,5,2,
Pattern Matcher : 104
201811100612,6,2,201811100617,3,2,
boundary: POLYGON((-118.798 34.0587,-118.777 34.063,-118.773 34.0665,-118.767 34.072,-118.756 34.0901,-118.745 34.0991,-118.738 34.0971,-118.712 34.09,-118.702 34.09,-118.691 34.0809,-118.686 34.0788,-118.672 34.0729,-118.669 34.0628,-118.669 34.0537,-118.669 34.0085,-118.67 33.9994,-118.68 33.9904,-118.713 33.9995,-118.724 33.9996,-118.734 33.9996,-118.777 34.0268,-118.788 34.0268,-118.799 34.0359,-118.81 34.054,-118.81 34.0562,-118.798 34.0587))
201811100624,5,2,
Pattern Matcher : 105
201811100612,6,2,201811100617,3,2,
boundary: POLYGON((-118.798 34.0587,-118.777 34.063,-118.773 34.0665,-118.767 34.072,-118.756 34.0901,-118.745 34.0991,-118.738 34.0971,-118.712 34.09,-118.702 34.09,-118.691 34.0809,-118.686 34.0788,-118.672 34.0729,-118.669 34.0628,-118.669 34.0537,-118.669 34.0085,-118.67 33.9994,-118.68 33.9904,-118.713 33.9995,-118.724 33.9996,-118.734 33.9996,-118.777 34.0268,-118.788 34.0268,-118.799 34.0359,-118.81 34.054,-118.81 34.0562,-118.798 34.0587))
201811100727,5,2,
Pattern Matcher : 106
201811100612,6,2,201811100723,3,2,
boundary: POLYGON((-118.702 34.09,-118.691 34.0809,-118.669 34.0628,-118.669 34.0537,-118.68 34.0447,-118.691 34.0266,-118.702 34.0176,-118.734 34.0267,-118.745 34.0267,-118.756 34.0268,-118.777 34.0539,-118.784 34.0616,-118.779 34.0627,-118.777 34.063,-118.773 34.0665,-118.767 34.072,-118.756 34.0901,-118.745 34.0991,-118.738 34.0971,-118.712 34.09,-118.702 34.09))
201811100727,5,2,
Pattern Matcher : 107
201811100718,6,2,201811100723,3,2,
boundary: POLYGON((-118.702 34.09,-118.691 34.0809,-118.669 34.0628,-118.669 34.0537,-118.68 34.0447,-118.691 34.0266,-118.702 34.0176,-118.734 34.0267,-118.745 34.0267,-118.756 34.0268,-118.777 34.0539,-118.784 34.0616,-118.779 34.0627,-118.777 34.063,-118.773 34.0665,-118.767 34.072,-118.756 34.0901,-118.745 34.0991,-118.738 34.0971,-118.712 34.09,-118.702 34.09))
201811100727,5,2,
Pattern Matcher : 108
201811100718,6,2,201811100723,3,2,
boundary: POLYGON((-118.773 34.0665,-118.767 34.072,-118.756 34.0901,-118.745 34.099,-118.735 34.0912,-118.734 34.09,-118.734 34.09,-118.734 34.09,-118.699 34.0755,-118.691 34.0719,-118.688 34.0711,-118.675 34.0673,-118.669 34.0628,-118.669 34.0537,-118.68 34.0447,-118.691 34.0266,-118.702 34.0176,-118.734 34.0267,-118.745 34.0267,-118.756 34.0268,-118.777 34.0539,-118.777 34.063,-118.773 34.0665))
201811100827,5,2,
Pattern Matcher : 109
201811100718,6,2,201811100821,3,2,
boundary: POLYGON((-118.773 34.0665,-118.767 34.072,-118.767 34.072,-118.756 34.072,-118.723 34.0719,-118.713 34.0629,-118.702 34.0447,-118.691 34.0357,-118.691 34.0266,-118.702 34.0176,-118.734 34.0267,-118.745 34.0267,-118.756 34.0268,-118.777 34.0539,-118.777 34.063,-118.773 34.0665))
201811100827,5,2,
Pattern Matcher : 110
201811100816,6,2,201811100821,3,2,
boundary: POLYGON((-118.773 34.0665,-118.767 34.072,-118.767 34.072,-118.756 34.072,-118.723 34.0719,-118.713 34.0629,-118.702 34.0447,-118.691 34.0357,-118.691 34.0266,-118.702 34.0176,-118.734 34.0267,-118.745 34.0267,-118.756 34.0268,-118.777 34.0539,-118.777 34.063,-118.773 34.0665))
201811100827,5,2,
Pattern Matcher : 111
201811100816,6,2,201811100821,3,2,
boundary: POLYGON((-118.738 34.0719,-118.723 34.0719,-118.713 34.0629,-118.702 34.0447,-118.691 34.0357,-118.691 34.0266,-118.702 34.0176,-118.734 34.0267,-118.745 34.0267,-118.756 34.0268,-118.777 34.0539,-118.777 34.063,-118.773 34.0665,-118.767 34.072,-118.756 34.072,-118.738 34.0719))
201811100924,5,2,
Pattern Matcher : 112
201811100816,6,2,201811100919,3,2,
boundary: POLYGON((-118.787 34.0415,-118.777 34.0539,-118.777 34.063,-118.773 34.0665,-118.767 34.072,-118.756 34.072,-118.738 34.0719,-118.723 34.0719,-118.713 34.0629,-118.713 34.0538,-118.723 34.0357,-118.734 34.0267,-118.745 34.0267,-118.756 34.0268,-118.767 34.0268,-118.777 34.0268,-118.788 34.0268,-118.795 34.0321,-118.787 34.0415))
201811100924,5,2,
Pattern Matcher : 113
201811100913,6,2,201811100919,3,2,
boundary: POLYGON((-118.787 34.0415,-118.777 34.0539,-118.777 34.063,-118.773 34.0665,-118.767 34.072,-118.756 34.072,-118.738 34.0719,-118.723 34.0719,-118.713 34.0629,-118.713 34.0538,-118.723 34.0357,-118.734 34.0267,-118.745 34.0267,-118.756 34.0268,-118.767 34.0268,-118.777 34.0268,-118.788 34.0268,-118.795 34.0321,-118.787 34.0415))
201811100924,5,2,
Pattern Matcher : 114
201811100913,6,2,201811100919,3,2,
boundary: POLYGON((-118.719 34.0683,-118.713 34.0629,-118.713 34.0538,-118.723 34.0357,-118.734 34.0267,-118.745 34.0267,-118.756 34.0268,-118.767 34.0268,-118.777 34.0268,-118.788 34.0268,-118.799 34.0359,-118.788 34.0449,-118.777 34.0449,-118.777 34.0449,-118.777 34.0449,-118.734 34.0629,-118.723 34.0718,-118.719 34.0683))
201811101022,5,2,
Pattern Matcher : 115
201811100913,6,2,201811101017,3,2,
boundary: POLYGON((-118.734 34.0267,-118.745 34.0267,-118.756 34.0268,-118.756 34.0358,-118.756 34.0448,-118.745 34.0448,-118.734 34.0448,-118.723 34.0357,-118.734 34.0267))
201811101022,5,2,
Pattern Matcher : 116
201811101012,6,2,201811101017,3,2,
boundary: POLYGON((-118.745 34.0267,-118.756 34.0268,-118.756 34.0358,-118.756 34.0448,-118.745 34.0448,-118.734 34.0448,-118.723 34.0357,-118.734 34.0267,-118.745 34.0267))
201811101022,5,2,
Pattern Matcher : 117
201811101012,6,2,201811101017,3,2,
boundary: POLYGON((-118.756 34.0448,-118.745 34.0448,-118.734 34.0448,-118.723 34.0357,-118.734 34.0267,-118.734 34.0267,-118.734 34.0267,-118.745 34.0267,-118.749 34.0267,-118.756 34.0268,-118.756 34.0358,-118.756 34.0448))
201811101120,5,2,
Pattern Matcher : 118
201811101719,6,2,201811101826,3,2,
boundary: POLYGON((-118.929 34.0902,-118.939 34.0902,-118.95 34.0902,-118.95 34.0993,-118.939 34.1083,-118.929 34.1083,-118.918 34.0993,-118.918 34.0902,-118.929 34.0902))
201811101829,5,2,
Pattern Matcher : 119
201811101819,6,2,201811101826,3,2,
boundary: POLYGON((-118.929 34.0902,-118.939 34.0902,-118.95 34.0902,-118.95 34.0993,-118.939 34.1083,-118.929 34.1083,-118.918 34.0993,-118.918 34.0902,-118.929 34.0902))
201811101829,5,2,
Pattern Matcher : 120
201811101819,6,2,201811101826,3,2,
boundary: POLYGON((-118.929 34.0902,-118.939 34.0902,-118.95 34.0902,-118.95 34.0993,-118.939 34.1083,-118.929 34.1083,-118.918 34.0993,-118.918 34.0902,-118.929 34.0902))
201811101926,5,2,
Pattern Matcher : 121
201811101819,6,2,201811101923,3,2,
boundary: POLYGON((-118.918 34.0902,-118.929 34.0902,-118.939 34.0902,-118.95 34.0902,-118.972 34.1174,-118.972 34.1264,-118.961 34.1355,-118.95 34.1355,-118.918 34.1355,-118.907 34.1264,-118.907 34.1174,-118.907 34.1083,-118.918 34.0902))
201811101926,5,2,
Pattern Matcher : 122
201811101917,6,2,201811101923,3,2,
boundary: POLYGON((-118.918 34.0902,-118.929 34.0902,-118.939 34.0902,-118.95 34.0902,-118.972 34.1174,-118.972 34.1264,-118.961 34.1355,-118.95 34.1355,-118.918 34.1355,-118.907 34.1264,-118.907 34.1174,-118.907 34.1083,-118.918 34.0902))
201811101926,5,2,
Pattern Matcher : 123
201811101917,6,2,201811101923,3,2,
boundary: POLYGON((-118.918 34.0902,-118.929 34.0902,-118.939 34.0902,-118.95 34.0902,-118.972 34.1174,-118.972 34.1264,-118.961 34.1355,-118.95 34.1355,-118.918 34.1355,-118.907 34.1264,-118.907 34.1174,-118.907 34.1083,-118.918 34.0902))
201811102031,5,2,
Pattern Matcher : 124
201811101917,6,2,201811102026,3,2,
boundary: POLYGON((-118.702 34.0719,-118.712 34.0719,-118.723 34.081,-118.723 34.09,-118.712 34.09,-118.702 34.09,-118.691 34.0809,-118.702 34.0719))
201811102031,5,2,
Pattern Matcher : 125
201811102015,6,2,201811102026,3,2,
boundary: POLYGON((-118.702 34.0719,-118.712 34.0719,-118.723 34.081,-118.723 34.09,-118.712 34.09,-118.702 34.09,-118.691 34.0809,-118.702 34.0719))
201811102031,5,2,
Pattern Matcher : 126
201811101917,6,2,201811102028,3,2,
boundary: POLYGON((-118.896 34.0812,-118.929 34.0902,-118.939 34.0902,-118.95 34.0902,-118.972 34.1174,-118.972 34.1264,-118.961 34.1355,-118.95 34.1355,-118.918 34.1355,-118.907 34.1264,-118.896 34.1083,-118.885 34.0993,-118.885 34.0902,-118.896 34.0812))
201811102031,5,2,
Pattern Matcher : 127
201811102015,6,2,201811102028,3,2,
boundary: POLYGON((-118.896 34.0812,-118.929 34.0902,-118.939 34.0902,-118.95 34.0902,-118.972 34.1174,-118.972 34.1264,-118.961 34.1355,-118.95 34.1355,-118.918 34.1355,-118.907 34.1264,-118.896 34.1083,-118.885 34.0993,-118.885 34.0902,-118.896 34.0812))
201811102031,5,2,
Pattern Matcher : 128
201811102136,6,2,201811102147,3,2,
boundary: POLYGON((-118.702 34.0719,-118.712 34.0719,-118.734 34.0719,-118.745 34.072,-118.756 34.081,-118.756 34.0901,-118.745 34.0991,-118.712 34.09,-118.702 34.09,-118.691 34.0809,-118.702 34.0719))
201811102153,5,2,
Pattern Matcher : 129
201811102136,6,2,201811102148,3,2,
boundary: POLYGON((-118.896 34.0812,-118.929 34.0902,-118.939 34.0902,-118.95 34.0902,-118.961 34.0902,-118.972 34.0902,-118.983 34.0902,-118.983 34.0993,-118.983 34.1083,-118.993 34.1445,-118.993 34.1536,-118.983 34.1626,-118.972 34.1626,-118.961 34.1536,-118.918 34.1355,-118.907 34.1264,-118.896 34.1083,-118.885 34.0993,-118.885 34.0902,-118.896 34.0812))
201811102153,5,2,
Pattern Matcher : 130
201811102136,6,2,201811102147,3,2,
boundary: POLYGON((-118.702 34.0719,-118.712 34.0719,-118.734 34.0719,-118.745 34.072,-118.756 34.081,-118.756 34.0901,-118.745 34.0991,-118.712 34.09,-118.702 34.09,-118.691 34.0809,-118.702 34.0719))
201811102237,5,2,
Pattern Matcher : 131
201811102136,6,2,201811102148,3,2,
boundary: POLYGON((-118.896 34.0812,-118.929 34.0902,-118.939 34.0902,-118.95 34.0902,-118.961 34.0902,-118.972 34.0902,-118.983 34.0902,-118.983 34.0993,-118.983 34.1083,-118.993 34.1445,-118.993 34.1536,-118.983 34.1626,-118.972 34.1626,-118.961 34.1536,-118.918 34.1355,-118.907 34.1264,-118.896 34.1083,-118.885 34.0993,-118.885 34.0902,-118.896 34.0812))
201811102237,5,2,
Pattern Matcher : 132
201811102136,6,2,201811102232,3,2,
boundary: POLYGON((-118.929 34.0902,-118.939 34.0902,-118.95 34.0902,-118.961 34.0902,-118.972 34.0902,-118.983 34.0902,-118.983 34.0993,-118.983 34.1083,-118.972 34.1264,-118.961 34.1355,-118.95 34.1355,-118.939 34.1264,-118.929 34.1083,-118.918 34.0993,-118.918 34.0902,-118.929 34.0902))
201811102237,5,2,
Pattern Matcher : 133
201811102221,6,2,201811102232,3,2,
boundary: POLYGON((-118.929 34.0902,-118.939 34.0902,-118.95 34.0902,-118.961 34.0902,-118.972 34.0902,-118.983 34.0902,-118.983 34.0993,-118.983 34.1083,-118.972 34.1264,-118.961 34.1355,-118.95 34.1355,-118.939 34.1264,-118.929 34.1083,-118.918 34.0993,-118.918 34.0902,-118.929 34.0902))
201811102237,5,2,
Pattern Matcher : 134
201811102221,6,2,201811102232,3,2,
boundary: POLYGON((-118.929 34.0902,-118.939 34.0902,-118.95 34.0902,-118.961 34.0902,-118.972 34.0902,-118.983 34.0902,-118.983 34.0993,-118.983 34.1083,-118.972 34.1264,-118.961 34.1355,-118.95 34.1355,-118.939 34.1264,-118.929 34.1083,-118.918 34.0993,-118.918 34.0902,-118.929 34.0902))
201811102327,5,2,
event stream queue is empty now!
perform 1loadshedding
eventCn 1499
#full Match 134
#high latecny (> 150)84
#NumPartialMatch 142
#NumDropedPM 0
#NumDropedInputEvents 0
avg latency: 1065
expression size: 0
