c06
c16
c06
c16
c06
c06
c06
c06
c16
c16
c16
c16
Pattern Matcher : 1
201811071713,2,2,
boundary: POLYGON((-118.799 34.054,-118.81 34.054,-118.81 34.063,-118.81 34.0721,-118.799 34.0901,-118.788 34.0992,-118.777 34.0991,-118.77 34.0933,-118.797 34.0539,-118.799 34.054))
201811071741,5,2,
Pattern Matcher : 2
201811071713,2,2,
boundary: POLYGON((-118.845 34.3525,-118.842 34.3525,-118.842 34.3525,-118.845 34.3525))
201811071743,5,2,
Pattern Matcher : 3
201811071716,2,2,
boundary: POLYGON((-118.558 34.8222,-118.569 34.8042,-118.58 34.8042,-118.612 34.8043,-118.645 34.8134,-118.656 34.8135,-118.667 34.8225,-118.667 34.8316,-118.677 34.8678,-118.666 34.8858,-118.655 34.9039,-118.645 34.9129,-118.601 34.9218,-118.59 34.9309,-118.579 34.9308,-118.568 34.9217,-118.525 34.9035,-118.47 34.9756,-118.514 34.8944,-118.514 34.8854,-118.525 34.8673,-118.536 34.8583,-118.558 34.8222))
201811071743,5,2,
Pattern Matcher : 4
201811071718,2,2,
boundary: POLYGON((-119.55 34.93,-119.551 34.9481,-119.551 34.9662,-119.551 34.9752,-119.551 35.0023,-119.551 35.0114,-119.551 35.0204,-119.551 35.0295,-119.551 35.0385,-119.551 35.0476,-119.551 35.0566,-119.551 35.0657,-119.552 35.0837,-119.552 35.0928,-119.552 35.129,-119.552 35.138,-119.552 35.1471,-119.552 35.1561,-119.552 35.1651,-119.552 35.1742,-119.552 35.1832,-119.552 35.1923,-119.552 35.2104,-119.553 35.2194,-119.553 35.2284,-119.553 35.2375,-119.542 35.2375,-119.531 35.2376,-119.52 35.2376,-119.509 35.2377,-119.498 35.2377,-119.487 35.2378,-119.476 35.2378,-119.465 35.2379,-119.454 35.2379,-119.443 35.238,-119.432 35.238,-119.421 35.2381,-119.41 35.2381,-119.399 35.2381,-119.388 35.2382,-119.377 35.2382,-119.366 35.2382,-119.355 35.2021,-119.322 35.157,-119.3 35.148,-119.311 35.1389,-119.344 35.0936,-119.344 35.0846,-119.355 35.0664,-119.354 35.0303,-119.354 35.0212,-119.354 35.0122,-119.365 34.9941,-119.376 34.985,-119.398 34.9939,-119.474 34.9575,-119.474 34.9123,-119.474 34.9032,-119.485 34.8941,-119.496 34.8941,-119.507 34.9031,-119.55 34.921,-119.55 34.93))
201811071743,5,2,
Pattern Matcher : 5
201811071721,2,2,
boundary: POLYGON((-118.371 35.0204,-118.371 35.0114,-118.371 34.9752,-118.371 34.9662,-118.371 34.9571,-118.371 34.9481,-118.372 34.9299,-118.372 34.921,-118.372 34.9029,-118.415 34.9483,-118.459 34.9756,-118.47 34.9756,-118.469 34.9847,-118.469 34.9937,-118.458 35.0118,-118.447 35.0208,-118.436 35.0388,-118.425 35.0478,-118.393 35.0386,-118.382 35.0386,-118.371 35.0295,-118.371 35.0204))
201811071743,5,2,
Pattern Matcher : 6
201811071814,2,2,
boundary: POLYGON((-118.605 33.9902,-118.616 33.9903,-118.637 33.9903,-118.648 33.9903,-118.659 33.9994,-118.713 33.9995,-118.724 33.9996,-118.734 33.9996,-118.756 33.9996,-118.767 33.9996,-118.799 33.9997,-118.81 34.0087,-118.853 34.0269,-118.885 34.0359,-118.896 34.036,-118.907 34.036,-118.929 34.036,-118.939 34.036,-118.95 34.045,-118.961 34.0631,-118.972 34.0721,-119.015 34.0902,-119.047 34.0902,-119.069 34.0992,-119.058 34.1173,-119.047 34.1173,-119.004 34.1355,-118.993 34.1536,-118.983 34.1626,-118.972 34.1807,-118.961 34.1988,-118.95 34.2078,-118.939 34.2078,-118.907 34.2078,-118.885 34.1988,-118.842 34.1716,-118.831 34.1716,-118.81 34.1444,-118.788 34.1173,-118.745 34.0991,-118.702 34.1171,-118.691 34.1171,-118.658 34.117,-118.615 34.1259,-118.604 34.1349,-118.593 34.1349,-118.561 34.1348,-118.55 34.1257,-118.539 34.1076,-118.529 34.0985,-118.529 34.0895,-118.54 34.0805,-118.572 34.0263,-118.594 33.9902,-118.605 33.9902))
201811071838,5,2,
Pattern Matcher : 7
201811071814,2,2,
boundary: POLYGON((-119.015 34.3616,-118.994 34.3797,-118.983 34.3797,-118.972 34.3797,-118.961 34.3797,-118.961 34.3797,-119.004 34.3616,-119.015 34.3616))
201811071841,5,2,
Pattern Matcher : 8
201811071815,2,2,
boundary: POLYGON((-118.371 35.0114,-118.371 34.9662,-118.371 34.9571,-118.371 34.9481,-118.371 34.939,-118.372 34.921,-118.372 34.9119,-118.372 34.9029,-118.372 34.8848,-118.372 34.8757,-118.372 34.8667,-118.405 34.8126,-118.395 34.7402,-118.384 34.7311,-118.384 34.722,-118.395 34.7221,-118.406 34.7221,-118.417 34.7312,-118.471 34.7767,-118.482 34.7767,-118.492 34.7768,-118.514 34.7768,-118.525 34.7769,-118.591 34.7771,-118.601 34.7862,-118.612 34.7952,-118.656 34.8135,-118.667 34.8225,-118.688 34.8407,-118.688 34.8497,-118.688 34.8588,-118.677 34.8678,-118.666 34.8858,-118.655 34.9039,-118.645 34.9129,-118.601 34.9218,-118.59 34.9309,-118.579 34.9308,-118.546 34.9307,-118.47 34.9756,-118.469 34.9847,-118.469 34.9937,-118.458 35.0118,-118.447 35.0208,-118.404 35.0387,-118.393 35.0386,-118.382 35.0386,-118.371 35.0295,-118.371 35.0114))
201811071841,5,2,
Pattern Matcher : 9
201811071818,2,2,
boundary: POLYGON((-119.55 34.9119,-119.55 34.921,-119.551 34.939,-119.551 34.9571,-119.551 34.9662,-119.551 35.0023,-119.551 35.0114,-119.551 35.0204,-119.551 35.0385,-119.551 35.0476,-119.551 35.0566,-119.551 35.0657,-119.552 35.0747,-119.552 35.0928,-119.552 35.129,-119.552 35.138,-119.552 35.1471,-119.552 35.1561,-119.552 35.1651,-119.552 35.1742,-119.552 35.1832,-119.552 35.2013,-119.552 35.2104,-119.553 35.2194,-119.553 35.2284,-119.553 35.2375,-119.542 35.2375,-119.531 35.2376,-119.52 35.2376,-119.509 35.2377,-119.498 35.2377,-119.487 35.2378,-119.476 35.2378,-119.465 35.2379,-119.454 35.2379,-119.443 35.238,-119.432 35.238,-119.421 35.2381,-119.41 35.2381,-119.399 35.2381,-119.388 35.2382,-119.377 35.2382,-119.366 35.2382,-119.345 35.2383,-119.334 35.2383,-119.323 35.2384,-119.312 35.2384,-119.301 35.2384,-119.29 35.2385,-119.279 35.2385,-119.268 35.2385,-119.257 35.2386,-119.246 35.2386,-119.235 35.2386,-119.246 35.2295,-119.267 35.1481,-119.267 35.139,-119.278 35.13,-119.344 35.0846,-119.333 35.0484,-119.333 35.0394,-119.332 35.0032,-119.332 34.9942,-119.332 34.9851,-119.343 34.9851,-119.376 34.985,-119.409 34.9939,-119.42 34.9939,-119.431 34.9938,-119.474 34.9575,-119.474 34.9123,-119.474 34.9032,-119.485 34.8941,-119.496 34.8941,-119.55 34.9029,-119.55 34.9119))
201811071841,5,2,
Pattern Matcher : 10
201811071821,2,2,
boundary: POLYGON((-118.764 35.1031,-118.775 35.0941,-118.786 35.1031,-118.786 35.1122,-118.786 35.1212,-118.775 35.1212,-118.764 35.1121,-118.764 35.1031))
201811071841,5,2,
Pattern Matcher : 11
201811071814,2,2,
boundary: POLYGON((-118.831 33.9997,-118.842 34.0088,-118.907 34.0088,-118.918 34.0088,-118.929 34.0179,-118.972 34.036,-119.004 34.045,-119.015 34.045,-119.026 34.054,-119.069 34.0721,-119.08 34.0721,-119.08 34.0902,-119.069 34.1535,-119.069 34.1626,-119.048 34.1897,-119.037 34.2078,-119.015 34.235,-119.091 34.2982,-119.102 34.2982,-119.145 34.2801,-119.156 34.271,-119.188 34.28,-119.199 34.28,-119.21 34.2799,-119.254 34.307,-119.264 34.307,-119.286 34.3069,-119.297 34.3069,-119.308 34.3159,-119.351 34.3338,-119.373 34.3428,-119.416 34.3698,-119.427 34.3698,-119.471 34.3967,-119.482 34.3967,-119.493 34.4057,-119.536 34.4236,-119.547 34.4326,-119.547 34.4416,-119.536 34.4507,-119.504 34.4418,-119.493 34.4418,-119.471 34.4419,-119.46 34.442,-119.428 34.4421,-119.406 34.4331,-119.384 34.4061,-119.341 34.3881,-119.33 34.3791,-119.319 34.3611,-119.308 34.3521,-119.264 34.325,-119.254 34.3251,-119.21 34.3523,-119.2 34.3523,-119.167 34.3524,-119.134 34.3434,-119.124 34.3434,-119.091 34.3434,-119.059 34.3344,-119.048 34.3344,-118.994 34.3797,-118.983 34.3797,-118.972 34.3797,-118.961 34.3797,-118.95 34.3797,-118.939 34.3797,-118.928 34.3797,-118.907 34.3797,-118.896 34.3797,-118.863 34.3796,-118.842 34.3706,-118.755 34.3705,-118.744 34.3705,-118.733 34.3614,-118.69 34.3432,-118.668 34.3341,-118.625 34.334,-118.614 34.334,-118.603 34.3339,-118.593 34.3249,-118.549 34.3066,-118.517 34.3065,-118.506 34.2974,-118.495 34.2793,-118.484 34.2702,-118.441 34.252,-118.409 34.2428,-118.398 34.2427,-118.387 34.2427,-118.377 34.2155,-118.377 34.1974,-118.377 34.1883,-118.377 34.1793,-118.377 34.1703,-118.377 34.1612,-118.377 34.1522,-118.377 34.1431,-118.377 34.1341,-118.377 34.125,-118.377 34.116,-118.377 34.1069,-118.377 34.0979,-118.377 34.0888,-118.377 34.0798,-118.378 34.0708,-118.378 34.0617,-118.378 34.0527,-118.378 34.0165,-118.378 34.0074,-118.378 33.9984,-118.378 33.9893,-118.378 33.9713,-118.378 33.9622,-118.378 33.9532,-118.432 33.9534,-118.443 33.9535,-118.454 33.9626,-118.465 33.9807,-118.475 33.9898,-118.518 34.008,-118.594 33.954,-118.594 33.945,-118.605 33.9359,-118.616 33.945,-118.626 33.9631,-118.637 33.9722,-118.68 33.9904,-118.702 33.9995,-118.788 34.0087,-118.799 33.9997,-118.831 33.9997))
201811071929,5,2,
Pattern Matcher : 12
201811071815,2,2,
boundary: POLYGON((-118.371 35.0204,-118.371 35.0114,-118.371 34.9752,-118.371 34.9662,-118.371 34.9571,-118.371 34.9481,-118.371 34.939,-118.372 34.93,-118.372 34.921,-118.372 34.9119,-118.372 34.8938,-118.372 34.8848,-118.372 34.8757,-118.372 34.8667,-118.405 34.8126,-118.395 34.7402,-118.384 34.7311,-118.384 34.722,-118.395 34.7221,-118.406 34.7221,-118.417 34.7312,-118.471 34.7767,-118.482 34.7767,-118.492 34.7768,-118.514 34.7768,-118.525 34.7769,-118.591 34.7771,-118.601 34.7862,-118.612 34.7952,-118.656 34.8135,-118.667 34.8225,-118.688 34.8407,-118.688 34.8497,-118.688 34.8588,-118.677 34.8678,-118.666 34.8858,-118.655 34.9039,-118.645 34.9129,-118.601 34.9218,-118.59 34.9309,-118.579 34.9308,-118.546 34.9307,-118.47 34.9756,-118.469 34.9847,-118.469 34.9937,-118.458 35.0118,-118.447 35.0208,-118.404 35.0387,-118.393 35.0386,-118.382 35.0386,-118.371 35.0295,-118.371 35.0204))
201811071929,5,2,
Pattern Matcher : 13
201811071818,2,2,
boundary: POLYGON((-119.55 34.9119,-119.55 34.921,-119.55 34.93,-119.551 34.939,-119.551 34.9481,-119.551 34.9571,-119.551 34.9662,-119.551 34.9752,-119.551 35.0114,-119.551 35.0175,-119.551 35.0295,-119.551 35.0476,-119.551 35.0566,-119.551 35.0657,-119.552 35.0928,-119.552 35.1018,-119.552 35.1109,-119.552 35.129,-119.552 35.138,-119.552 35.1561,-119.552 35.1651,-119.552 35.1742,-119.552 35.1832,-119.552 35.1923,-119.552 35.2013,-119.553 35.2194,-119.553 35.2284,-119.553 35.2375,-119.542 35.2375,-119.531 35.2376,-119.52 35.2376,-119.509 35.2377,-119.498 35.2377,-119.487 35.2378,-119.476 35.2378,-119.465 35.2379,-119.454 35.2379,-119.443 35.238,-119.432 35.238,-119.421 35.2381,-119.41 35.2381,-119.399 35.2381,-119.388 35.2382,-119.377 35.2382,-119.366 35.2382,-119.345 35.2383,-119.334 35.2383,-119.323 35.2384,-119.312 35.2384,-119.301 35.2384,-119.29 35.2385,-119.279 35.2385,-119.268 35.2385,-119.257 35.2386,-119.246 35.2386,-119.235 35.2386,-119.246 35.2295,-119.267 35.1481,-119.267 35.139,-119.278 35.13,-119.344 35.0846,-119.333 35.0484,-119.333 35.0394,-119.332 35.0032,-119.332 34.9942,-119.332 34.9851,-119.343 34.9851,-119.376 34.985,-119.409 34.9939,-119.42 34.9939,-119.431 34.9938,-119.474 34.9575,-119.474 34.9123,-119.474 34.9032,-119.485 34.8941,-119.496 34.8941,-119.55 34.9029,-119.55 34.9119))
201811071929,5,2,
Pattern Matcher : 14
201811071821,2,2,
boundary: POLYGON((-118.764 35.1031,-118.775 35.0941,-118.786 35.1031,-118.786 35.1122,-118.786 35.1212,-118.775 35.1212,-118.764 35.1121,-118.764 35.1031))
201811071929,5,2,
Pattern Matcher : 15
201811071910,2,2,
boundary: POLYGON((-118.461 33.9739,-118.454 34.0078,-118.475 34.035,-118.475 34.044,-118.464 34.053,-118.453 34.0711,-118.442 34.071,-118.432 34.071,-118.41 34.0438,-118.41 34.0347,-118.382 33.9532,-118.432 33.9534,-118.443 33.9535,-118.454 33.9626,-118.461 33.9739))
201811071929,5,2,
Pattern Matcher : 16
201811071913,2,2,
boundary: POLYGON((-119.037 34.2078,-119.037 34.2078,-119.015 34.235,-119.091 34.2982,-119.102 34.2982,-119.145 34.2801,-119.156 34.271,-119.169 34.2746,-119.134 34.2891,-119.124 34.2982,-119.08 34.3073,-119.069 34.3163,-119.026 34.3344,-119.015 34.3345,-118.972 34.3526,-118.961 34.3526,-118.95 34.3526,-118.939 34.3526,-118.928 34.3525,-118.918 34.3525,-118.874 34.3706,-118.863 34.3796,-118.842 34.3706,-118.798 34.3434,-118.788 34.3434,-118.777 34.3434,-118.766 34.3434,-118.755 34.3433,-118.733 34.3433,-118.723 34.3433,-118.712 34.3342,-118.701 34.3161,-118.69 34.307,-118.647 34.2888,-118.603 34.3068,-118.593 34.3068,-118.582 34.3067,-118.56 34.3067,-118.549 34.3066,-118.538 34.2976,-118.528 34.2794,-118.517 34.2703,-118.463 34.2249,-118.452 34.2249,-118.441 34.2158,-118.442 34.2067,-118.452 34.1977,-118.496 34.1889,-118.507 34.1799,-118.517 34.1889,-118.582 34.2344,-118.593 34.2344,-118.625 34.2345,-118.658 34.2436,-118.669 34.2437,-118.69 34.2437,-118.701 34.2437,-118.745 34.2257,-118.755 34.2257,-118.766 34.2258,-118.809 34.253,-118.82 34.253,-118.885 34.253,-118.918 34.2621,-118.929 34.2621,-118.939 34.2621,-118.961 34.2621,-118.972 34.2621,-119.026 34.2169,-119.037 34.2078))
201811071929,5,2,
Pattern Matcher : 17
201811071919,2,2,
boundary: POLYGON((-118.371 35.0114,-118.371 34.9752,-118.371 34.9662,-118.371 34.9571,-118.371 34.9481,-118.371 34.939,-118.372 34.93,-118.372 34.921,-118.372 34.9119,-118.372 34.8938,-118.372 34.8848,-118.372 34.8757,-118.372 34.8667,-118.449 34.8128,-118.449 34.8037,-118.46 34.7947,-118.492 34.8039,-118.503 34.8039,-118.514 34.804,-118.58 34.7861,-118.591 34.7771,-118.601 34.7862,-118.612 34.7952,-118.656 34.8135,-118.667 34.8225,-118.688 34.8407,-118.688 34.8497,-118.688 34.8588,-118.677 34.8678,-118.666 34.8858,-118.655 34.9039,-118.645 34.9129,-118.612 34.9038,-118.601 34.9037,-118.59 34.9037,-118.568 34.9036,-118.557 34.9036,-118.535 34.9035,-118.525 34.9035,-118.514 34.8944,-118.514 34.8854,-118.47 34.8219,-118.46 34.8219,-118.383 34.8758,-118.383 34.8848,-118.393 34.9211,-118.415 34.9483,-118.437 34.9755,-118.437 34.9846,-118.426 34.9936,-118.415 35.0116,-118.404 35.0206,-118.371 35.0204,-118.371 35.0114))
201811071929,5,2,
Pattern Matcher : 18
201811071922,2,2,
boundary: POLYGON((-119.55 34.921,-119.55 34.93,-119.551 34.939,-119.551 34.9481,-119.551 34.9571,-119.551 34.9662,-119.551 34.9752,-119.551 35.0114,-119.551 35.0175,-119.551 35.0295,-119.551 35.0476,-119.551 35.0566,-119.551 35.0657,-119.552 35.0928,-119.552 35.1018,-119.552 35.1109,-119.552 35.129,-119.552 35.138,-119.552 35.1561,-119.552 35.1651,-119.552 35.1742,-119.552 35.1832,-119.552 35.1923,-119.552 35.2013,-119.553 35.2194,-119.553 35.2284,-119.553 35.2375,-119.542 35.2375,-119.531 35.2376,-119.52 35.2376,-119.509 35.2377,-119.498 35.2377,-119.487 35.2378,-119.476 35.2378,-119.465 35.2379,-119.454 35.2379,-119.443 35.238,-119.432 35.238,-119.421 35.2381,-119.41 35.2381,-119.399 35.2381,-119.388 35.2382,-119.377 35.2382,-119.366 35.2382,-119.345 35.2383,-119.334 35.2383,-119.323 35.2384,-119.312 35.2384,-119.301 35.2384,-119.29 35.2385,-119.279 35.2385,-119.268 35.2385,-119.257 35.2386,-119.246 35.2386,-119.235 35.2386,-119.246 35.2295,-119.257 35.2295,-119.3 35.148,-119.311 35.1389,-119.344 35.0936,-119.344 35.0846,-119.333 35.0484,-119.333 35.0394,-119.344 35.0303,-119.354 35.0122,-119.365 35.0121,-119.398 35.012,-119.409 35.012,-119.474 34.9575,-119.485 34.9484,-119.496 34.9483,-119.55 34.9029,-119.55 34.9119,-119.55 34.921))
201811071929,5,2,
Pattern Matcher : 19
201811071919,2,2,
boundary: POLYGON((-118.371 35.0114,-118.371 34.9752,-118.371 34.9662,-118.371 34.9571,-118.371 34.9481,-118.371 34.939,-118.372 34.93,-118.372 34.921,-118.372 34.9119,-118.372 34.8848,-118.372 34.8757,-118.372 34.8667,-118.449 34.8128,-118.449 34.8037,-118.46 34.7947,-118.492 34.8039,-118.503 34.8039,-118.514 34.804,-118.58 34.7861,-118.591 34.7771,-118.601 34.7862,-118.612 34.7952,-118.656 34.8135,-118.667 34.8225,-118.688 34.8407,-118.688 34.8497,-118.688 34.8588,-118.677 34.8678,-118.666 34.8858,-118.655 34.9039,-118.645 34.9129,-118.612 34.9038,-118.601 34.9037,-118.59 34.9037,-118.568 34.9036,-118.557 34.9036,-118.535 34.9035,-118.525 34.9035,-118.514 34.8944,-118.514 34.8854,-118.47 34.8219,-118.46 34.8219,-118.383 34.8758,-118.383 34.8848,-118.393 34.9211,-118.415 34.9483,-118.437 34.9755,-118.437 34.9846,-118.426 34.9936,-118.415 35.0116,-118.404 35.0206,-118.371 35.0204,-118.371 35.0114))
201811072036,5,2,
Pattern Matcher : 20
201811071922,2,2,
boundary: POLYGON((-119.55 34.921,-119.55 34.93,-119.551 34.939,-119.551 34.9481,-119.551 34.9571,-119.551 34.9662,-119.551 34.9752,-119.551 35.0114,-119.551 35.0295,-119.551 35.0385,-119.551 35.0566,-119.551 35.0657,-119.552 35.0747,-119.552 35.0928,-119.552 35.1018,-119.552 35.1109,-119.552 35.129,-119.552 35.138,-119.552 35.1471,-119.552 35.1561,-119.552 35.1651,-119.552 35.1742,-119.552 35.1832,-119.552 35.1923,-119.552 35.2013,-119.552 35.2104,-119.553 35.2194,-119.553 35.2284,-119.553 35.2375,-119.542 35.2375,-119.531 35.2376,-119.52 35.2376,-119.509 35.2377,-119.498 35.2377,-119.487 35.2378,-119.476 35.2378,-119.465 35.2379,-119.454 35.2379,-119.443 35.238,-119.432 35.238,-119.421 35.2381,-119.41 35.2381,-119.399 35.2381,-119.388 35.2382,-119.377 35.2382,-119.366 35.2382,-119.345 35.2383,-119.334 35.2383,-119.323 35.2384,-119.312 35.2384,-119.301 35.2384,-119.29 35.2385,-119.279 35.2385,-119.268 35.2385,-119.257 35.2386,-119.246 35.2386,-119.235 35.2386,-119.246 35.2295,-119.257 35.2295,-119.3 35.148,-119.311 35.1389,-119.344 35.0936,-119.344 35.0846,-119.333 35.0484,-119.333 35.0394,-119.344 35.0303,-119.354 35.0122,-119.365 35.0121,-119.398 35.012,-119.409 35.012,-119.474 34.9575,-119.485 34.9484,-119.496 34.9483,-119.55 34.9029,-119.55 34.9119,-119.55 34.921))
201811072036,5,2,
Pattern Matcher : 21
201811072013,2,2,
boundary: POLYGON((-119.176 34.1748,-119.197 34.1893,-119.203 34.1935,-119.199 34.1986,-119.188 34.1986,-119.177 34.1895,-119.177 34.1805,-119.176 34.1748))
201811072036,5,2,
Pattern Matcher : 22
201811072015,2,2,
boundary: POLYGON((-119.536 34.4236,-119.514 34.4237,-119.503 34.4147,-119.438 34.3697,-119.438 34.3697,-119.492 34.3695,-119.514 34.3784,-119.536 34.4236))
201811072036,5,2,
Pattern Matcher : 23
201811072018,2,2,
boundary: POLYGON((-118.569 34.8042,-118.58 34.8042,-118.612 34.8043,-118.645 34.8134,-118.656 34.8135,-118.667 34.8225,-118.667 34.8316,-118.656 34.8406,-118.645 34.8586,-118.634 34.8767,-118.623 34.8857,-118.579 34.8946,-118.568 34.9036,-118.557 34.9036,-118.546 34.8945,-118.536 34.8764,-118.525 34.8673,-118.536 34.8583,-118.558 34.8222,-118.569 34.8042))
201811072036,5,2,
Pattern Matcher : 24
201811072019,2,2,
boundary: POLYGON((-119.551 34.9662,-119.54 35.0476,-119.551 35.0566,-119.551 35.0657,-119.552 35.0747,-119.552 35.0928,-119.508 35.0749,-119.497 35.0659,-119.486 35.0569,-119.497 35.0478,-119.518 34.9663,-119.518 34.9573,-119.518 34.9482,-119.529 34.9482,-119.54 34.9481,-119.551 34.9571,-119.551 34.9662))
201811072036,5,2,
Pattern Matcher : 25
201811072021,2,2,
boundary: POLYGON((-119.366 35.0574,-119.387 35.0663,-119.387 35.0754,-119.377 35.0845,-119.366 35.0845,-119.355 35.0755,-119.355 35.0664,-119.366 35.0574))
201811072036,5,2,
Pattern Matcher : 26
201811072024,2,2,
boundary: POLYGON((-119.432 35.238,-119.421 35.2381,-119.41 35.2381,-119.41 35.229,-119.41 35.22,-119.421 35.22,-119.432 35.2199,-119.443 35.2199,-119.443 35.2289,-119.443 35.238,-119.432 35.238))
201811072036,5,2,
Pattern Matcher : 27
201811072018,2,2,
boundary: POLYGON((-118.569 34.8042,-118.58 34.8042,-118.612 34.8043,-118.645 34.8134,-118.656 34.8135,-118.667 34.8225,-118.667 34.8316,-118.656 34.8406,-118.645 34.8586,-118.634 34.8767,-118.623 34.8857,-118.579 34.8946,-118.568 34.9036,-118.557 34.9036,-118.546 34.8945,-118.536 34.8764,-118.525 34.8673,-118.536 34.8583,-118.558 34.8222,-118.569 34.8042))
201811072136,5,2,
Pattern Matcher : 28
201811072019,2,2,
boundary: POLYGON((-119.551 34.9662,-119.54 35.0476,-119.551 35.0566,-119.551 35.0657,-119.552 35.0747,-119.552 35.0837,-119.552 35.0928,-119.508 35.0749,-119.497 35.0659,-119.486 35.0569,-119.497 35.0478,-119.518 34.9663,-119.518 34.9573,-119.518 34.9482,-119.529 34.9482,-119.54 34.9481,-119.551 34.9571,-119.551 34.9662))
201811072136,5,2,
Pattern Matcher : 29
201811072021,2,2,
boundary: POLYGON((-119.366 35.0574,-119.387 35.0663,-119.387 35.0754,-119.377 35.0845,-119.366 35.0845,-119.355 35.0755,-119.355 35.0664,-119.366 35.0574))
201811072136,5,2,
Pattern Matcher : 30
201811072024,2,2,
boundary: POLYGON((-119.432 35.238,-119.421 35.2381,-119.41 35.2381,-119.41 35.229,-119.41 35.22,-119.421 35.22,-119.432 35.2199,-119.443 35.2199,-119.443 35.2289,-119.443 35.238,-119.432 35.238))
201811072136,5,2,
Pattern Matcher : 31
201811072120,2,2,
boundary: POLYGON((-119.053 34.1874,-119.048 34.1897,-119.037 34.1897,-119.026 34.1807,-119.022 34.1746,-119.053 34.1874))
201811072136,5,2,
Pattern Matcher : 32
201811072125,2,2,201811072136,5,2,
Pattern Matcher : 33
201811072253,2,2,
boundary: POLYGON((-119.318 34.332,-119.275 34.325,-119.264 34.325,-119.254 34.3251,-119.243 34.3251,-119.221 34.298,-119.221 34.289,-119.232 34.2799,-119.243 34.2799,-119.275 34.2798,-119.286 34.2888,-119.303 34.296,-119.318 34.332))
201811072259,5,2,
Pattern Matcher : 34
201811072248,2,2,
boundary: POLYGON((-118.976 33.9946,-118.983 33.9998,-118.993 34.0179,-119.004 34.0269,-119.015 34.045,-119.026 34.054,-119.069 34.0721,-119.08 34.0721,-119.102 34.0992,-119.102 34.1083,-119.102 34.1173,-119.091 34.1173,-119.08 34.1173,-119.058 34.1173,-119.047 34.1173,-119.015 34.1174,-118.983 34.1083,-118.972 34.1083,-118.961 34.1083,-118.939 34.0812,-118.896 34.054,-118.885 34.054,-118.864 34.054,-118.853 34.054,-118.842 34.045,-118.831 34.0269,-118.821 34.0178,-118.821 34.0088,-118.831 33.9997,-118.864 34.0088,-118.875 34.0088,-118.947 33.9915,-118.976 33.9946))
201811072347,5,2,
Pattern Matcher : 35
201811072253,2,2,
boundary: POLYGON((-119.536 34.4507,-119.536 34.4507,-119.536 34.4507,-119.536 34.4507,-119.536 34.4507))
201811072347,5,2,
Pattern Matcher : 36
201811081712,2,2,
boundary: POLYGON((-119.441 34.3958,-119.417 34.406,-119.406 34.4151,-119.395 34.4332,-119.384 34.4513,-119.373 34.4604,-119.363 34.4604,-119.319 34.4787,-119.308 34.4787,-119.298 34.4787,-119.276 34.4788,-119.265 34.4788,-119.232 34.4789,-119.222 34.4699,-119.222 34.4608,-119.221 34.4518,-119.232 34.4337,-119.254 34.4065,-119.265 34.3884,-119.275 34.3793,-119.286 34.3612,-119.308 34.334,-119.319 34.3339,-119.33 34.343,-119.373 34.3609,-119.405 34.3427,-119.405 34.3427,-119.405 34.3517,-119.406 34.3608,-119.441 34.3958))
201811081743,5,2,
Pattern Matcher : 37
201811081714,2,2,
boundary: POLYGON((-118.569 34.8042,-118.58 34.8042,-118.612 34.8043,-118.645 34.8134,-118.656 34.8135,-118.667 34.8225,-118.667 34.8316,-118.677 34.8678,-118.666 34.8858,-118.655 34.9039,-118.645 34.9129,-118.601 34.9218,-118.59 34.9309,-118.579 34.9308,-118.568 34.9217,-118.525 34.9035,-118.47 34.9756,-118.514 34.8944,-118.514 34.8854,-118.525 34.8673,-118.536 34.8583,-118.558 34.8222,-118.569 34.8042))
201811081743,5,2,
Pattern Matcher : 38
201811081717,2,2,
boundary: POLYGON((-119.55 34.93,-119.551 34.939,-119.551 34.9481,-119.551 34.9571,-119.551 34.9662,-119.551 34.9933,-119.551 35.0054,-119.551 35.0114,-119.551 35.0295,-119.551 35.0385,-119.551 35.0476,-119.551 35.0566,-119.551 35.0657,-119.552 35.0747,-119.552 35.0837,-119.552 35.0928,-119.552 35.1471,-119.552 35.1651,-119.552 35.1742,-119.552 35.1832,-119.552 35.1923,-119.552 35.2013,-119.552 35.2104,-119.553 35.2194,-119.553 35.2284,-119.553 35.2375,-119.542 35.2375,-119.531 35.2376,-119.52 35.2376,-119.509 35.2377,-119.498 35.2377,-119.487 35.2378,-119.476 35.2378,-119.465 35.2379,-119.454 35.2379,-119.443 35.238,-119.432 35.238,-119.421 35.2381,-119.41 35.2381,-119.399 35.2381,-119.388 35.2382,-119.377 35.2382,-119.366 35.2382,-119.355 35.2021,-119.322 35.157,-119.3 35.148,-119.311 35.1389,-119.344 35.0936,-119.344 35.0846,-119.355 35.0664,-119.354 35.0303,-119.354 35.0212,-119.354 35.0122,-119.365 34.9941,-119.376 34.985,-119.398 34.9939,-119.474 34.9575,-119.485 34.9484,-119.496 34.9483,-119.54 34.93,-119.55 34.921,-119.55 34.93))
201811081743,5,2,
Pattern Matcher : 39
201811081719,2,2,
boundary: POLYGON((-118.371 35.0295,-118.371 35.0023,-118.371 34.9752,-118.382 34.9481,-118.372 34.9119,-118.372 34.9029,-118.415 34.9483,-118.459 34.9756,-118.47 34.9756,-118.469 34.9847,-118.469 34.9937,-118.458 35.0118,-118.447 35.0208,-118.436 35.0388,-118.425 35.0478,-118.393 35.0386,-118.382 35.0386,-118.371 35.0295))
201811081743,5,2,
Pattern Matcher : 40
201811081709,2,2,
boundary: POLYGON((-118.385 33.9622,-118.4 33.9804,-118.4 33.9895,-118.389 33.9984,-118.389 33.9713,-118.385 33.9622))
201811081825,5,2,
Pattern Matcher : 41
201811081712,2,2,
boundary: POLYGON((-119.546 34.2969,-119.546 34.3059,-119.546 34.315,-119.546 34.324,-119.546 34.3331,-119.546 34.3421,-119.546 34.3512,-119.546 34.3602,-119.547 34.3692,-119.536 34.3693,-119.525 34.3693,-119.514 34.3694,-119.503 34.3694,-119.417 34.406,-119.406 34.4151,-119.395 34.4332,-119.384 34.4513,-119.373 34.4604,-119.363 34.4604,-119.319 34.4787,-119.308 34.4787,-119.298 34.4787,-119.276 34.4788,-119.265 34.4788,-119.232 34.4789,-119.222 34.4699,-119.222 34.4608,-119.221 34.4518,-119.232 34.4337,-119.254 34.4065,-119.265 34.3884,-119.275 34.3793,-119.286 34.3612,-119.308 34.334,-119.319 34.3339,-119.33 34.343,-119.373 34.3609,-119.438 34.3245,-119.449 34.3154,-119.492 34.3062,-119.503 34.2971,-119.513 34.2789,-119.524 34.2699,-119.53 34.2744,-119.546 34.2969))
201811081825,5,2,
Pattern Matcher : 42
201811081714,2,2,
boundary: POLYGON((-118.569 34.8042,-118.58 34.8042,-118.612 34.8043,-118.645 34.8134,-118.656 34.8135,-118.667 34.8225,-118.667 34.8316,-118.677 34.8678,-118.666 34.8858,-118.655 34.9039,-118.645 34.9129,-118.601 34.9218,-118.59 34.9309,-118.579 34.9308,-118.568 34.9217,-118.525 34.9035,-118.47 34.9756,-118.514 34.8944,-118.514 34.8854,-118.525 34.8673,-118.536 34.8583,-118.558 34.8222,-118.569 34.8042))
201811081825,5,2,
Pattern Matcher : 43
201811081717,2,2,
boundary: POLYGON((-119.551 34.9481,-119.551 34.9571,-119.551 34.9662,-119.551 34.9933,-119.551 35.0023,-119.551 35.0114,-119.551 35.0204,-119.551 35.0385,-119.551 35.0476,-119.552 35.0928,-119.552 35.1018,-119.552 35.1109,-119.552 35.129,-119.552 35.138,-119.552 35.1471,-119.552 35.1561,-119.552 35.1651,-119.552 35.1742,-119.552 35.1832,-119.552 35.1923,-119.552 35.2013,-119.552 35.2104,-119.553 35.2194,-119.553 35.2284,-119.553 35.2375,-119.542 35.2375,-119.531 35.2376,-119.52 35.2376,-119.509 35.2377,-119.498 35.2377,-119.487 35.2378,-119.476 35.2378,-119.465 35.2379,-119.454 35.2379,-119.443 35.238,-119.432 35.238,-119.421 35.2381,-119.41 35.2381,-119.399 35.2381,-119.388 35.2382,-119.377 35.2382,-119.366 35.2382,-119.355 35.2021,-119.322 35.157,-119.3 35.148,-119.311 35.1389,-119.344 35.0936,-119.344 35.0846,-119.355 35.0664,-119.354 35.0303,-119.354 35.0212,-119.354 35.0122,-119.365 34.9941,-119.376 34.985,-119.398 34.9939,-119.474 34.9575,-119.485 34.9484,-119.496 34.9483,-119.54 34.93,-119.55 34.921,-119.551 34.9481))
201811081825,5,2,
Pattern Matcher : 44
201811081719,2,2,
boundary: POLYGON((-118.371 35.0295,-118.371 35.0204,-118.371 35.0114,-118.371 35.0023,-118.371 34.9933,-118.371 34.9843,-118.371 34.9752,-118.382 34.9481,-118.372 34.9119,-118.372 34.9029,-118.415 34.9483,-118.459 34.9756,-118.47 34.9756,-118.469 34.9847,-118.469 34.9937,-118.458 35.0118,-118.447 35.0208,-118.436 35.0388,-118.425 35.0478,-118.393 35.0386,-118.382 35.0386,-118.371 35.0295))
201811081825,5,2,
Pattern Matcher : 45
201811081807,2,2,
boundary: POLYGON((-119.265 34.4064,-119.276 34.4064,-119.276 34.4155,-119.276 34.4245,-119.265 34.4426,-119.254 34.4517,-119.243 34.4698,-119.232 34.4789,-119.222 34.4699,-119.222 34.4608,-119.221 34.4518,-119.211 34.4156,-119.211 34.4066,-119.221 34.4065,-119.232 34.4065,-119.243 34.4065,-119.254 34.4065,-119.265 34.4064))
201811081825,5,2,
Pattern Matcher : 46
201811081810,2,2,
boundary: POLYGON((-118.371 35.0204,-118.371 35.0114,-118.371 35.0023,-118.371 34.9933,-118.371 34.9843,-118.371 34.9752,-118.371 34.9662,-118.371 34.9571,-118.371 34.9481,-118.371 34.939,-118.372 34.93,-118.372 34.921,-118.372 34.9119,-118.372 34.9029,-118.372 34.8938,-118.372 34.8848,-118.372 34.8757,-118.372 34.8667,-118.449 34.8128,-118.449 34.8037,-118.406 34.7402,-118.395 34.7402,-118.384 34.7311,-118.384 34.722,-118.395 34.7221,-118.406 34.7221,-118.417 34.7312,-118.416 34.7403,-118.46 34.7947,-118.492 34.8039,-118.503 34.8039,-118.514 34.804,-118.525 34.804,-118.536 34.8041,-118.58 34.7861,-118.591 34.7771,-118.623 34.7862,-118.634 34.7863,-118.645 34.7953,-118.656 34.8135,-118.667 34.8225,-118.688 34.8407,-118.688 34.8497,-118.688 34.8588,-118.677 34.8678,-118.666 34.8858,-118.655 34.9039,-118.645 34.9129,-118.601 34.9218,-118.59 34.9309,-118.579 34.9308,-118.546 34.9307,-118.47 34.9756,-118.469 34.9847,-118.469 34.9937,-118.458 35.0118,-118.447 35.0208,-118.404 35.0387,-118.393 35.0386,-118.382 35.0386,-118.371 35.0295,-118.371 35.0204))
201811081825,5,2,
Pattern Matcher : 47
201811081811,2,2,
boundary: POLYGON((-119.55 34.9119,-119.55 34.921,-119.551 34.9481,-119.551 34.9571,-119.551 34.9662,-119.551 34.9933,-119.551 35.0023,-119.551 35.0114,-119.551 35.0204,-119.551 35.0385,-119.551 35.0476,-119.552 35.0928,-119.552 35.1018,-119.552 35.1109,-119.552 35.129,-119.552 35.138,-119.552 35.1471,-119.552 35.1561,-119.552 35.1651,-119.552 35.1742,-119.552 35.1832,-119.552 35.1923,-119.552 35.2013,-119.552 35.2104,-119.553 35.2194,-119.553 35.2284,-119.553 35.2375,-119.542 35.2375,-119.531 35.2376,-119.52 35.2376,-119.509 35.2377,-119.498 35.2377,-119.487 35.2378,-119.476 35.2378,-119.465 35.2379,-119.454 35.2379,-119.443 35.238,-119.432 35.238,-119.421 35.2381,-119.41 35.2381,-119.399 35.2381,-119.388 35.2382,-119.377 35.2382,-119.366 35.2382,-119.345 35.2383,-119.334 35.2383,-119.323 35.2384,-119.312 35.2384,-119.301 35.2384,-119.29 35.2385,-119.279 35.2385,-119.268 35.2385,-119.257 35.2386,-119.246 35.2386,-119.235 35.2386,-119.246 35.2295,-119.267 35.1481,-119.267 35.139,-119.278 35.13,-119.344 35.0846,-119.333 35.0484,-119.333 35.0394,-119.344 35.0303,-119.354 35.0122,-119.365 34.9941,-119.376 34.985,-119.398 34.9939,-119.474 34.9575,-119.474 34.9123,-119.474 34.9032,-119.485 34.8941,-119.496 34.8941,-119.55 34.9029,-119.55 34.9119))
201811081825,5,2,
Pattern Matcher : 48
201811081814,2,2,
boundary: POLYGON((-118.764 35.1031,-118.775 35.0941,-118.786 35.1031,-118.786 35.1122,-118.786 35.1212,-118.775 35.1212,-118.764 35.1121,-118.764 35.1031))
201811081825,5,2,
Pattern Matcher : 49
201811081810,2,2,
boundary: POLYGON((-118.371 35.0204,-118.371 35.0114,-118.371 35.0023,-118.371 34.9933,-118.371 34.9843,-118.371 34.9752,-118.371 34.9662,-118.371 34.9571,-118.371 34.9481,-118.371 34.939,-118.372 34.93,-118.372 34.921,-118.372 34.9119,-118.372 34.9029,-118.372 34.8938,-118.372 34.8848,-118.372 34.8757,-118.372 34.8667,-118.449 34.8128,-118.449 34.8037,-118.406 34.7402,-118.395 34.7402,-118.384 34.7311,-118.384 34.722,-118.395 34.7221,-118.406 34.7221,-118.417 34.7312,-118.416 34.7403,-118.46 34.7947,-118.492 34.8039,-118.503 34.8039,-118.514 34.804,-118.525 34.804,-118.536 34.8041,-118.58 34.7861,-118.591 34.7771,-118.623 34.7862,-118.634 34.7863,-118.645 34.7953,-118.656 34.8135,-118.667 34.8225,-118.688 34.8407,-118.688 34.8497,-118.688 34.8588,-118.677 34.8678,-118.666 34.8858,-118.655 34.9039,-118.645 34.9129,-118.601 34.9218,-118.59 34.9309,-118.579 34.9308,-118.546 34.9307,-118.47 34.9756,-118.469 34.9847,-118.469 34.9937,-118.458 35.0118,-118.447 35.0208,-118.404 35.0387,-118.393 35.0386,-118.382 35.0386,-118.371 35.0295,-118.371 35.0204))
201811081928,5,2,
Pattern Matcher : 50
201811081811,2,2,
boundary: POLYGON((-119.55 34.9119,-119.55 34.921,-119.551 34.9481,-119.551 34.9571,-119.551 34.9662,-119.551 34.9933,-119.551 35.0023,-119.551 35.0114,-119.551 35.0204,-119.551 35.0385,-119.551 35.0476,-119.552 35.0928,-119.552 35.1018,-119.552 35.1109,-119.552 35.129,-119.552 35.138,-119.552 35.1471,-119.552 35.1561,-119.552 35.1651,-119.552 35.1742,-119.552 35.1832,-119.552 35.1923,-119.552 35.2013,-119.552 35.2104,-119.553 35.2194,-119.553 35.2284,-119.553 35.2375,-119.542 35.2375,-119.531 35.2376,-119.52 35.2376,-119.509 35.2377,-119.498 35.2377,-119.487 35.2378,-119.476 35.2378,-119.465 35.2379,-119.454 35.2379,-119.443 35.238,-119.432 35.238,-119.421 35.2381,-119.41 35.2381,-119.399 35.2381,-119.388 35.2382,-119.377 35.2382,-119.366 35.2382,-119.345 35.2383,-119.334 35.2383,-119.323 35.2384,-119.312 35.2384,-119.301 35.2384,-119.29 35.2385,-119.279 35.2385,-119.268 35.2385,-119.257 35.2386,-119.246 35.2386,-119.235 35.2386,-119.246 35.2295,-119.267 35.1481,-119.267 35.139,-119.278 35.13,-119.344 35.0846,-119.333 35.0484,-119.333 35.0394,-119.344 35.0303,-119.354 35.0122,-119.365 34.9941,-119.376 34.985,-119.398 34.9939,-119.474 34.9575,-119.474 34.9123,-119.474 34.9032,-119.485 34.8941,-119.496 34.8941,-119.55 34.9029,-119.55 34.9119))
201811081928,5,2,
Pattern Matcher : 51
201811081814,2,2,
boundary: POLYGON((-118.764 35.1031,-118.775 35.0941,-118.786 35.1031,-118.786 35.1122,-118.786 35.1212,-118.775 35.1212,-118.764 35.1121,-118.764 35.1031))
201811081928,5,2,
Pattern Matcher : 52
201811081910,2,2,
boundary: POLYGON((-118.492 34.8129,-118.492 34.8039,-118.503 34.8039,-118.514 34.804,-118.569 34.8042,-118.58 34.8042,-118.612 34.8043,-118.645 34.8134,-118.656 34.8135,-118.667 34.8225,-118.688 34.8407,-118.688 34.8497,-118.688 34.8588,-118.677 34.8678,-118.666 34.8858,-118.655 34.9039,-118.645 34.9129,-118.601 34.9218,-118.59 34.9309,-118.579 34.9308,-118.568 34.9217,-118.525 34.9035,-118.514 34.8944,-118.514 34.8854,-118.492 34.822,-118.492 34.8129))
201811081928,5,2,
Pattern Matcher : 53
201811081911,2,2,
boundary: POLYGON((-118.371 35.0204,-118.371 35.0114,-118.371 35.0023,-118.371 34.9933,-118.371 34.9843,-118.371 34.9752,-118.371 34.9662,-118.371 34.9571,-118.371 34.9481,-118.371 34.939,-118.372 34.93,-118.372 34.921,-118.372 34.9119,-118.372 34.9029,-118.372 34.8938,-118.372 34.8848,-118.372 34.8757,-118.372 34.8667,-118.383 34.8758,-118.383 34.8848,-118.393 34.9211,-118.415 34.9483,-118.437 34.9755,-118.437 34.9846,-118.426 34.9936,-118.415 35.0116,-118.404 35.0206,-118.371 35.0204))
201811081928,5,2,
Pattern Matcher : 54
201811081914,2,2,
boundary: POLYGON((-119.55 34.921,-119.551 34.9481,-119.551 34.9571,-119.551 34.9662,-119.551 34.9933,-119.551 35.0023,-119.551 35.0114,-119.551 35.0204,-119.551 35.0385,-119.551 35.0476,-119.552 35.0928,-119.552 35.1018,-119.552 35.1109,-119.552 35.129,-119.552 35.138,-119.552 35.1471,-119.552 35.1561,-119.552 35.1651,-119.552 35.1742,-119.552 35.1832,-119.552 35.1923,-119.552 35.2013,-119.552 35.2104,-119.553 35.2194,-119.553 35.2284,-119.553 35.2375,-119.542 35.2375,-119.531 35.2376,-119.52 35.2376,-119.509 35.2377,-119.498 35.2377,-119.487 35.2378,-119.476 35.2378,-119.465 35.2379,-119.454 35.2379,-119.443 35.238,-119.432 35.238,-119.421 35.2381,-119.41 35.2381,-119.399 35.2381,-119.388 35.2382,-119.377 35.2382,-119.366 35.2382,-119.312 35.2384,-119.301 35.2384,-119.29 35.2385,-119.279 35.2385,-119.268 35.2385,-119.257 35.2386,-119.246 35.2386,-119.235 35.2386,-119.246 35.2295,-119.257 35.2295,-119.3 35.148,-119.311 35.1389,-119.344 35.0936,-119.344 35.0846,-119.333 35.0484,-119.333 35.0394,-119.344 35.0303,-119.354 35.0122,-119.365 35.0121,-119.398 35.012,-119.409 35.012,-119.474 34.9575,-119.485 34.9484,-119.496 34.9483,-119.55 34.9029,-119.55 34.9119,-119.55 34.921))
201811081928,5,2,
Pattern Matcher : 55
201811082021,2,2,
boundary: POLYGON((-118.569 34.8042,-118.58 34.8042,-118.612 34.8043,-118.645 34.8134,-118.656 34.8135,-118.667 34.8225,-118.667 34.8316,-118.656 34.8406,-118.645 34.8586,-118.634 34.8767,-118.623 34.8857,-118.579 34.8946,-118.568 34.9036,-118.557 34.9036,-118.546 34.8945,-118.536 34.8764,-118.525 34.8673,-118.536 34.8583,-118.558 34.8222,-118.569 34.8042))
201811082045,5,2,
Pattern Matcher : 56
201811082022,2,2,
boundary: POLYGON((-119.551 34.9662,-119.54 35.0476,-119.551 35.0566,-119.552 35.0928,-119.508 35.0749,-119.497 35.0659,-119.42 35.0843,-119.409 35.0843,-119.398 35.0844,-119.377 35.0845,-119.366 35.0845,-119.355 35.0755,-119.355 35.0664,-119.366 35.0574,-119.398 35.0663,-119.409 35.0663,-119.42 35.0662,-119.486 35.0569,-119.497 35.0478,-119.518 34.9663,-119.518 34.9573,-119.518 34.9482,-119.529 34.9482,-119.54 34.9481,-119.551 34.9571,-119.551 34.9662))
201811082045,5,2,
Pattern Matcher : 57
201811082025,2,2,
boundary: POLYGON((-118.371 35.0204,-118.371 35.0114,-118.371 35.0023,-118.371 34.9933,-118.382 35.0024,-118.382 35.0114,-118.371 35.0204))
201811082045,5,2,
Pattern Matcher : 58
201811082027,2,2,
boundary: POLYGON((-119.432 35.238,-119.421 35.2381,-119.41 35.2381,-119.399 35.2381,-119.388 35.2382,-119.377 35.2292,-119.377 35.2201,-119.388 35.211,-119.421 35.22,-119.432 35.2199,-119.443 35.2199,-119.443 35.2289,-119.443 35.238,-119.432 35.238))
201811082045,5,2,
Pattern Matcher : 59
201811082025,2,2,
boundary: POLYGON((-118.371 35.0204,-118.371 35.0114,-118.371 35.0023,-118.371 34.9933,-118.382 35.0024,-118.382 35.0114,-118.371 35.0204))
201811082142,5,2,
Pattern Matcher : 60
201811082027,2,2,
boundary: POLYGON((-119.432 35.238,-119.421 35.2381,-119.41 35.2381,-119.399 35.2381,-119.388 35.2382,-119.377 35.2292,-119.377 35.2201,-119.388 35.211,-119.421 35.22,-119.432 35.2199,-119.443 35.2199,-119.443 35.2289,-119.443 35.238,-119.432 35.238))
201811082142,5,2,
Pattern Matcher : 61
201811082342,2,2,
boundary: POLYGON((-118.896 34.1807,-118.907 34.1807,-118.939 34.1807,-118.972 34.1897,-118.983 34.1897,-118.993 34.1897,-118.993 34.1988,-118.993 34.2078,-118.983 34.2259,-118.972 34.235,-118.961 34.235,-118.929 34.235,-118.907 34.2259,-118.885 34.1988,-118.896 34.1807))
201811082359,5,2,
Pattern Matcher : 62
201811090035,2,2,
boundary: POLYGON((-118.929 34.1897,-118.939 34.1807,-118.972 34.1897,-118.983 34.1897,-118.993 34.1897,-118.993 34.1988,-118.993 34.2078,-118.983 34.2259,-118.972 34.235,-118.961 34.235,-118.95 34.2259,-118.939 34.2078,-118.929 34.1988,-118.929 34.1897))
201811090059,5,2,
Pattern Matcher : 63
201811090035,2,2,
boundary: POLYGON((-118.929 34.1897,-118.939 34.1807,-118.972 34.1897,-118.983 34.1897,-118.993 34.1897,-118.993 34.1988,-118.993 34.2078,-118.983 34.2259,-118.972 34.235,-118.961 34.235,-118.95 34.2259,-118.939 34.2078,-118.929 34.1988,-118.929 34.1897))
201811090125,5,2,
Pattern Matcher : 64
201811090607,2,2,
boundary: POLYGON((-118.723 34.2076,-118.723 34.1986,-118.734 34.1986,-118.745 34.1986,-118.766 34.1986,-118.777 34.1986,-118.788 34.2077,-118.788 34.2168,-118.777 34.2258,-118.745 34.2167,-118.734 34.2167,-118.723 34.2166,-118.723 34.2076))
201811090623,5,2,
Pattern Matcher : 65
201811090707,2,2,
boundary: POLYGON((-118.809 34.2258,-118.766 34.2439,-118.755 34.2438,-118.744 34.2348,-118.723 34.2166,-118.723 34.2076,-118.723 34.1986,-118.734 34.1805,-118.745 34.1715,-118.755 34.1715,-118.788 34.1715,-118.81 34.1806,-118.82 34.2077,-118.82 34.2168,-118.82 34.2258,-118.809 34.2258))
201811090727,5,2,
Pattern Matcher : 66
201811090707,2,2,
boundary: POLYGON((-118.82 34.2168,-118.82 34.2258,-118.809 34.2258,-118.766 34.2439,-118.755 34.2438,-118.744 34.2348,-118.723 34.2166,-118.723 34.2076,-118.723 34.1986,-118.734 34.1805,-118.745 34.1715,-118.755 34.1715,-118.788 34.1715,-118.81 34.1806,-118.82 34.2077,-118.82 34.2168))
201811090820,5,2,
Pattern Matcher : 67
201811090808,2,2,
boundary: POLYGON((-118.755 34.2438,-118.744 34.2348,-118.745 34.2257,-118.734 34.1895,-118.734 34.1805,-118.745 34.1715,-118.755 34.1715,-118.788 34.1715,-118.81 34.1806,-118.799 34.1987,-118.788 34.2168,-118.777 34.2258,-118.766 34.2439,-118.755 34.2438))
201811090820,5,2,
Pattern Matcher : 68
201811090808,2,2,
boundary: POLYGON((-118.755 34.2438,-118.744 34.2348,-118.745 34.2257,-118.734 34.1895,-118.734 34.1805,-118.745 34.1715,-118.755 34.1715,-118.788 34.1715,-118.81 34.1806,-118.799 34.1987,-118.788 34.2168,-118.777 34.2258,-118.766 34.2439,-118.755 34.2438))
201811090926,5,2,
Pattern Matcher : 69
201811090908,2,2,
boundary: POLYGON((-118.799 34.2439,-118.788 34.2439,-118.777 34.2348,-118.734 34.2167,-118.723 34.2166,-118.723 34.2076,-118.723 34.1986,-118.712 34.1624,-118.723 34.1443,-118.734 34.1443,-118.766 34.1444,-118.788 34.1534,-118.788 34.1625,-118.788 34.2077,-118.799 34.2258,-118.809 34.2349,-118.809 34.2439,-118.799 34.2439))
201811090926,5,2,
Pattern Matcher : 70
201811090908,2,2,
boundary: POLYGON((-118.809 34.2439,-118.799 34.2439,-118.788 34.2439,-118.777 34.2348,-118.734 34.2167,-118.723 34.2166,-118.723 34.2076,-118.723 34.1986,-118.712 34.1624,-118.723 34.1443,-118.734 34.1443,-118.766 34.1444,-118.788 34.1534,-118.788 34.1625,-118.788 34.2077,-118.799 34.2258,-118.809 34.2349,-118.809 34.2439))
201811091024,5,2,
Pattern Matcher : 71
201811091008,2,2,
boundary: POLYGON((-118.831 34.1806,-118.842 34.1806,-118.864 34.2078,-118.864 34.2168,-118.853 34.2259,-118.809 34.2439,-118.799 34.2439,-118.788 34.2439,-118.777 34.2348,-118.755 34.2167,-118.734 34.1895,-118.712 34.1624,-118.723 34.1443,-118.734 34.1443,-118.766 34.1444,-118.788 34.1534,-118.831 34.1806))
201811091024,5,2,
Pattern Matcher : 72
201811091110,2,2,
boundary: POLYGON((-118.842 34.1806,-118.864 34.2078,-118.864 34.2168,-118.853 34.2259,-118.842 34.2259,-118.82 34.2258,-118.809 34.2258,-118.799 34.2168,-118.788 34.1987,-118.777 34.1896,-118.723 34.1895,-118.712 34.1895,-118.701 34.1895,-118.701 34.1804,-118.701 34.1714,-118.712 34.1714,-118.723 34.1714,-118.788 34.1715,-118.82 34.1806,-118.831 34.1806,-118.842 34.1806))
201811091132,5,2,
Pattern Matcher : 73
201811091213,2,2,
boundary: POLYGON((-118.82 34.2258,-118.809 34.2258,-118.799 34.2168,-118.755 34.1986,-118.723 34.1895,-118.712 34.1895,-118.701 34.1895,-118.68 34.1623,-118.68 34.1532,-118.68 34.1442,-118.691 34.1442,-118.701 34.1442,-118.712 34.1533,-118.723 34.1714,-118.81 34.1896,-118.82 34.1806,-118.831 34.1806,-118.842 34.1806,-118.842 34.1897,-118.842 34.1987,-118.82 34.2258))
201811091231,5,2,
Pattern Matcher : 74
201811091213,2,2,
boundary: POLYGON((-118.701 34.1442,-118.712 34.1533,-118.723 34.1714,-118.81 34.1896,-118.82 34.1806,-118.831 34.1806,-118.842 34.1806,-118.842 34.1897,-118.842 34.1987,-118.82 34.2258,-118.809 34.2258,-118.799 34.2168,-118.723 34.1895,-118.712 34.1895,-118.701 34.1895,-118.701 34.1804,-118.701 34.1714,-118.701 34.1442))
201811091329,5,2,
Pattern Matcher : 75
201811091309,2,2,
boundary: POLYGON((-118.701 34.1352,-118.702 34.1261,-118.712 34.1171,-118.723 34.1262,-118.734 34.1443,-118.745 34.1534,-118.745 34.1624,-118.734 34.1714,-118.712 34.1624,-118.701 34.1352))
201811091329,5,2,
Pattern Matcher : 76
201811091309,2,2,
boundary: POLYGON((-118.734 34.1714,-118.712 34.1624,-118.701 34.1352,-118.702 34.1261,-118.712 34.1171,-118.723 34.1262,-118.734 34.1443,-118.745 34.1534,-118.745 34.1624,-118.734 34.1714))
201811091428,5,2,
Pattern Matcher : 77
201811091410,2,2,
boundary: POLYGON((-118.766 34.1353,-118.756 34.1443,-118.745 34.1443,-118.712 34.1443,-118.701 34.1352,-118.702 34.1261,-118.712 34.1171,-118.745 34.1262,-118.756 34.1262,-118.766 34.1353))
201811091428,5,2,
Pattern Matcher : 78
201811091542,2,2,
boundary: POLYGON((-118.82 34.1535,-118.82 34.1625,-118.82 34.1716,-118.81 34.1716,-118.799 34.1715,-118.756 34.1443,-118.745 34.1443,-118.712 34.1443,-118.701 34.1352,-118.702 34.1261,-118.712 34.099,-118.723 34.0991,-118.734 34.0991,-118.756 34.0991,-118.766 34.0991,-118.777 34.1082,-118.799 34.1263,-118.82 34.1535))
201811091559,5,2,
Pattern Matcher : 79
201811091542,2,2,
boundary: POLYGON((-118.712 34.099,-118.723 34.0991,-118.734 34.0991,-118.756 34.0991,-118.766 34.0991,-118.777 34.1082,-118.799 34.1263,-118.82 34.1535,-118.82 34.1625,-118.82 34.1716,-118.81 34.1716,-118.799 34.1715,-118.756 34.1443,-118.745 34.1443,-118.712 34.1443,-118.701 34.1352,-118.702 34.1261,-118.712 34.099))
201811091648,5,2,
Pattern Matcher : 80
201811091612,2,2,
boundary: POLYGON((-118.734 34.0719,-118.745 34.072,-118.777 34.072,-118.81 34.0811,-118.821 34.0811,-118.831 34.0811,-118.853 34.1083,-118.853 34.1173,-118.853 34.1264,-118.842 34.1264,-118.799 34.1444,-118.799 34.2258,-118.809 34.2349,-118.809 34.2439,-118.799 34.2439,-118.788 34.2439,-118.766 34.2439,-118.755 34.2438,-118.744 34.2348,-118.745 34.2257,-118.745 34.1443,-118.734 34.1353,-118.723 34.1171,-118.712 34.1081,-118.712 34.099,-118.734 34.0719))
201811091648,5,2,
Pattern Matcher : 81
201811091709,2,2,
boundary: POLYGON((-118.788 34.0539,-118.799 34.054,-118.81 34.054,-118.831 34.054,-118.842 34.054,-118.853 34.0631,-118.864 34.0812,-118.875 34.0902,-118.885 34.1083,-118.896 34.1174,-118.896 34.1264,-118.885 34.1264,-118.842 34.1445,-118.831 34.1535,-118.82 34.1716,-118.809 34.2349,-118.82 34.253,-118.831 34.262,-118.831 34.2711,-118.82 34.2711,-118.809 34.2711,-118.799 34.262,-118.755 34.2438,-118.744 34.2348,-118.69 34.2347,-118.68 34.2437,-118.669 34.2346,-118.669 34.2256,-118.669 34.2165,-118.68 34.1985,-118.701 34.1714,-118.701 34.1352,-118.702 34.1261,-118.712 34.099,-118.734 34.0719,-118.745 34.072,-118.788 34.0539))
201811091744,5,2,
Pattern Matcher : 82
201811091710,2,2,
boundary: POLYGON((-119.059 34.4158,-119.07 34.4249,-119.07 34.4339,-119.059 34.443,-119.048 34.4339,-119.048 34.4249,-119.048 34.4158,-119.059 34.4158))
201811091744,5,2,
Pattern Matcher : 83
201811091711,2,2,
boundary: POLYGON((-118.798 34.4338,-118.798 34.4248,-118.809 34.4248,-118.82 34.4248,-118.82 34.4339,-118.82 34.4429,-118.809 34.4429,-118.798 34.4429,-118.798 34.4338))
201811091744,5,2,
Pattern Matcher : 84
201811091714,2,2,
boundary: POLYGON((-118.569 34.8042,-118.58 34.8042,-118.612 34.8043,-118.645 34.8134,-118.656 34.8135,-118.667 34.8225,-118.667 34.8316,-118.677 34.8678,-118.666 34.8858,-118.655 34.9039,-118.645 34.9129,-118.601 34.9218,-118.59 34.9309,-118.579 34.9308,-118.568 34.9217,-118.525 34.9035,-118.47 34.9756,-118.514 34.8944,-118.514 34.8854,-118.525 34.8673,-118.536 34.8583,-118.558 34.8222,-118.569 34.8042))
201811091744,5,2,
Pattern Matcher : 85
201811091715,2,2,
boundary: POLYGON((-119.551 34.9481,-119.551 34.9571,-119.551 34.9662,-119.551 34.9843,-119.551 34.9933,-119.551 35.0053,-119.551 35.0114,-119.551 35.0204,-119.551 35.0295,-119.551 35.0385,-119.551 35.0476,-119.551 35.0566,-119.551 35.0657,-119.552 35.1018,-119.552 35.138,-119.552 35.1471,-119.552 35.1561,-119.552 35.1651,-119.552 35.1742,-119.552 35.1877,-119.552 35.1923,-119.552 35.2013,-119.552 35.2104,-119.553 35.2194,-119.531 35.2195,-119.52 35.2196,-119.443 35.238,-119.432 35.238,-119.421 35.2381,-119.41 35.2381,-119.399 35.2381,-119.388 35.2382,-119.377 35.2382,-119.366 35.2382,-119.355 35.2021,-119.322 35.157,-119.3 35.148,-119.311 35.1389,-119.355 35.0755,-119.355 35.0664,-119.365 35.0031,-119.365 34.9941,-119.376 34.985,-119.398 34.9939,-119.474 34.9575,-119.474 34.9123,-119.474 34.9032,-119.485 34.8941,-119.496 34.8941,-119.507 34.9031,-119.55 34.921,-119.551 34.9481))
201811091744,5,2,
Pattern Matcher : 86
201811091717,2,2,
boundary: POLYGON((-118.371 35.0295,-118.371 35.0204,-118.371 35.0114,-118.371 35.0023,-118.371 34.9933,-118.371 34.9843,-118.371 34.9752,-118.382 34.9481,-118.372 34.9119,-118.372 34.9029,-118.415 34.9483,-118.459 34.9756,-118.47 34.9756,-118.469 34.9847,-118.469 34.9937,-118.458 35.0118,-118.447 35.0208,-118.436 35.0388,-118.425 35.0478,-118.393 35.0386,-118.382 35.0386,-118.371 35.0295))
201811091744,5,2,
Pattern Matcher : 87
201811091811,2,2,
boundary: POLYGON((-118.9 34.1164,-118.896 34.1264,-118.874 34.1535,-118.864 34.1535,-118.831 34.1535,-118.809 34.2349,-118.809 34.2439,-118.799 34.2439,-118.788 34.2439,-118.766 34.2439,-118.755 34.2438,-118.744 34.2348,-118.69 34.2347,-118.68 34.2437,-118.669 34.2346,-118.669 34.2256,-118.669 34.2165,-118.68 34.1985,-118.701 34.1352,-118.702 34.1261,-118.712 34.099,-118.734 34.0719,-118.745 34.0539,-118.756 34.0539,-118.767 34.0539,-118.777 34.0539,-118.788 34.0539,-118.799 34.054,-118.81 34.054,-118.831 34.054,-118.842 34.054,-118.875 34.054,-118.878 34.0556,-118.9 34.1164))
201811091842,5,2,
Pattern Matcher : 88
201811091814,2,2,
boundary: POLYGON((-119.059 34.4158,-119.07 34.4249,-119.07 34.4339,-119.059 34.443,-119.048 34.4339,-119.048 34.4249,-119.048 34.4158,-119.059 34.4158))
201811091842,5,2,
Pattern Matcher : 89
201811091815,2,2,
boundary: POLYGON((-118.371 35.0566,-118.371 35.0476,-118.371 35.0385,-118.371 35.0204,-118.371 35.0114,-118.371 35.0023,-118.371 34.9933,-118.371 34.9843,-118.371 34.9752,-118.371 34.9662,-118.371 34.9571,-118.371 34.9481,-118.371 34.939,-118.372 34.93,-118.372 34.921,-118.372 34.9119,-118.372 34.9029,-118.372 34.8938,-118.372 34.8848,-118.372 34.8757,-118.372 34.8667,-118.405 34.8126,-118.395 34.7402,-118.384 34.7311,-118.384 34.722,-118.395 34.7221,-118.406 34.7221,-118.417 34.7312,-118.471 34.7767,-118.482 34.7767,-118.492 34.7768,-118.536 34.8041,-118.58 34.7861,-118.591 34.7771,-118.601 34.7862,-118.612 34.7952,-118.656 34.8135,-118.667 34.8225,-118.688 34.8407,-118.688 34.8497,-118.688 34.8588,-118.677 34.8678,-118.666 34.8858,-118.655 34.9039,-118.645 34.9129,-118.601 34.9218,-118.59 34.9309,-118.579 34.9308,-118.546 34.9307,-118.47 34.9756,-118.469 34.9847,-118.469 34.9937,-118.458 35.0118,-118.447 35.0208,-118.404 35.0387,-118.37 35.0837,-118.371 35.0566))
201811091842,5,2,
Pattern Matcher : 90
201811091818,2,2,
boundary: POLYGON((-119.55 34.9119,-119.55 34.921,-119.551 34.9481,-119.551 34.9571,-119.551 34.9662,-119.551 34.9933,-119.551 35.0023,-119.551 35.0114,-119.551 35.0204,-119.551 35.0385,-119.551 35.0476,-119.552 35.0928,-119.552 35.1018,-119.552 35.1109,-119.552 35.129,-119.552 35.138,-119.552 35.1471,-119.552 35.1561,-119.552 35.1651,-119.552 35.1742,-119.552 35.1832,-119.552 35.1923,-119.552 35.2013,-119.552 35.2104,-119.553 35.2194,-119.553 35.2284,-119.553 35.2375,-119.542 35.2375,-119.531 35.2376,-119.52 35.2376,-119.509 35.2377,-119.498 35.2377,-119.487 35.2378,-119.476 35.2378,-119.465 35.2379,-119.454 35.2379,-119.443 35.238,-119.432 35.238,-119.421 35.2381,-119.41 35.2381,-119.399 35.2381,-119.388 35.2382,-119.377 35.2382,-119.366 35.2382,-119.345 35.2383,-119.334 35.2383,-119.323 35.2384,-119.312 35.2384,-119.301 35.2384,-119.29 35.2385,-119.279 35.2385,-119.268 35.2385,-119.257 35.2386,-119.246 35.2386,-119.235 35.2386,-119.246 35.2295,-119.257 35.2295,-119.3 35.148,-119.311 35.1389,-119.344 35.0936,-119.344 35.0846,-119.333 35.0484,-119.333 35.0394,-119.344 35.0303,-119.354 35.0122,-119.365 34.9941,-119.376 34.985,-119.398 34.9939,-119.474 34.9575,-119.474 34.9123,-119.474 34.9032,-119.485 34.8941,-119.496 34.8941,-119.55 34.9029,-119.55 34.9119))
201811091842,5,2,
Pattern Matcher : 91
201811091821,2,2,
boundary: POLYGON((-118.764 35.1031,-118.775 35.0941,-118.786 35.1031,-118.786 35.1122,-118.786 35.1212,-118.775 35.1212,-118.764 35.1121,-118.764 35.1031))
201811091842,5,2,
Pattern Matcher : 92
201811091815,2,2,
boundary: POLYGON((-118.371 35.0566,-118.371 35.0476,-118.371 35.0385,-118.371 35.0204,-118.371 35.0114,-118.371 35.0023,-118.371 34.9933,-118.371 34.9843,-118.371 34.9752,-118.371 34.9662,-118.371 34.9571,-118.371 34.9481,-118.371 34.939,-118.372 34.93,-118.372 34.921,-118.372 34.9119,-118.372 34.9029,-118.372 34.8938,-118.372 34.8848,-118.372 34.8757,-118.372 34.8667,-118.405 34.8126,-118.395 34.7402,-118.384 34.7311,-118.384 34.722,-118.395 34.7221,-118.406 34.7221,-118.417 34.7312,-118.471 34.7767,-118.482 34.7767,-118.492 34.7768,-118.536 34.8041,-118.58 34.7861,-118.591 34.7771,-118.601 34.7862,-118.612 34.7952,-118.656 34.8135,-118.667 34.8225,-118.688 34.8407,-118.688 34.8497,-118.688 34.8588,-118.677 34.8678,-118.666 34.8858,-118.655 34.9039,-118.645 34.9129,-118.601 34.9218,-118.59 34.9309,-118.579 34.9308,-118.546 34.9307,-118.47 34.9756,-118.469 34.9847,-118.469 34.9937,-118.458 35.0118,-118.447 35.0208,-118.404 35.0387,-118.37 35.0837,-118.371 35.0566))
201811091934,5,2,
Pattern Matcher : 93
201811091818,2,2,
boundary: POLYGON((-119.55 34.9119,-119.55 34.921,-119.551 34.9481,-119.551 34.9571,-119.551 34.9662,-119.551 34.9933,-119.551 35.0023,-119.551 35.0114,-119.551 35.0204,-119.551 35.0385,-119.551 35.0476,-119.552 35.0928,-119.552 35.1018,-119.552 35.1109,-119.552 35.129,-119.552 35.138,-119.552 35.1471,-119.552 35.1561,-119.552 35.1651,-119.552 35.1742,-119.552 35.1832,-119.552 35.1923,-119.552 35.2013,-119.552 35.2104,-119.553 35.2194,-119.553 35.2284,-119.553 35.2375,-119.542 35.2375,-119.531 35.2376,-119.52 35.2376,-119.509 35.2377,-119.498 35.2377,-119.487 35.2378,-119.476 35.2378,-119.465 35.2379,-119.454 35.2379,-119.443 35.238,-119.432 35.238,-119.421 35.2381,-119.41 35.2381,-119.399 35.2381,-119.388 35.2382,-119.377 35.2382,-119.366 35.2382,-119.345 35.2383,-119.334 35.2383,-119.323 35.2384,-119.312 35.2384,-119.301 35.2384,-119.29 35.2385,-119.279 35.2385,-119.268 35.2385,-119.257 35.2386,-119.246 35.2386,-119.235 35.2386,-119.246 35.2295,-119.257 35.2295,-119.3 35.148,-119.311 35.1389,-119.344 35.0936,-119.344 35.0846,-119.333 35.0484,-119.333 35.0394,-119.344 35.0303,-119.354 35.0122,-119.365 34.9941,-119.376 34.985,-119.398 34.9939,-119.474 34.9575,-119.474 34.9123,-119.474 34.9032,-119.485 34.8941,-119.496 34.8941,-119.55 34.9029,-119.55 34.9119))
201811091934,5,2,
Pattern Matcher : 94
201811091821,2,2,
boundary: POLYGON((-118.764 35.1031,-118.775 35.0941,-118.786 35.1031,-118.786 35.1122,-118.786 35.1212,-118.775 35.1212,-118.764 35.1121,-118.764 35.1031))
201811091934,5,2,
Pattern Matcher : 95
201811091913,2,2,
boundary: POLYGON((-118.875 34.045,-118.885 34.1083,-118.896 34.1174,-118.925 34.1294,-118.918 34.1355,-118.874 34.1535,-118.842 34.1987,-118.831 34.1987,-118.82 34.1987,-118.81 34.1896,-118.799 34.1715,-118.712 34.2076,-118.701 34.2166,-118.69 34.2347,-118.68 34.2437,-118.669 34.2346,-118.669 34.2256,-118.669 34.2165,-118.68 34.1985,-118.712 34.1081,-118.712 34.099,-118.734 34.0719,-118.745 34.0539,-118.767 34.0268,-118.777 34.0268,-118.788 34.0268,-118.81 34.0268,-118.821 34.0268,-118.853 34.0269,-118.875 34.0359,-118.878 34.0398,-118.875 34.045))
201811091934,5,2,
Pattern Matcher : 96
201811091914,2,2,
boundary: POLYGON((-118.58 34.7861,-118.591 34.7771,-118.601 34.7862,-118.612 34.7952,-118.656 34.8135,-118.667 34.8225,-118.688 34.8407,-118.688 34.8497,-118.688 34.8588,-118.677 34.8678,-118.666 34.8858,-118.655 34.9039,-118.645 34.9129,-118.601 34.9218,-118.59 34.9309,-118.579 34.9308,-118.568 34.9217,-118.525 34.9035,-118.514 34.8944,-118.514 34.8854,-118.492 34.822,-118.492 34.8129,-118.492 34.8039,-118.503 34.8039,-118.514 34.804,-118.58 34.7861))
201811091934,5,2,
Pattern Matcher : 97
201811091915,2,2,
boundary: POLYGON((-118.371 35.0204,-118.371 35.0114,-118.371 35.0023,-118.371 34.9933,-118.371 34.9843,-118.371 34.9752,-118.371 34.9662,-118.371 34.9571,-118.371 34.9481,-118.371 34.939,-118.372 34.93,-118.372 34.921,-118.372 34.9119,-118.372 34.9029,-118.372 34.8938,-118.372 34.8848,-118.372 34.8757,-118.372 34.8667,-118.383 34.8758,-118.383 34.8848,-118.393 34.9211,-118.415 34.9483,-118.437 34.9755,-118.437 34.9846,-118.426 34.9936,-118.415 35.0116,-118.404 35.0206,-118.371 35.0204))
201811091934,5,2,
Pattern Matcher : 98
201811091917,2,2,
boundary: POLYGON((-119.551 34.9481,-119.551 34.9571,-119.551 34.9662,-119.551 34.9933,-119.551 35.0023,-119.551 35.0114,-119.551 35.0204,-119.551 35.0385,-119.551 35.0476,-119.552 35.0928,-119.552 35.1018,-119.552 35.1109,-119.552 35.129,-119.552 35.138,-119.552 35.1471,-119.552 35.1561,-119.552 35.1651,-119.552 35.1742,-119.552 35.1832,-119.552 35.1923,-119.552 35.2013,-119.552 35.2104,-119.553 35.2194,-119.553 35.2284,-119.553 35.2375,-119.542 35.2375,-119.531 35.2376,-119.52 35.2376,-119.509 35.2377,-119.498 35.2377,-119.487 35.2378,-119.476 35.2378,-119.465 35.2379,-119.454 35.2379,-119.443 35.238,-119.432 35.238,-119.421 35.2381,-119.41 35.2381,-119.399 35.2381,-119.388 35.2382,-119.377 35.2382,-119.366 35.2382,-119.345 35.2383,-119.334 35.2383,-119.323 35.2384,-119.312 35.2384,-119.301 35.2384,-119.29 35.2385,-119.279 35.2385,-119.268 35.2385,-119.257 35.2386,-119.246 35.2386,-119.235 35.2386,-119.246 35.2295,-119.257 35.2295,-119.3 35.148,-119.311 35.1389,-119.333 35.0484,-119.333 35.0394,-119.344 35.0303,-119.354 35.0122,-119.365 35.0121,-119.398 35.012,-119.409 35.012,-119.474 34.9575,-119.485 34.9484,-119.496 34.9483,-119.54 34.93,-119.55 34.921,-119.551 34.9481))
201811091934,5,2,
Pattern Matcher : 99
201811091919,2,2,
boundary: POLYGON((-118.764 35.1031,-118.775 35.0941,-118.786 35.1031,-118.786 35.1122,-118.786 35.1212,-118.775 35.1212,-118.764 35.1121,-118.764 35.1031))
201811091934,5,2,
Pattern Matcher : 100
201811092013,2,2,
boundary: POLYGON((-118.896 34.0812,-118.907 34.0902,-118.933 34.1083,-118.929 34.1083,-118.896 34.1083,-118.853 34.1264,-118.82 34.1716,-118.81 34.1716,-118.799 34.1715,-118.734 34.2257,-118.734 34.2348,-118.723 34.2438,-118.68 34.2437,-118.669 34.2346,-118.658 34.2165,-118.647 34.2074,-118.647 34.1984,-118.658 34.1894,-118.68 34.1442,-118.691 34.0809,-118.702 34.0719,-118.745 34.0539,-118.767 34.0268,-118.788 34.0087,-118.799 33.9997,-118.81 34.0087,-118.821 34.0268,-118.831 34.0359,-118.875 34.054,-118.887 34.0574,-118.896 34.0812))
201811092039,5,2,
Pattern Matcher : 101
201811092016,2,2,
boundary: POLYGON((-118.569 34.8042,-118.58 34.8042,-118.612 34.8043,-118.645 34.8134,-118.656 34.8135,-118.667 34.8225,-118.667 34.8316,-118.656 34.8406,-118.645 34.8586,-118.634 34.8767,-118.623 34.8857,-118.579 34.8946,-118.568 34.9036,-118.557 34.9036,-118.546 34.8945,-118.536 34.8764,-118.525 34.8673,-118.536 34.8583,-118.558 34.8222,-118.569 34.8042))
201811092039,5,2,
Pattern Matcher : 102
201811092018,2,2,
boundary: POLYGON((-119.551 34.9662,-119.54 35.0476,-119.551 35.0566,-119.552 35.0928,-119.508 35.0749,-119.497 35.0659,-119.486 35.0569,-119.497 35.0478,-119.518 34.9663,-119.518 34.9573,-119.518 34.9482,-119.529 34.9482,-119.54 34.9481,-119.551 34.9571,-119.551 34.9662))
201811092039,5,2,
Pattern Matcher : 103
201811092020,2,2,
boundary: POLYGON((-119.366 35.0574,-119.387 35.0663,-119.387 35.0754,-119.377 35.0845,-119.366 35.0845,-119.355 35.0755,-119.355 35.0664,-119.366 35.0574))
201811092039,5,2,
Pattern Matcher : 104
201811092023,2,2,
boundary: POLYGON((-119.432 35.238,-119.421 35.2381,-119.41 35.2381,-119.41 35.229,-119.41 35.22,-119.421 35.22,-119.432 35.2199,-119.443 35.2199,-119.443 35.2289,-119.443 35.238,-119.432 35.238))
201811092039,5,2,
Pattern Matcher : 105
201811092124,2,2,
boundary: POLYGON((-118.972 34.0721,-118.961 34.0812,-118.95 34.0993,-118.939 34.1083,-118.929 34.1083,-118.896 34.1083,-118.853 34.1264,-118.842 34.1264,-118.831 34.1173,-118.777 34.1172,-118.766 34.1263,-118.712 34.1533,-118.712 34.1985,-118.712 34.2076,-118.701 34.2166,-118.69 34.2347,-118.68 34.2437,-118.669 34.2346,-118.658 34.2165,-118.647 34.2074,-118.647 34.1984,-118.658 34.1803,-118.68 34.1442,-118.691 34.0809,-118.702 34.0719,-118.712 34.0719,-118.767 34.0268,-118.777 34.0268,-118.788 34.0268,-118.81 34.0268,-118.821 34.0268,-118.831 34.0359,-118.885 34.0359,-118.896 34.036,-118.907 34.036,-118.95 34.0631,-118.961 34.0631,-118.972 34.0721))
201811092143,5,2,
Pattern Matcher : 106
201811092252,2,2,
boundary: POLYGON((-118.95 34.045,-118.961 34.0631,-118.972 34.0721,-118.988 34.0993,-118.983 34.1083,-118.972 34.1264,-118.961 34.1355,-118.95 34.1355,-118.918 34.1355,-118.907 34.1264,-118.896 34.1083,-118.885 34.0993,-118.875 34.0812,-118.864 34.0721,-118.777 34.1082,-118.777 34.1172,-118.766 34.1353,-118.756 34.1443,-118.745 34.1443,-118.712 34.1443,-118.69 34.2256,-118.69 34.2347,-118.68 34.2437,-118.669 34.2346,-118.658 34.2165,-118.647 34.2074,-118.647 34.1984,-118.658 34.1894,-118.701 34.1352,-118.702 34.1261,-118.691 34.0809,-118.702 34.0719,-118.712 34.0719,-118.767 34.0268,-118.777 34.0268,-118.788 34.0268,-118.81 34.0268,-118.821 34.0268,-118.831 34.0359,-118.885 34.0359,-118.896 34.036,-118.907 34.036,-118.929 34.036,-118.939 34.036,-118.95 34.045))
201811092259,5,2,
Pattern Matcher : 107
201811092252,2,2,
boundary: POLYGON((-119.004 34.0721,-119.004 34.0812,-118.993 34.0902,-118.983 34.1083,-118.972 34.1264,-118.961 34.1355,-118.95 34.1355,-118.918 34.1355,-118.907 34.1264,-118.896 34.1083,-118.885 34.0993,-118.875 34.0812,-118.864 34.0721,-118.777 34.1082,-118.777 34.1172,-118.766 34.1353,-118.756 34.1443,-118.745 34.1443,-118.712 34.1443,-118.69 34.2256,-118.69 34.2347,-118.68 34.2437,-118.669 34.2346,-118.658 34.2165,-118.647 34.2074,-118.647 34.1984,-118.658 34.1894,-118.701 34.1352,-118.702 34.1261,-118.691 34.0809,-118.702 34.0719,-118.712 34.0719,-118.767 34.0268,-118.777 34.0268,-118.788 34.0268,-118.81 34.0268,-118.821 34.0268,-118.831 34.0359,-118.885 34.0359,-118.896 34.036,-118.907 34.036,-118.929 34.036,-118.939 34.036,-118.972 34.036,-118.983 34.045,-118.993 34.0631,-119.004 34.0721))
201811092359,5,2,
Pattern Matcher : 108
201811092350,2,2,
boundary: POLYGON((-118.788 34.0087,-118.799 33.9997,-118.81 34.0087,-118.81 34.0178,-118.799 34.0268,-118.756 34.081,-118.756 34.0901,-118.745 34.1172,-118.723 34.1352,-118.712 34.1443,-118.701 34.1352,-118.691 34.1171,-118.68 34.108,-118.68 34.099,-118.691 34.0899,-118.734 34.0719,-118.788 34.0178,-118.788 34.0087))
201811092359,5,2,
Pattern Matcher : 109
201811092352,2,2,
boundary: POLYGON((-119.004 34.0721,-119.004 34.0812,-118.993 34.0902,-118.95 34.0993,-118.939 34.1083,-118.929 34.1083,-118.896 34.1083,-118.885 34.0993,-118.885 34.0902,-118.896 34.0812,-118.918 34.045,-118.929 34.036,-118.939 34.036,-118.972 34.036,-118.983 34.045,-118.993 34.0631,-119.004 34.0721))
201811092359,5,2,
Pattern Matcher : 110
201811100024,2,2,
boundary: POLYGON((-118.939 34.0721,-118.939 34.0631,-118.95 34.0631,-118.961 34.0631,-118.983 34.0631,-118.993 34.0631,-119.004 34.0721,-119.004 34.0812,-118.993 34.0902,-118.983 34.1083,-118.972 34.1083,-118.961 34.1083,-118.939 34.0812,-118.939 34.0721))
201811100046,5,2,
Pattern Matcher : 111
201811100027,2,2,
boundary: POLYGON((-118.712 34.1081,-118.712 34.099,-118.723 34.0991,-118.734 34.0991,-118.745 34.1081,-118.745 34.1172,-118.734 34.1172,-118.723 34.1171,-118.712 34.1081))
201811100046,5,2,
Pattern Matcher : 112
201811100024,2,2,
boundary: POLYGON((-118.939 34.0721,-118.939 34.0631,-118.95 34.0631,-118.961 34.0631,-118.983 34.0631,-118.993 34.0631,-119.004 34.0721,-119.004 34.0812,-118.993 34.0902,-118.983 34.1083,-118.972 34.1083,-118.961 34.1083,-118.939 34.0812,-118.939 34.0721))
201811100127,5,2,
Pattern Matcher : 113
201811100027,2,2,
boundary: POLYGON((-118.712 34.1081,-118.712 34.099,-118.723 34.0991,-118.734 34.0991,-118.745 34.1081,-118.745 34.1172,-118.734 34.1172,-118.723 34.1171,-118.712 34.1081))
201811100127,5,2,
Pattern Matcher : 114
201811100108,2,2,
boundary: POLYGON((-118.972 34.0812,-118.983 34.0631,-118.993 34.0631,-119.004 34.0721,-119.004 34.0812,-118.993 34.0902,-118.972 34.0812))
201811100127,5,2,
Pattern Matcher : 115
201811100110,2,2,
boundary: POLYGON((-118.734 34.081,-118.734 34.0719,-118.745 34.072,-118.756 34.081,-118.756 34.0901,-118.745 34.0991,-118.734 34.09,-118.734 34.081))
201811100127,5,2,
Pattern Matcher : 116
201811100211,2,2,
boundary: POLYGON((-118.713 34.0538,-118.723 34.0448,-118.734 34.0538,-118.745 34.072,-118.756 34.081,-118.756 34.0901,-118.745 34.0991,-118.734 34.09,-118.723 34.0719,-118.713 34.0629,-118.713 34.0538))
201811100231,5,2,
Pattern Matcher : 117
201811100214,2,2,
boundary: POLYGON((-118.993 34.0631,-119.004 34.0721,-119.015 34.0902,-119.026 34.0993,-119.026 34.1083,-119.015 34.1174,-118.983 34.1083,-118.972 34.1083,-118.961 34.1083,-118.939 34.1083,-118.929 34.1083,-118.918 34.0993,-118.918 34.0902,-118.939 34.0631,-118.95 34.0631,-118.961 34.0631,-118.983 34.0631,-118.993 34.0631))
201811100231,5,2,
Pattern Matcher : 118
201811100312,2,2,
boundary: POLYGON((-118.939 34.0721,-118.939 34.0631,-118.95 34.0631,-118.961 34.0631,-118.972 34.0721,-118.983 34.0902,-118.983 34.0993,-118.983 34.1083,-118.972 34.1083,-118.961 34.1083,-118.939 34.0812,-118.939 34.0721))
201811100334,5,2,
Pattern Matcher : 119
201811100312,2,2,
boundary: POLYGON((-118.939 34.0721,-118.939 34.0631,-118.95 34.0631,-118.961 34.0631,-118.972 34.0721,-118.983 34.0902,-118.983 34.0993,-118.983 34.1083,-118.972 34.1083,-118.961 34.1083,-118.939 34.0812,-118.939 34.0721))
201811100427,5,2,
Pattern Matcher : 120
201811100408,2,2,
boundary: POLYGON((-118.713 34.0538,-118.723 34.0448,-118.756 34.0539,-118.767 34.0539,-118.777 34.0539,-118.777 34.063,-118.767 34.072,-118.756 34.072,-118.723 34.0719,-118.713 34.0629,-118.713 34.0538))
201811100427,5,2,
Pattern Matcher : 121
201811100411,2,2,
boundary: POLYGON((-118.918 34.0993,-118.918 34.0902,-118.929 34.0902,-118.939 34.0902,-118.95 34.0902,-118.961 34.0902,-118.972 34.0902,-118.983 34.0902,-118.983 34.0993,-118.983 34.1083,-118.972 34.1083,-118.961 34.1083,-118.939 34.1083,-118.929 34.1083,-118.918 34.0993))
201811100427,5,2,
Pattern Matcher : 122
201811100411,2,2,
boundary: POLYGON((-118.918 34.0993,-118.918 34.0902,-118.929 34.0902,-118.939 34.0902,-118.95 34.0902,-118.961 34.0902,-118.972 34.0902,-118.983 34.0902,-118.983 34.0993,-118.983 34.1083,-118.972 34.1083,-118.961 34.1083,-118.939 34.1083,-118.929 34.1083,-118.918 34.0993))
201811100530,5,2,
Pattern Matcher : 123
201811100512,2,2,
boundary: POLYGON((-118.745 34.0991,-118.712 34.09,-118.702 34.09,-118.691 34.0809,-118.702 34.0719,-118.713 34.0538,-118.723 34.0448,-118.734 34.0538,-118.745 34.072,-118.756 34.081,-118.756 34.0901,-118.745 34.0991))
201811100530,5,2,
Pattern Matcher : 124
201811100512,2,2,
boundary: POLYGON((-118.745 34.0991,-118.712 34.09,-118.702 34.09,-118.691 34.0809,-118.702 34.0719,-118.713 34.0538,-118.723 34.0448,-118.734 34.0538,-118.745 34.072,-118.756 34.081,-118.756 34.0901,-118.745 34.0991))
201811100624,5,2,
Pattern Matcher : 125
201811100609,2,2,
boundary: POLYGON((-118.767 34.072,-118.756 34.0901,-118.745 34.0991,-118.734 34.09,-118.723 34.0719,-118.713 34.0629,-118.702 34.0447,-118.691 34.0357,-118.691 34.0266,-118.702 34.0176,-118.734 34.0267,-118.745 34.0267,-118.756 34.0268,-118.777 34.0539,-118.777 34.063,-118.767 34.072))
201811100624,5,2,
Pattern Matcher : 126
201811100609,2,2,
boundary: POLYGON((-118.767 34.072,-118.756 34.0901,-118.745 34.0991,-118.734 34.09,-118.723 34.0719,-118.713 34.0629,-118.702 34.0447,-118.691 34.0357,-118.691 34.0266,-118.702 34.0176,-118.734 34.0267,-118.745 34.0267,-118.756 34.0268,-118.777 34.0539,-118.777 34.063,-118.767 34.072))
201811100727,5,2,
Pattern Matcher : 127
201811100711,2,2,
boundary: POLYGON((-118.767 34.072,-118.756 34.072,-118.723 34.0719,-118.713 34.0629,-118.702 34.0447,-118.691 34.0357,-118.691 34.0266,-118.702 34.0176,-118.723 34.0267,-118.767 34.0539,-118.777 34.0539,-118.777 34.063,-118.767 34.072))
201811100727,5,2,
Pattern Matcher : 128
201811100711,2,2,
boundary: POLYGON((-118.777 34.063,-118.767 34.072,-118.756 34.072,-118.723 34.0719,-118.713 34.0629,-118.702 34.0447,-118.691 34.0357,-118.691 34.0266,-118.702 34.0176,-118.723 34.0267,-118.767 34.0539,-118.777 34.0539,-118.777 34.063))
201811100827,5,2,
Pattern Matcher : 129
201811101710,2,2,
boundary: POLYGON((-119.048 34.4249,-119.048 34.4158,-119.059 34.4158,-119.07 34.4249,-119.07 34.4339,-119.059 34.443,-119.048 34.4339,-119.048 34.4249))
201811101729,5,2,
Pattern Matcher : 130
201811101711,2,2,
boundary: POLYGON((-118.798 34.4248,-118.809 34.4248,-118.82 34.4248,-118.82 34.4339,-118.82 34.4429,-118.809 34.4429,-118.798 34.4429,-118.798 34.4338,-118.798 34.4248))
201811101729,5,2,
Pattern Matcher : 131
201811101712,2,2,
boundary: POLYGON((-118.569 34.8042,-118.58 34.8042,-118.612 34.8043,-118.645 34.8134,-118.656 34.8135,-118.667 34.8225,-118.667 34.8316,-118.677 34.8678,-118.666 34.8858,-118.655 34.9039,-118.645 34.9129,-118.612 34.9038,-118.601 34.9037,-118.59 34.9037,-118.568 34.9036,-118.557 34.9036,-118.546 34.8945,-118.536 34.8764,-118.525 34.8673,-118.536 34.8583,-118.558 34.8222,-118.569 34.8042))
201811101729,5,2,
Pattern Matcher : 132
201811101715,2,2,
boundary: POLYGON((-119.551 34.9571,-119.551 34.9662,-119.551 34.9752,-119.551 34.9843,-119.551 34.9933,-119.551 35.0023,-119.551 35.0476,-119.551 35.0566,-119.552 35.0747,-119.552 35.0837,-119.552 35.0928,-119.552 35.1018,-119.552 35.1109,-119.552 35.129,-119.552 35.138,-119.541 35.1471,-119.53 35.1652,-119.519 35.1743,-119.497 35.1654,-119.475 35.1203,-119.453 35.1113,-119.399 35.1115,-119.388 35.1116,-119.333 35.157,-119.375 35.2346,-119.365 35.2335,-119.364 35.2335,-119.322 35.157,-119.3 35.148,-119.311 35.1389,-119.355 35.0755,-119.355 35.0664,-119.366 35.0574,-119.376 35.0392,-119.387 35.0211,-119.398 35.012,-119.409 35.012,-119.474 34.9575,-119.485 34.9484,-119.496 34.9483,-119.54 34.93,-119.542 34.9282,-119.551 34.9571))
201811101729,5,2,
Pattern Matcher : 133
201811101718,2,2,
boundary: POLYGON((-118.371 35.0204,-118.371 35.0114,-118.371 35.0023,-118.371 34.9933,-118.371 34.9752,-118.382 34.9481,-118.372 34.9119,-118.372 34.9029,-118.415 34.9483,-118.459 34.9756,-118.47 34.9756,-118.469 34.9847,-118.469 34.9937,-118.458 35.0118,-118.447 35.0208,-118.404 35.0387,-118.393 35.0386,-118.382 35.0386,-118.371 35.0295,-118.371 35.0204))
201811101729,5,2,
Pattern Matcher : 134
201811101710,2,2,
boundary: POLYGON((-119.048 34.4249,-119.048 34.4158,-119.059 34.4158,-119.07 34.4249,-119.07 34.4339,-119.059 34.443,-119.048 34.4339,-119.048 34.4249))
201811101829,5,2,
Pattern Matcher : 135
201811101711,2,2,
boundary: POLYGON((-118.798 34.4248,-118.809 34.4248,-118.82 34.4248,-118.82 34.4339,-118.82 34.4429,-118.809 34.4429,-118.798 34.4429,-118.798 34.4338,-118.798 34.4248))
201811101829,5,2,
Pattern Matcher : 136
201811101712,2,2,
boundary: POLYGON((-118.569 34.8042,-118.58 34.8042,-118.612 34.8043,-118.645 34.8134,-118.656 34.8135,-118.667 34.8225,-118.667 34.8316,-118.677 34.8678,-118.666 34.8858,-118.655 34.9039,-118.645 34.9129,-118.612 34.9038,-118.601 34.9037,-118.59 34.9037,-118.568 34.9036,-118.557 34.9036,-118.546 34.8945,-118.536 34.8764,-118.525 34.8673,-118.536 34.8583,-118.558 34.8222,-118.569 34.8042))
201811101829,5,2,
Pattern Matcher : 137
201811101715,2,2,
boundary: POLYGON((-119.551 34.9481,-119.551 34.9571,-119.551 34.9662,-119.551 34.9933,-119.551 35.0023,-119.551 35.0114,-119.551 35.0204,-119.551 35.0385,-119.551 35.0476,-119.552 35.0928,-119.552 35.1018,-119.552 35.1109,-119.552 35.129,-119.552 35.138,-119.541 35.1471,-119.53 35.1652,-119.519 35.1743,-119.497 35.1654,-119.475 35.1203,-119.453 35.1113,-119.399 35.1115,-119.388 35.1116,-119.333 35.157,-119.377 35.2382,-119.366 35.2382,-119.322 35.157,-119.3 35.148,-119.311 35.1389,-119.355 35.0755,-119.355 35.0664,-119.366 35.0574,-119.376 35.0392,-119.387 35.0211,-119.398 35.012,-119.409 35.012,-119.474 34.9575,-119.485 34.9484,-119.496 34.9483,-119.54 34.93,-119.55 34.921,-119.551 34.9481))
201811101829,5,2,
Pattern Matcher : 138
201811101718,2,2,
boundary: POLYGON((-118.371 35.0204,-118.371 35.0114,-118.371 35.0023,-118.371 34.9933,-118.371 34.9843,-118.371 34.9752,-118.382 34.9481,-118.372 34.9119,-118.372 34.9029,-118.415 34.9483,-118.459 34.9756,-118.47 34.9756,-118.469 34.9847,-118.469 34.9937,-118.458 35.0118,-118.447 35.0208,-118.404 35.0387,-118.393 35.0386,-118.382 35.0386,-118.371 35.0295,-118.371 35.0204))
201811101829,5,2,
Pattern Matcher : 139
201811101811,2,2,
boundary: POLYGON((-118.58 34.7861,-118.591 34.7771,-118.601 34.7862,-118.612 34.7952,-118.656 34.8135,-118.667 34.8225,-118.688 34.8407,-118.688 34.8497,-118.688 34.8588,-118.677 34.8678,-118.666 34.8858,-118.655 34.9039,-118.645 34.9129,-118.601 34.9218,-118.59 34.9309,-118.579 34.9308,-118.546 34.9307,-118.47 34.9756,-118.514 34.8944,-118.514 34.8854,-118.492 34.822,-118.492 34.8129,-118.492 34.8039,-118.503 34.8039,-118.514 34.804,-118.58 34.7861))
201811101829,5,2,
Pattern Matcher : 140
201811101813,2,2,
boundary: POLYGON((-119.55 34.9119,-119.55 34.921,-119.551 34.9481,-119.551 34.9571,-119.551 34.9662,-119.551 34.9933,-119.551 35.0023,-119.551 35.0114,-119.551 35.0204,-119.551 35.0385,-119.551 35.0476,-119.552 35.0928,-119.552 35.1018,-119.552 35.1109,-119.552 35.129,-119.552 35.138,-119.552 35.1471,-119.552 35.1561,-119.552 35.1651,-119.552 35.1742,-119.552 35.1832,-119.552 35.1923,-119.552 35.2013,-119.552 35.2104,-119.553 35.2194,-119.553 35.2284,-119.553 35.2375,-119.542 35.2375,-119.531 35.2376,-119.52 35.2376,-119.509 35.2377,-119.498 35.2377,-119.487 35.2378,-119.476 35.2378,-119.465 35.2379,-119.454 35.2379,-119.443 35.238,-119.432 35.238,-119.421 35.2381,-119.41 35.2381,-119.399 35.2381,-119.388 35.2382,-119.377 35.2382,-119.366 35.2382,-119.345 35.2383,-119.334 35.2383,-119.323 35.2384,-119.322 35.157,-119.3 35.148,-119.311 35.1389,-119.344 35.0936,-119.344 35.0846,-119.333 35.0484,-119.333 35.0394,-119.344 35.0303,-119.354 35.0122,-119.365 34.9941,-119.376 34.985,-119.398 34.9939,-119.474 34.9575,-119.496 34.9212,-119.507 34.9212,-119.55 34.9029,-119.55 34.9119))
201811101829,5,2,
Pattern Matcher : 141
201811101816,2,2,
boundary: POLYGON((-118.371 35.0295,-118.371 35.0204,-118.371 35.0114,-118.371 35.0023,-118.371 34.9933,-118.371 34.9843,-118.371 34.9752,-118.371 34.9662,-118.371 34.9571,-118.371 34.9481,-118.371 34.939,-118.372 34.93,-118.372 34.921,-118.372 34.9119,-118.372 34.9029,-118.415 34.9483,-118.459 34.9756,-118.47 34.9756,-118.469 34.9847,-118.469 34.9937,-118.458 34.9937,-118.404 35.0387,-118.393 35.0386,-118.382 35.0386,-118.371 35.0295))
201811101829,5,2,
Pattern Matcher : 142
201811101818,2,2,
boundary: POLYGON((-118.764 35.1031,-118.775 35.0941,-118.786 35.1031,-118.786 35.1122,-118.786 35.1212,-118.775 35.1212,-118.764 35.1121,-118.764 35.1031))
201811101829,5,2,
Pattern Matcher : 143
201811101811,2,2,
boundary: POLYGON((-118.58 34.7861,-118.591 34.7771,-118.601 34.7862,-118.612 34.7952,-118.656 34.8135,-118.667 34.8225,-118.688 34.8407,-118.688 34.8497,-118.688 34.8588,-118.677 34.8678,-118.666 34.8858,-118.655 34.9039,-118.645 34.9129,-118.601 34.9218,-118.59 34.9309,-118.579 34.9308,-118.546 34.9307,-118.47 34.9756,-118.514 34.8944,-118.514 34.8854,-118.492 34.822,-118.492 34.8129,-118.492 34.8039,-118.503 34.8039,-118.514 34.804,-118.58 34.7861))
201811101926,5,2,
Pattern Matcher : 144
201811101813,2,2,
boundary: POLYGON((-119.55 34.9119,-119.55 34.921,-119.551 34.9481,-119.551 34.9571,-119.551 34.9662,-119.551 34.9933,-119.551 35.0023,-119.551 35.0114,-119.551 35.0204,-119.551 35.0385,-119.551 35.0476,-119.552 35.0928,-119.552 35.1018,-119.552 35.1109,-119.552 35.129,-119.552 35.138,-119.552 35.1471,-119.552 35.1561,-119.552 35.1651,-119.552 35.1742,-119.552 35.1832,-119.552 35.1923,-119.552 35.2013,-119.552 35.2104,-119.553 35.2194,-119.553 35.2284,-119.553 35.2375,-119.542 35.2375,-119.531 35.2376,-119.52 35.2376,-119.509 35.2377,-119.498 35.2377,-119.487 35.2378,-119.476 35.2378,-119.465 35.2379,-119.454 35.2379,-119.443 35.238,-119.432 35.238,-119.421 35.2381,-119.41 35.2381,-119.399 35.2381,-119.388 35.2382,-119.377 35.2382,-119.366 35.2382,-119.345 35.2383,-119.334 35.2383,-119.323 35.2384,-119.322 35.157,-119.3 35.148,-119.311 35.1389,-119.344 35.0936,-119.344 35.0846,-119.333 35.0484,-119.333 35.0394,-119.344 35.0303,-119.354 35.0122,-119.365 34.9941,-119.376 34.985,-119.398 34.9939,-119.474 34.9575,-119.496 34.9212,-119.507 34.9212,-119.55 34.9029,-119.55 34.9119))
201811101926,5,2,
Pattern Matcher : 145
201811101816,2,2,
boundary: POLYGON((-118.371 35.0295,-118.371 35.0204,-118.371 35.0114,-118.371 35.0023,-118.371 34.9933,-118.371 34.9843,-118.371 34.9752,-118.371 34.9662,-118.371 34.9571,-118.371 34.9481,-118.371 34.939,-118.372 34.93,-118.372 34.921,-118.372 34.9119,-118.372 34.9029,-118.415 34.9483,-118.459 34.9756,-118.47 34.9756,-118.469 34.9847,-118.469 34.9937,-118.458 34.9937,-118.404 35.0387,-118.393 35.0386,-118.382 35.0386,-118.371 35.0295))
201811101926,5,2,
Pattern Matcher : 146
201811101818,2,2,
boundary: POLYGON((-118.764 35.1031,-118.775 35.0941,-118.786 35.1031,-118.786 35.1122,-118.786 35.1212,-118.775 35.1212,-118.764 35.1121,-118.764 35.1031))
201811101926,5,2,
Pattern Matcher : 147
201811101912,2,2,
boundary: POLYGON((-118.492 34.8129,-118.492 34.8039,-118.503 34.8039,-118.514 34.804,-118.569 34.8042,-118.58 34.8042,-118.612 34.8043,-118.645 34.8134,-118.656 34.8135,-118.667 34.8225,-118.688 34.8407,-118.688 34.8497,-118.688 34.8588,-118.677 34.8678,-118.666 34.8858,-118.655 34.9039,-118.645 34.9129,-118.601 34.9218,-118.59 34.9309,-118.579 34.9308,-118.568 34.9217,-118.525 34.9035,-118.514 34.8944,-118.514 34.8854,-118.492 34.822,-118.492 34.8129))
201811101926,5,2,
Pattern Matcher : 148
201811101914,2,2,
boundary: POLYGON((-118.371 35.0204,-118.371 35.0114,-118.371 35.0023,-118.371 34.9933,-118.371 34.9843,-118.371 34.9752,-118.371 34.9662,-118.371 34.9571,-118.371 34.9481,-118.371 34.939,-118.372 34.93,-118.372 34.921,-118.372 34.9119,-118.372 34.9029,-118.372 34.8938,-118.372 34.8848,-118.372 34.8757,-118.372 34.8667,-118.383 34.8758,-118.383 34.8848,-118.393 34.9211,-118.415 34.9483,-118.437 34.9755,-118.437 34.9846,-118.426 34.9936,-118.415 35.0116,-118.404 35.0206,-118.371 35.0204))
201811101926,5,2,
Pattern Matcher : 149
201811101915,2,2,
boundary: POLYGON((-119.551 34.9481,-119.551 34.9571,-119.551 34.9662,-119.551 34.9933,-119.551 35.0023,-119.551 35.0114,-119.551 35.0204,-119.551 35.0385,-119.551 35.0476,-119.552 35.0928,-119.552 35.1018,-119.552 35.1109,-119.552 35.129,-119.552 35.138,-119.552 35.1471,-119.552 35.1561,-119.552 35.1651,-119.552 35.1742,-119.552 35.1832,-119.552 35.1923,-119.552 35.2013,-119.552 35.2104,-119.553 35.2194,-119.553 35.2284,-119.553 35.2375,-119.542 35.2375,-119.531 35.2376,-119.52 35.2376,-119.509 35.2377,-119.498 35.2377,-119.487 35.2378,-119.476 35.2378,-119.465 35.2379,-119.454 35.2379,-119.443 35.238,-119.432 35.238,-119.421 35.2381,-119.41 35.2381,-119.399 35.2381,-119.388 35.2382,-119.377 35.2382,-119.366 35.2382,-119.322 35.157,-119.3 35.148,-119.311 35.1389,-119.355 35.0755,-119.355 35.0664,-119.354 35.0303,-119.354 35.0212,-119.354 35.0122,-119.365 35.0121,-119.376 35.0212,-119.42 35.0391,-119.431 35.039,-119.474 34.9575,-119.485 34.9484,-119.496 34.9483,-119.54 34.93,-119.55 34.921,-119.551 34.9481))
201811101926,5,2,
Pattern Matcher : 150
201811101912,2,2,
boundary: POLYGON((-118.492 34.8129,-118.492 34.8039,-118.503 34.8039,-118.514 34.804,-118.569 34.8042,-118.58 34.8042,-118.612 34.8043,-118.645 34.8134,-118.656 34.8135,-118.667 34.8225,-118.688 34.8407,-118.688 34.8497,-118.688 34.8588,-118.677 34.8678,-118.666 34.8858,-118.655 34.9039,-118.645 34.9129,-118.601 34.9218,-118.59 34.9309,-118.579 34.9308,-118.568 34.9217,-118.525 34.9035,-118.514 34.8944,-118.514 34.8854,-118.492 34.822,-118.492 34.8129))
201811102031,5,2,
Pattern Matcher : 151
201811101914,2,2,
boundary: POLYGON((-118.371 35.0204,-118.371 35.0114,-118.371 35.0023,-118.371 34.9933,-118.371 34.9843,-118.371 34.9752,-118.371 34.9662,-118.371 34.9571,-118.371 34.9481,-118.371 34.939,-118.372 34.93,-118.372 34.921,-118.372 34.9119,-118.372 34.9029,-118.372 34.8938,-118.372 34.8848,-118.372 34.8757,-118.372 34.8667,-118.383 34.8758,-118.383 34.8848,-118.393 34.9211,-118.415 34.9483,-118.437 34.9755,-118.437 34.9846,-118.426 34.9936,-118.415 35.0116,-118.404 35.0206,-118.371 35.0204))
201811102031,5,2,
Pattern Matcher : 152
201811101915,2,2,
boundary: POLYGON((-119.551 34.9481,-119.551 34.9571,-119.551 34.9662,-119.551 34.9933,-119.551 35.0023,-119.551 35.0114,-119.551 35.0204,-119.551 35.0385,-119.551 35.0476,-119.552 35.0928,-119.552 35.1018,-119.552 35.1109,-119.552 35.129,-119.552 35.138,-119.552 35.1471,-119.552 35.1561,-119.552 35.1651,-119.552 35.1742,-119.552 35.1832,-119.552 35.1923,-119.552 35.2013,-119.552 35.2104,-119.553 35.2194,-119.553 35.2284,-119.553 35.2375,-119.542 35.2375,-119.531 35.2376,-119.52 35.2376,-119.509 35.2377,-119.498 35.2377,-119.487 35.2378,-119.476 35.2378,-119.465 35.2379,-119.454 35.2379,-119.443 35.238,-119.432 35.238,-119.421 35.2381,-119.41 35.2381,-119.399 35.2381,-119.388 35.2382,-119.377 35.2382,-119.366 35.2382,-119.322 35.157,-119.3 35.148,-119.311 35.1389,-119.355 35.0755,-119.355 35.0664,-119.354 35.0303,-119.354 35.0212,-119.354 35.0122,-119.365 35.0121,-119.376 35.0212,-119.42 35.0391,-119.431 35.039,-119.474 34.9575,-119.485 34.9484,-119.496 34.9483,-119.54 34.93,-119.55 34.921,-119.551 34.9481))
201811102031,5,2,
Pattern Matcher : 153
201811102010,2,2,
boundary: POLYGON((-118.907 34.1083,-118.918 34.1083,-118.95 34.1083,-118.972 34.1174,-118.972 34.1264,-118.961 34.1355,-118.95 34.1355,-118.918 34.1355,-118.907 34.1264,-118.907 34.1174,-118.907 34.1083))
201811102031,5,2,
Pattern Matcher : 154
201811102011,2,2,
boundary: POLYGON((-118.569 34.8042,-118.58 34.8042,-118.612 34.8043,-118.623 34.8134,-118.634 34.8224,-118.656 34.8406,-118.645 34.8586,-118.634 34.8586,-118.59 34.8766,-118.579 34.8946,-118.568 34.9036,-118.557 34.9036,-118.546 34.8945,-118.536 34.8764,-118.525 34.8673,-118.536 34.8583,-118.558 34.8222,-118.569 34.8042))
201811102031,5,2,
Pattern Matcher : 155
201811102013,2,2,
boundary: POLYGON((-119.551 34.9662,-119.519 35.0568,-119.552 35.0837,-119.552 35.0928,-119.508 35.0749,-119.497 35.0659,-119.486 35.0569,-119.497 35.0478,-119.518 34.9663,-119.518 34.9573,-119.518 34.9482,-119.529 34.9482,-119.54 34.9481,-119.551 34.9571,-119.551 34.9662))
201811102031,5,2,
Pattern Matcher : 156
201811102129,2,2,
boundary: POLYGON((-118.918 34.0993,-118.918 34.0902,-118.929 34.0902,-118.939 34.0902,-118.95 34.0902,-118.972 34.1174,-118.972 34.1264,-118.961 34.1355,-118.95 34.1355,-118.939 34.1264,-118.929 34.1083,-118.918 34.0993))
201811102153,5,2,
Pattern Matcher : 157
201811102129,2,2,
boundary: POLYGON((-118.918 34.0993,-118.918 34.0902,-118.929 34.0902,-118.939 34.0902,-118.95 34.0902,-118.972 34.1174,-118.972 34.1264,-118.961 34.1355,-118.95 34.1355,-118.939 34.1264,-118.929 34.1083,-118.918 34.0993))
201811102237,5,2,
event stream queue is empty now!
perform 1loadshedding
eventCn 1499
#full Match 157
#high latecny (> 150)87
#NumPartialMatch 157
#NumDropedPM 0
#NumDropedInputEvents 0
avg latency: 1246
expression size: 0
