c01
c07MinusC14
c16
c01
c07MinusC14
c16
c01
c01
c01
c07MinusC14
c07MinusC14
c07MinusC14
c01
c07MinusC14
c16
c16
c16
c16
Pattern Matcher : 1
201811082313,0,2,201811082359,3,2,
boundary: POLYGON((-118.907 34.1807,-118.939 34.1807,-118.972 34.1897,-118.983 34.1897,-118.993 34.1897,-119.015 34.2169,-119.015 34.2259,-119.015 34.235,-119.004 34.235,-118.993 34.235,-118.972 34.235,-118.961 34.235,-118.929 34.235,-118.907 34.2259,-118.885 34.1988,-118.896 34.1807,-118.907 34.1807))
201811082359,5,2,
Pattern Matcher : 2
201811082313,0,2,201811082359,3,2,
boundary: POLYGON((-118.734 34.2257,-118.734 34.2348,-118.723 34.2438,-118.723 34.2212,-118.734 34.2257))
201811082359,5,2,
Pattern Matcher : 3
201811091512,0,2,201811091548,3,2,
boundary: POLYGON((-118.799 34.1263,-118.804 34.1323,-118.799 34.1354,-118.788 34.1353,-118.777 34.1172,-118.788 34.1173,-118.788 34.1173,-118.799 34.1263))
201811091559,5,2,
Pattern Matcher : 4
201811091603,0,2,201811091637,3,2,
boundary: POLYGON((-118.745 34.072,-118.777 34.072,-118.81 34.0811,-118.821 34.0811,-118.831 34.0811,-118.853 34.1083,-118.853 34.1173,-118.853 34.1264,-118.842 34.1445,-118.842 34.1806,-118.842 34.1897,-118.842 34.1987,-118.809 34.2439,-118.788 34.271,-118.777 34.271,-118.766 34.2619,-118.723 34.2438,-118.68 34.2437,-118.669 34.2346,-118.669 34.2256,-118.669 34.2165,-118.68 34.1985,-118.701 34.1714,-118.701 34.1352,-118.702 34.1261,-118.712 34.099,-118.734 34.0719,-118.745 34.072))
201811091648,5,2,
Pattern Matcher : 5
201811091703,0,2,201811091731,3,2,
boundary: POLYGON((-118.896 34.1264,-118.874 34.1535,-118.842 34.1987,-118.831 34.262,-118.831 34.2711,-118.82 34.2711,-118.809 34.2711,-118.788 34.271,-118.777 34.271,-118.766 34.2619,-118.755 34.2438,-118.744 34.2348,-118.69 34.2347,-118.68 34.2437,-118.669 34.2346,-118.658 34.2165,-118.647 34.2074,-118.647 34.1984,-118.658 34.1894,-118.68 34.1442,-118.691 34.0809,-118.702 34.0719,-118.745 34.0539,-118.756 34.0539,-118.767 34.0539,-118.777 34.0539,-118.788 34.0539,-118.799 34.054,-118.81 34.054,-118.831 34.054,-118.842 34.054,-118.875 34.054,-118.896 34.0631,-118.915 34.0752,-118.93 34.1122,-118.896 34.1264))
201811091744,5,2,
Pattern Matcher : 6
201811091804,0,2,201811091835,3,2,
boundary: POLYGON((-118.907 34.1355,-118.907 34.1355,-118.961 34.1355,-118.918 34.1536,-118.896 34.1716,-118.885 34.1807,-118.831 34.262,-118.831 34.2711,-118.82 34.2711,-118.809 34.2711,-118.788 34.271,-118.777 34.271,-118.766 34.2619,-118.755 34.2438,-118.744 34.2348,-118.69 34.2347,-118.68 34.2437,-118.669 34.2346,-118.669 34.2256,-118.669 34.2165,-118.68 34.1985,-118.701 34.1352,-118.702 34.1261,-118.691 34.0809,-118.702 34.0719,-118.713 34.0538,-118.723 34.0448,-118.767 34.0268,-118.777 34.0268,-118.788 34.0268,-118.81 34.0268,-118.821 34.0268,-118.853 34.0269,-118.875 34.0359,-118.879 34.0382,-118.875 34.045,-118.907 34.1355,-118.907 34.1355))
201811091842,5,2,
Pattern Matcher : 7
201811091905,0,2,201811091927,3,2,
boundary: POLYGON((-118.881 34.0346,-118.875 34.045,-118.88 34.0791,-118.885 34.1083,-118.896 34.1174,-118.939 34.1355,-118.918 34.1355,-118.874 34.1535,-118.842 34.1987,-118.809 34.2439,-118.799 34.2439,-118.788 34.2439,-118.777 34.2348,-118.69 34.2347,-118.68 34.2437,-118.669 34.2346,-118.658 34.2165,-118.647 34.2074,-118.647 34.1984,-118.658 34.1803,-118.669 34.1713,-118.702 34.1261,-118.691 34.0809,-118.702 34.0719,-118.713 34.0538,-118.723 34.0357,-118.734 34.0267,-118.745 34.0267,-118.756 34.0268,-118.767 34.0268,-118.777 34.0268,-118.788 34.0268,-118.81 34.0268,-118.821 34.0268,-118.853 34.0269,-118.881 34.0346))
201811091934,5,2,
Pattern Matcher : 8
201811092002,0,2,201811092034,3,2,
boundary: POLYGON((-118.904 34.0881,-118.907 34.0902,-118.966 34.1314,-118.961 34.1355,-118.95 34.1355,-118.918 34.1355,-118.874 34.1535,-118.864 34.1535,-118.82 34.1716,-118.81 34.1806,-118.799 34.1987,-118.788 34.1987,-118.734 34.2348,-118.723 34.2438,-118.68 34.2437,-118.669 34.2346,-118.658 34.2165,-118.647 34.2074,-118.647 34.1984,-118.658 34.1803,-118.68 34.1442,-118.691 34.0809,-118.702 34.0719,-118.713 34.0538,-118.723 34.0357,-118.734 34.0267,-118.745 34.0086,-118.756 33.9996,-118.767 33.9996,-118.799 33.9997,-118.831 33.9997,-118.864 34.0088,-118.867 34.0088,-118.896 34.0812,-118.904 34.0881))
201811092039,5,2,
Pattern Matcher : 9
201811092103,0,2,201811092137,3,2,
boundary: POLYGON((-118.972 34.072,-118.972 34.0721,-118.983 34.0902,-118.983 34.0905,-118.983 34.0993,-118.983 34.1083,-118.972 34.1083,-118.929 34.1264,-118.918 34.1355,-118.874 34.1535,-118.864 34.1535,-118.831 34.1535,-118.799 34.1444,-118.788 34.1444,-118.745 34.1624,-118.734 34.2257,-118.734 34.2348,-118.723 34.2438,-118.712 34.2618,-118.701 34.2618,-118.69 34.2618,-118.68 34.2437,-118.669 34.2346,-118.658 34.2165,-118.647 34.2074,-118.647 34.1984,-118.647 34.1622,-118.647 34.1532,-118.647 34.1441,-118.658 34.126,-118.669 34.117,-118.691 34.0809,-118.702 34.0719,-118.713 34.0538,-118.723 34.0357,-118.734 34.0267,-118.745 34.0086,-118.756 33.9996,-118.767 33.9996,-118.799 33.9997,-118.81 34.0087,-118.853 34.0269,-118.885 34.0359,-118.896 34.036,-118.907 34.036,-118.929 34.036,-118.939 34.036,-118.95 34.045,-118.961 34.0631,-118.972 34.072))
201811092143,5,2,
Pattern Matcher : 10
201811092205,0,2,201811092259,3,2,
boundary: POLYGON((-118.961 34.0632,-118.972 34.0721,-119.007 34.1309,-119.004 34.1355,-118.993 34.1355,-118.95 34.1536,-118.939 34.1626,-118.929 34.1536,-118.874 34.1535,-118.864 34.1535,-118.853 34.1445,-118.799 34.1444,-118.788 34.1444,-118.745 34.1624,-118.734 34.1714,-118.712 34.2076,-118.701 34.2166,-118.69 34.2347,-118.68 34.2437,-118.647 34.2346,-118.636 34.2345,-118.625 34.2255,-118.625 34.2164,-118.647 34.1984,-118.658 34.1351,-118.658 34.126,-118.669 34.0628,-118.669 34.0537,-118.68 34.0447,-118.691 34.0447,-118.723 34.0357,-118.734 34.0267,-118.745 34.0086,-118.756 33.9996,-118.767 33.9996,-118.782 33.9997,-118.799 34.0087,-118.804 33.9997,-118.831 33.9997,-118.864 34.0088,-118.875 34.0088,-118.907 34.0088,-118.918 34.0088,-118.939 34.0088,-118.939 34.036,-118.95 34.045,-118.961 34.0631,-118.961 34.0632))
201811092259,5,2,
Pattern Matcher : 11
201811092319,0,2,201811092359,3,2,
boundary: POLYGON((-119.016 34.091,-119.026 34.0993,-119.027 34.0997,-119.03 34.1011,-119.026 34.1083,-119.015 34.1174,-118.972 34.1264,-118.961 34.1355,-118.95 34.1355,-118.918 34.1355,-118.885 34.1264,-118.875 34.1264,-118.853 34.1264,-118.842 34.1264,-118.799 34.1444,-118.788 34.1444,-118.777 34.1444,-118.756 34.1443,-118.712 34.1985,-118.712 34.2076,-118.701 34.2166,-118.69 34.2166,-118.658 34.2165,-118.647 34.2074,-118.647 34.1984,-118.653 34.1667,-118.691 34.1442,-118.701 34.1352,-118.712 34.1262,-118.723 34.1081,-118.734 34.09,-118.745 34.072,-118.756 34.0629,-118.777 34.0268,-118.79 33.9997,-118.799 33.9997,-118.831 33.9997,-118.842 34.0088,-118.907 34.0088,-118.918 34.0088,-118.95 34.0088,-118.961 34.0179,-118.972 34.036,-118.983 34.045,-119.004 34.054,-119.004 34.0721,-119.015 34.0902,-119.016 34.091))
201811092359,5,2,
Pattern Matcher : 12
201811100006,0,2,201811100039,3,2,
boundary: POLYGON((-119.019 34.0932,-119.004 34.0902,-118.983 34.0812,-118.95 34.0812,-118.939 34.0812,-118.918 34.0721,-118.907 34.054,-118.896 34.045,-118.889 34.0329,-118.896 34.036,-118.907 34.036,-118.929 34.036,-118.939 34.036,-118.972 34.036,-118.983 34.045,-118.993 34.0631,-119.004 34.0721,-119.015 34.0902,-119.019 34.0932))
201811100046,5,2,
Pattern Matcher : 13
201811100008,0,2,201811100039,3,2,
boundary: POLYGON((-118.777 34.0901,-118.788 34.0811,-118.799 34.0901,-118.799 34.0992,-118.788 34.1082,-118.777 34.0991,-118.777 34.0901))
201811100046,5,2,
Pattern Matcher : 14
201811100008,0,2,201811100039,3,2,
boundary: POLYGON((-118.777 34.0901,-118.788 34.0811,-118.799 34.0901,-118.799 34.0992,-118.788 34.1082,-118.777 34.0991,-118.777 34.0901))
201811100127,5,2,
Pattern Matcher : 15
201811101806,0,2,201811101826,3,2,
boundary: POLYGON((-118.929 34.0902,-118.939 34.0902,-118.95 34.0902,-118.95 34.0993,-118.939 34.1083,-118.929 34.1083,-118.918 34.0993,-118.918 34.0902,-118.929 34.0902))
201811101829,5,2,
Pattern Matcher : 16
201811101905,0,2,201811101923,3,2,
boundary: POLYGON((-118.918 34.0902,-118.929 34.0902,-118.939 34.0902,-118.95 34.0902,-118.972 34.1174,-118.972 34.1264,-118.961 34.1355,-118.95 34.1355,-118.918 34.1355,-118.907 34.1264,-118.907 34.1174,-118.907 34.1083,-118.918 34.0902))
201811101926,5,2,
Pattern Matcher : 17
201811102003,0,2,201811102026,3,2,
boundary: POLYGON((-118.702 34.0719,-118.712 34.0719,-118.723 34.081,-118.723 34.09,-118.712 34.09,-118.702 34.09,-118.691 34.0809,-118.702 34.0719))
201811102031,5,2,
Pattern Matcher : 18
201811102003,0,2,201811102028,3,2,
boundary: POLYGON((-118.896 34.0812,-118.929 34.0902,-118.939 34.0902,-118.95 34.0902,-118.972 34.1174,-118.972 34.1264,-118.961 34.1355,-118.95 34.1355,-118.918 34.1355,-118.907 34.1264,-118.896 34.1083,-118.885 34.0993,-118.885 34.0902,-118.896 34.0812))
201811102031,5,2,
Pattern Matcher : 19
201811102104,0,2,201811102147,3,2,
boundary: POLYGON((-118.702 34.0719,-118.712 34.0719,-118.734 34.0719,-118.745 34.072,-118.756 34.081,-118.756 34.0901,-118.745 34.0991,-118.712 34.09,-118.702 34.09,-118.691 34.0809,-118.702 34.0719))
201811102153,5,2,
Pattern Matcher : 20
201811102104,0,2,201811102148,3,2,
boundary: POLYGON((-118.896 34.0812,-118.929 34.0902,-118.939 34.0902,-118.95 34.0902,-118.961 34.0902,-118.972 34.0902,-118.983 34.0902,-118.983 34.0993,-118.983 34.1083,-118.993 34.1445,-118.993 34.1536,-118.983 34.1626,-118.972 34.1626,-118.961 34.1536,-118.918 34.1355,-118.907 34.1264,-118.896 34.1083,-118.885 34.0993,-118.885 34.0902,-118.896 34.0812))
201811102153,5,2,
Pattern Matcher : 21
201811102204,0,2,201811102232,3,2,
boundary: POLYGON((-118.929 34.0902,-118.939 34.0902,-118.95 34.0902,-118.961 34.0902,-118.972 34.0902,-118.983 34.0902,-118.983 34.0993,-118.983 34.1083,-118.972 34.1264,-118.961 34.1355,-118.95 34.1355,-118.939 34.1264,-118.929 34.1083,-118.918 34.0993,-118.918 34.0902,-118.929 34.0902))
201811102237,5,2,
event stream queue is empty now!
perform 1loadshedding
eventCn 1499
#full Match 21
#high latecny (> 150)6
#NumPartialMatch 22
#NumDropedPM 0
#NumDropedInputEvents 0
avg latency: 287
expression size: 0
