c06
c07
c07MinusC14
c06
c07
c07MinusC14
c07
c07
c07
c07MinusC14
c07MinusC14
c07MinusC14
c07
c07MinusC14
c06
c06
c06
c06
Pattern Matcher : 1
201910240545,6,2,201910240549,3,2,
boundary: POLYGON((-122.746 38.7706,-122.746 38.7706,-122.792 38.7706,-122.801 38.7783,-122.803 38.7796,-122.815 38.7796,-122.825 38.7952,-122.826 38.7976,-122.827 38.7984,-122.838 38.8066,-122.838 38.8157,-122.838 38.8247,-122.826 38.8247,-122.824 38.8228,-122.815 38.8157,-122.815 38.8157,-122.815 38.8157,-122.803 38.8157,-122.792 38.8157,-122.78 38.8157,-122.769 38.8157,-122.757 38.8157,-122.757 38.8067,-122.734 38.7886,-122.734 38.7884,-122.723 38.7796,-122.733 38.7638,-122.734 38.7615,-122.746 38.7706,-122.746 38.7706))
201910240508,2,2,
Pattern Matcher : 2
201910240659,6,2,201910240659,3,2,
boundary: POLYGON((-122.803 38.7435,-122.804 38.7442,-122.815 38.7525,-122.826 38.7525,-122.826 38.7615,-122.849 38.7796,-122.861 38.7796,-122.861 38.7886,-122.849 38.7976,-122.838 38.7976,-122.826 38.7886,-122.815 38.7886,-122.803 38.7976,-122.792 38.7976,-122.792 38.7976,-122.781 38.7891,-122.78 38.7886,-122.78 38.7886,-122.78 38.7886,-122.769 38.7886,-122.746 38.7616,-122.746 38.7442,-122.746 38.7435,-122.757 38.7435,-122.769 38.7435,-122.792 38.7435,-122.803 38.7435))
201910240608,2,2,
Pattern Matcher : 3
201910240747,6,2,201910240751,3,2,
boundary: POLYGON((-122.838 38.7255,-122.838 38.7345,-122.861 38.7525,-122.872 38.7525,-122.872 38.7615,-122.872 38.7705,-122.861 38.7886,-122.849 38.7976,-122.849 38.7976,-122.838 38.7976,-122.828 38.7898,-122.826 38.7886,-122.826 38.7886,-122.826 38.7886,-122.815 38.7886,-122.815 38.7886,-122.815 38.7886,-122.806 38.7955,-122.803 38.7976,-122.792 38.7976,-122.781 38.7891,-122.78 38.7886,-122.78 38.7886,-122.78 38.7886,-122.769 38.7886,-122.769 38.7883,-122.78 38.7706,-122.792 38.7525,-122.792 38.7435,-122.803 38.7255,-122.814 38.7167,-122.815 38.7165,-122.824 38.7241,-122.826 38.7255,-122.838 38.7255))
201910240711,2,2,
Pattern Matcher : 4
201910240849,6,2,201910240852,3,2,
boundary: POLYGON((-122.814 38.7167,-122.815 38.7165,-122.824 38.7241,-122.826 38.7255,-122.838 38.7255,-122.838 38.7345,-122.861 38.7525,-122.872 38.7525,-122.872 38.7615,-122.872 38.7705,-122.861 38.7886,-122.849 38.7976,-122.849 38.7976,-122.838 38.7976,-122.828 38.7898,-122.826 38.7886,-122.826 38.7886,-122.826 38.7886,-122.815 38.7886,-122.815 38.7886,-122.815 38.7886,-122.803 38.7706,-122.792 38.7616,-122.792 38.7525,-122.792 38.7435,-122.803 38.7255,-122.814 38.7167))
201910240809,2,2,
Pattern Matcher : 5
201910240940,6,2,201910240944,3,2,
boundary: POLYGON((-122.801 38.7688,-122.792 38.7616,-122.792 38.7616,-122.792 38.7616,-122.78 38.7435,-122.769 38.7345,-122.757 38.7345,-122.757 38.7255,-122.757 38.7164,-122.769 38.7164,-122.78 38.7164,-122.792 38.7255,-122.792 38.7254,-122.792 38.7255,-122.815 38.7165,-122.824 38.7241,-122.826 38.7255,-122.838 38.7255,-122.838 38.7345,-122.861 38.7525,-122.872 38.7525,-122.872 38.7615,-122.872 38.7705,-122.861 38.7705,-122.849 38.7706,-122.838 38.7706,-122.815 38.7706,-122.803 38.7706,-122.801 38.7688))
201910240906,2,2,
Pattern Matcher : 6
201910241033,6,2,201910241039,3,2,
boundary: POLYGON((-122.824 38.7241,-122.826 38.7255,-122.838 38.7255,-122.838 38.7345,-122.861 38.7525,-122.869 38.7525,-122.872 38.7525,-122.872 38.7615,-122.872 38.7705,-122.861 38.7705,-122.855 38.7706,-122.849 38.7706,-122.838 38.7706,-122.815 38.7706,-122.803 38.7706,-122.801 38.7688,-122.792 38.7616,-122.792 38.7609,-122.792 38.7525,-122.792 38.7435,-122.803 38.7255,-122.814 38.7167,-122.815 38.7165,-122.824 38.7241))
201910241008,2,2,
Pattern Matcher : 7
201910241146,6,2,201910241155,3,2,
boundary: POLYGON((-122.815 38.7164,-122.826 38.7255,-122.838 38.7255,-122.838 38.7345,-122.838 38.7435,-122.826 38.7435,-122.815 38.7435,-122.803 38.7345,-122.803 38.7255,-122.815 38.7164))
201910241106,2,2,
Pattern Matcher : 8
201910241244,6,2,201910241248,3,2,
boundary: POLYGON((-122.86 38.7159,-122.872 38.7254,-122.884 38.7254,-122.884 38.7344,-122.884 38.7435,-122.872 38.7435,-122.861 38.7435,-122.849 38.7435,-122.838 38.7435,-122.826 38.7435,-122.815 38.7435,-122.803 38.7345,-122.792 38.7164,-122.78 38.7074,-122.769 38.7074,-122.769 38.6991,-122.769 38.6984,-122.779 38.69,-122.78 38.6894,-122.792 38.6894,-122.826 38.6894,-122.849 38.6984,-122.849 38.7074,-122.86 38.7159))
201910241207,2,2,
Pattern Matcher : 9
201910241357,6,2,201910241359,3,2,
boundary: POLYGON((-122.895 38.7074,-122.895 38.7164,-122.884 38.7164,-122.872 38.7164,-122.861 38.7164,-122.838 38.7345,-122.838 38.7435,-122.826 38.7435,-122.815 38.7435,-122.803 38.7345,-122.792 38.7164,-122.78 38.7074,-122.769 38.7074,-122.769 38.6984,-122.78 38.6894,-122.792 38.6894,-122.826 38.6894,-122.849 38.6984,-122.861 38.6984,-122.872 38.6984,-122.883 38.6984,-122.883 38.6984,-122.895 38.7074))
201910241309,2,2,
Pattern Matcher : 10
201910241458,6,2,201910241459,3,2,
boundary: POLYGON((-122.826 38.6894,-122.826 38.6894,-122.849 38.6984,-122.849 38.7074,-122.849 38.7074,-122.849 38.7164,-122.838 38.7164,-122.826 38.7164,-122.815 38.7074,-122.815 38.6984,-122.826 38.6894))
201910241410,2,2,
Pattern Matcher : 11
201910241659,6,2,201910241659,3,2,
boundary: POLYGON((-122.826 38.7706,-122.829 38.7726,-122.838 38.7796,-122.838 38.7796,-122.838 38.7796,-122.861 38.7796,-122.861 38.7886,-122.852 38.7954,-122.849 38.7976,-122.838 38.7976,-122.828 38.7898,-122.826 38.7886,-122.826 38.7886,-122.826 38.7886,-122.815 38.7886,-122.825 38.7725,-122.826 38.7706))
201910241659,2,2,
Pattern Matcher : 12
201910241659,6,2,201910241759,3,2,
boundary: POLYGON((-122.803 38.7435,-122.804 38.7442,-122.815 38.7525,-122.826 38.7525,-122.826 38.7615,-122.849 38.7796,-122.861 38.7796,-122.861 38.7886,-122.852 38.7954,-122.849 38.7976,-122.838 38.7976,-122.828 38.7898,-122.826 38.7886,-122.826 38.7886,-122.826 38.7886,-122.815 38.7886,-122.805 38.7733,-122.803 38.7706,-122.801 38.7688,-122.792 38.7616,-122.792 38.7616,-122.792 38.7616,-122.78 38.7435,-122.78 38.7435,-122.792 38.7435,-122.803 38.7435))
201910241659,2,2,
Pattern Matcher : 13
201910241759,6,2,201910241759,3,2,
boundary: POLYGON((-122.803 38.7435,-122.804 38.7442,-122.815 38.7525,-122.826 38.7525,-122.826 38.7615,-122.849 38.7796,-122.861 38.7796,-122.861 38.7886,-122.852 38.7954,-122.849 38.7976,-122.838 38.7976,-122.828 38.7898,-122.826 38.7886,-122.826 38.7886,-122.826 38.7886,-122.815 38.7886,-122.805 38.7733,-122.803 38.7706,-122.801 38.7688,-122.792 38.7616,-122.792 38.7616,-122.792 38.7616,-122.78 38.7435,-122.78 38.7435,-122.792 38.7435,-122.803 38.7435))
201910241659,2,2,
Pattern Matcher : 14
201910241759,6,2,201910241759,3,2,
boundary: POLYGON((-122.746 38.7435,-122.757 38.7435,-122.769 38.7435,-122.792 38.7435,-122.803 38.7435,-122.804 38.7442,-122.815 38.7525,-122.826 38.7525,-122.826 38.7615,-122.849 38.7796,-122.861 38.7796,-122.861 38.7886,-122.852 38.7954,-122.849 38.7976,-122.838 38.7976,-122.828 38.7898,-122.826 38.7886,-122.826 38.7886,-122.826 38.7886,-122.815 38.7886,-122.805 38.7733,-122.803 38.7706,-122.801 38.7688,-122.792 38.7616,-122.792 38.7616,-122.792 38.7616,-122.78 38.7616,-122.769 38.7704,-122.759 38.7634,-122.757 38.7616,-122.746 38.7616,-122.746 38.7435))
201910241720,2,2,
Pattern Matcher : 15
201910241859,6,2,201910241859,3,2,
boundary: POLYGON((-122.655 37.8862,-122.655 37.8863,-122.655 37.8953,-122.653 37.897,-122.644 37.9043,-122.632 37.9043,-122.624 37.8975,-122.621 37.8953,-122.621 37.8863,-122.621 37.8773,-122.632 37.8773,-122.655 37.8862))
201910241823,2,2,
Pattern Matcher : 16
201910241859,6,2,201910241859,3,2,
boundary: POLYGON((-122.824 38.7241,-122.826 38.7255,-122.838 38.7255,-122.838 38.7345,-122.838 38.7435,-122.847 38.7733,-122.849 38.7796,-122.861 38.7796,-122.861 38.7886,-122.852 38.7954,-122.849 38.7976,-122.838 38.7976,-122.828 38.7898,-122.826 38.7886,-122.826 38.7886,-122.826 38.7886,-122.815 38.7886,-122.815 38.7886,-122.815 38.7886,-122.806 38.7955,-122.803 38.7976,-122.792 38.7976,-122.781 38.7891,-122.78 38.7886,-122.78 38.7886,-122.78 38.7886,-122.769 38.7886,-122.746 38.7616,-122.746 38.7525,-122.746 38.7435,-122.756 38.7269,-122.757 38.7255,-122.757 38.7164,-122.769 38.7164,-122.78 38.7164,-122.792 38.7255,-122.792 38.7254,-122.792 38.7255,-122.815 38.7165,-122.824 38.7241))
201910241827,2,2,
Pattern Matcher : 17
201910241959,6,2,201910241959,3,2,
boundary: POLYGON((-122.802 38.7417,-122.803 38.7435,-122.804 38.7442,-122.815 38.7525,-122.826 38.7525,-122.826 38.7615,-122.849 38.7796,-122.861 38.7796,-122.861 38.7886,-122.852 38.7954,-122.849 38.7976,-122.838 38.7976,-122.828 38.7898,-122.826 38.7886,-122.826 38.7886,-122.826 38.7886,-122.815 38.7886,-122.805 38.7733,-122.803 38.7706,-122.801 38.7688,-122.792 38.7616,-122.781 38.7453,-122.78 38.7435,-122.779 38.7428,-122.769 38.7345,-122.769 38.7345,-122.769 38.7345,-122.757 38.7345,-122.757 38.7255,-122.757 38.7164,-122.769 38.7164,-122.78 38.7164,-122.792 38.7255,-122.802 38.7417))
201910241934,2,2,
Pattern Matcher : 18
201910242059,6,2,201910242059,3,2,
boundary: POLYGON((-122.792 38.7976,-122.792 38.7976,-122.781 38.7891,-122.78 38.7886,-122.78 38.7886,-122.78 38.7886,-122.769 38.7886,-122.779 38.772,-122.78 38.7706,-122.78 38.7435,-122.779 38.7428,-122.769 38.7345,-122.769 38.7345,-122.769 38.7345,-122.757 38.7345,-122.757 38.7255,-122.757 38.7164,-122.769 38.7164,-122.78 38.7164,-122.792 38.7255,-122.792 38.7345,-122.792 38.7706,-122.801 38.7783,-122.803 38.7796,-122.815 38.7796,-122.803 38.7976,-122.792 38.7976))
201910242046,2,2,
Pattern Matcher : 19
201910242059,6,2,201910242159,3,2,201910242042,2,2,
Pattern Matcher : 20
201910242059,6,2,201910242159,3,2,
boundary: POLYGON((-122.792 38.7609,-122.781 38.7453,-122.78 38.7435,-122.779 38.7428,-122.769 38.7345,-122.769 38.7345,-122.769 38.7345,-122.757 38.7345,-122.757 38.7255,-122.757 38.7164,-122.769 38.7164,-122.78 38.7164,-122.792 38.7255,-122.792 38.7345,-122.792 38.7609))
201910242046,2,2,
Pattern Matcher : 21
201910242159,6,2,201910242159,3,2,
boundary: POLYGON((-122.792 38.7609,-122.781 38.7453,-122.78 38.7435,-122.779 38.7428,-122.769 38.7345,-122.769 38.7345,-122.769 38.7345,-122.757 38.7345,-122.757 38.7255,-122.757 38.7164,-122.769 38.7164,-122.78 38.7164,-122.792 38.7255,-122.792 38.7345,-122.792 38.7609))
201910242046,2,2,
Pattern Matcher : 22
201910242159,6,2,201910242159,3,2,
boundary: POLYGON((-122.801 38.7688,-122.792 38.7616,-122.792 38.7609,-122.792 38.7525,-122.792 38.7435,-122.803 38.7435,-122.804 38.7442,-122.815 38.7525,-122.826 38.7525,-122.826 38.7615,-122.815 38.7706,-122.803 38.7706,-122.801 38.7688))
201910242148,2,2,
Pattern Matcher : 23
201910242159,6,2,201910242159,3,2,201910242042,2,2,
Pattern Matcher : 24
201910242159,6,2,201910242220,3,2,
boundary: POLYGON((-122.801 38.7688,-122.792 38.7616,-122.792 38.7609,-122.792 38.7525,-122.792 38.7435,-122.803 38.7435,-122.804 38.7442,-122.815 38.7525,-122.826 38.7525,-122.826 38.7615,-122.815 38.7706,-122.803 38.7706,-122.801 38.7688))
201910242148,2,2,
event stream queue is empty now!
perform 1loadshedding
eventCn 2597
#full Match 24
#high latecny (> 150)9
#NumPartialMatch 39
#NumDropedPM 0
#NumDropedInputEvents 0
avg latency: 1416
expression size: 0
