c01
c07MinusC14
c16
c01
c07MinusC14
c16
c01
c01
c01
c07MinusC14
c07MinusC14
c07MinusC14
c01
c07MinusC14
c16
c16
c16
c16
Pattern Matcher : 1
201910241802,0,2,201910241859,3,2,
boundary: POLYGON((-122.621 37.8773,-122.632 37.8773,-122.655 37.8863,-122.655 37.8953,-122.644 37.9043,-122.632 37.9043,-122.621 37.8953,-122.621 37.8863,-122.621 37.8773))
201910241859,5,2,
Pattern Matcher : 2
201910241802,0,2,201910241859,3,2,
boundary: POLYGON((-122.815 38.7165,-122.824 38.7241,-122.826 38.7255,-122.838 38.7255,-122.838 38.7345,-122.838 38.7435,-122.847 38.7733,-122.849 38.7796,-122.861 38.7796,-122.861 38.7886,-122.852 38.7954,-122.849 38.7976,-122.838 38.7976,-122.826 38.7886,-122.815 38.7886,-122.803 38.7976,-122.792 38.7976,-122.781 38.7891,-122.78 38.7886,-122.78 38.7886,-122.78 38.7886,-122.769 38.7886,-122.779 38.772,-122.78 38.7706,-122.78 38.7435,-122.779 38.7428,-122.769 38.7345,-122.769 38.7345,-122.769 38.7345,-122.757 38.7345,-122.757 38.7255,-122.757 38.7254,-122.757 38.7164,-122.769 38.7164,-122.78 38.7164,-122.792 38.7255,-122.815 38.7165))
201910241859,5,2,
Pattern Matcher : 3
201910241902,0,2,201910241959,3,2,
boundary: POLYGON((-122.838 38.7706,-122.838 38.7706,-122.815 38.7706,-122.803 38.7706,-122.801 38.7688,-122.792 38.7616,-122.792 38.7525,-122.792 38.7435,-122.792 38.7255,-122.803 38.7435,-122.815 38.7525,-122.826 38.7525,-122.826 38.7615,-122.838 38.7706))
201910241959,5,2,
event stream queue is empty now!
perform 0loadshedding
eventCn 2597
#full Match 3
#high latecny (> 150)1
#NumPartialMatch 12
#NumDropedPM 0
#NumDropedInputEvents 0
avg latency: 334
expression size: 0
