c01
c07MinusC14
c07
c01
c07MinusC14
c07
c01
c01
c01
c07MinusC14
c07MinusC14
c07MinusC14
c01
c07MinusC14
c07
c07
c07
c07
Pattern Matcher : 1
201910241512,0,2,201910241559,3,2,
boundary: POLYGON((-122.828 38.7898,-122.826 38.7886,-122.826 38.7886,-122.826 38.7886,-122.815 38.7886,-122.803 38.7706,-122.792 38.7616,-122.792 38.7525,-122.792 38.7435,-122.803 38.7255,-122.815 38.7074,-122.815 38.6984,-122.826 38.6894,-122.849 38.6984,-122.849 38.7074,-122.849 38.7164,-122.838 38.7345,-122.838 38.7435,-122.849 38.7796,-122.861 38.7796,-122.861 38.7886,-122.849 38.7976,-122.838 38.7976,-122.828 38.7898))
201910241559,6,2,
Pattern Matcher : 2
201910241601,0,2,201910241659,3,2,
boundary: POLYGON((-122.838 38.7796,-122.849 38.7796,-122.861 38.7796,-122.861 38.7886,-122.849 38.7976,-122.838 38.7976,-122.826 38.7886,-122.815 38.7886,-122.826 38.7706,-122.838 38.7796))
201910241659,6,2,
Pattern Matcher : 3
201910241702,0,2,201910241759,3,2,
boundary: POLYGON((-122.746 38.7435,-122.757 38.7435,-122.769 38.7435,-122.792 38.7435,-122.803 38.7435,-122.815 38.7525,-122.826 38.7525,-122.826 38.7615,-122.849 38.7796,-122.861 38.7796,-122.861 38.7886,-122.849 38.7976,-122.838 38.7976,-122.826 38.7886,-122.815 38.7886,-122.803 38.7706,-122.792 38.7616,-122.78 38.7616,-122.769 38.7706,-122.757 38.7616,-122.746 38.7616,-122.746 38.7525,-122.746 38.7435))
201910241759,6,2,
Pattern Matcher : 4
201910241802,0,2,201910241859,3,2,
boundary: POLYGON((-122.655 37.8863,-122.655 37.8953,-122.644 37.9043,-122.632 37.9043,-122.621 37.8953,-122.621 37.8863,-122.621 37.8773,-122.632 37.8773,-122.655 37.8862,-122.655 37.8863))
201910241859,6,2,
Pattern Matcher : 5
201910241802,0,2,201910241859,3,2,
boundary: POLYGON((-122.826 38.7255,-122.838 38.7255,-122.838 38.7345,-122.838 38.7435,-122.849 38.7796,-122.861 38.7796,-122.861 38.7886,-122.849 38.7976,-122.838 38.7976,-122.826 38.7886,-122.815 38.7886,-122.803 38.7976,-122.792 38.7976,-122.78 38.7886,-122.769 38.7886,-122.746 38.7616,-122.746 38.7525,-122.746 38.7435,-122.757 38.7255,-122.757 38.7164,-122.769 38.7164,-122.78 38.7164,-122.792 38.7255,-122.815 38.7164,-122.826 38.7255))
201910241859,6,2,
Pattern Matcher : 6
201910241902,0,2,201910241959,3,2,
boundary: POLYGON((-122.757 38.7164,-122.769 38.7164,-122.78 38.7164,-122.792 38.7255,-122.803 38.7435,-122.815 38.7525,-122.826 38.7525,-122.826 38.7615,-122.849 38.7796,-122.861 38.7796,-122.861 38.7886,-122.849 38.7976,-122.838 38.7976,-122.826 38.7886,-122.815 38.7886,-122.803 38.7706,-122.792 38.7616,-122.78 38.7435,-122.769 38.7345,-122.757 38.7345,-122.757 38.7255,-122.757 38.7164))
201910241959,6,2,
Pattern Matcher : 7
201910242003,0,2,201910242059,3,2,
boundary: POLYGON((-122.838 38.8247,-122.838 38.8247,-122.826 38.8247,-122.824 38.8228,-122.815 38.8157,-122.815 38.8157,-122.815 38.8157,-122.803 38.8157,-122.803 38.8157,-122.792 38.7976,-122.78 38.7886,-122.769 38.7886,-122.78 38.7706,-122.78 38.7435,-122.769 38.7345,-122.757 38.7345,-122.757 38.7255,-122.757 38.7164,-122.769 38.7164,-122.78 38.7164,-122.792 38.7255,-122.792 38.7345,-122.792 38.7706,-122.803 38.7796,-122.815 38.7796,-122.826 38.7976,-122.838 38.8066,-122.838 38.8247))
201910242059,6,2,
Pattern Matcher : 8
201910242003,0,2,201910242059,3,2,
boundary: POLYGON((-122.274 39.1867,-122.272 39.1873,-122.265 39.1889,-122.271 39.1845,-122.274 39.1867))
201910242059,6,2,
Pattern Matcher : 9
201910242103,0,2,201910242159,3,2,
boundary: POLYGON((-122.884 38.7705,-122.884 38.7705,-122.861 38.7886,-122.852 38.7954,-122.849 38.7976,-122.843 38.8066,-122.838 38.7976,-122.826 38.7886,-122.815 38.7886,-122.803 38.7706,-122.792 38.7616,-122.78 38.7435,-122.769 38.7345,-122.757 38.7345,-122.757 38.7255,-122.757 38.7164,-122.769 38.7164,-122.78 38.7164,-122.792 38.7255,-122.803 38.7435,-122.815 38.7525,-122.826 38.7525,-122.838 38.7525,-122.849 38.7525,-122.861 38.7525,-122.872 38.7525,-122.872 38.7615,-122.884 38.7705,-122.884 38.7705))
201910242159,6,2,
Pattern Matcher : 10
201910242103,0,2,201910242159,3,2,201910242159,6,2,
Pattern Matcher : 11
201910242103,0,2,201910242220,3,2,
boundary: POLYGON((-122.884 38.7705,-122.884 38.7705,-122.861 38.7886,-122.852 38.7954,-122.849 38.7976,-122.843 38.8066,-122.838 38.7976,-122.826 38.7886,-122.815 38.7886,-122.803 38.7706,-122.792 38.7616,-122.78 38.7435,-122.769 38.7345,-122.757 38.7345,-122.757 38.7255,-122.757 38.7164,-122.769 38.7164,-122.78 38.7164,-122.792 38.7255,-122.803 38.7435,-122.815 38.7525,-122.826 38.7525,-122.838 38.7525,-122.849 38.7525,-122.861 38.7525,-122.872 38.7525,-122.872 38.7615,-122.884 38.7705,-122.884 38.7705))
201910242159,6,2,
Pattern Matcher : 12
201910242302,0,2,201910242359,3,2,
boundary: POLYGON((-122.769 38.7345,-122.769 38.7345,-122.757 38.7345,-122.757 38.7255,-122.757 38.7164,-122.769 38.7164,-122.78 38.7164,-122.78 38.7164,-122.792 38.7255,-122.803 38.7435,-122.815 38.7525,-122.826 38.7525,-122.826 38.7615,-122.815 38.7706,-122.803 38.7706,-122.792 38.7616,-122.78 38.7436,-122.78 38.7435,-122.779 38.7428,-122.769 38.7345,-122.769 38.7345))
201910242359,6,2,
event stream queue is empty now!
perform 1loadshedding
eventCn 2597
#full Match 12
#high latecny (> 150)2
#NumPartialMatch 22
#NumDropedPM 0
#NumDropedInputEvents 0
avg latency: 166
expression size: 0
