consumption and contribution for event A on v1
time slice 1
1 , 713515 , 388590
2 , 671849 , 346965
3 , 627579 , 302951
4 , 582197 , 259189
5 , 534585 , 214476
6 , 502724 , 175098
7 , 451973 , 128875
8 , 411638 , 87529
9 , 368750 , 43441
10 , 321207 , 0
===============================================
time slice 2
===============================================
time slice 3
===============================================
time slice 4
===============================================
===============================================
consumption and contribution for event B on v1
time slice 1
1 , 249873 , 171476
2 , 229397 , 151358
3 , 209037 , 131645
4 , 192874 , 114028
5 , 171101 , 93472
6 , 153662 , 75484
7 , 134937 , 56772
8 , 113879 , 37205
9 , 96336 , 19070
10 , 77369 , 0
===============================================
time slice 1
1 , 201347 , 171476
2 , 187505 , 151358
3 , 171244 , 131645
4 , 160922 , 114028
5 , 145822 , 93472
6 , 132492 , 75484
7 , 119443 , 56772
8 , 103080 , 37205
9 , 90937 , 19070
10 , 77175 , 0
===============================================
time slice 1
1 , 150832 , 171476
2 , 143300 , 151358
3 , 133700 , 131645
4 , 128879 , 114028
5 , 117528 , 93472
6 , 110986 , 75484
7 , 102015 , 56772
8 , 92425 , 37205
9 , 84912 , 19070
10 , 77025 , 0
===============================================
time slice 1
1 , 102639 , 171476
2 , 100379 , 151358
3 , 95696 , 131645
4 , 96031 , 114028
5 , 91848 , 93472
6 , 89214 , 75484
7 , 86306 , 56772
8 , 82024 , 37205
9 , 80184 , 19070
10 , 77091 , 0
===============================================
===============================================
contribution for event C on v1
time slice 1
2 , 44067 , 44067
3 , 87900 , 87900
4 , 129049 , 129049
5 , 173181 , 173181
6 , 217391 , 217391
7 , 259012 , 259012
8 , 299644 , 299644
9 , 347079 , 347079
10 , 389791 , 389791
===============================================
time slice 2
===============================================
time slice 3
===============================================
time slice 4
===============================================
===============================================
consumption and contribution for partial match 1
time slice 1
1 , 713515 , 388590
2 , 671849 , 346965
3 , 627579 , 302951
4 , 582197 , 259189
5 , 534585 , 214476
6 , 502724 , 175098
7 , 451973 , 128875
8 , 411638 , 87529
9 , 368750 , 43441
10 , 321207 , 0
===============================================
time slice 2
===============================================
time slice 3
===============================================
time slice 4
===============================================
===============================================
consumption and contribution for partial match 2
time slice 1
2 , 27323 , 19338 , 0.707755
3 , 54212 , 38489 , 0.709972
4 , 80141 , 56646 , 0.706829
5 , 106302 , 75219 , 0.707597
6 , 134831 , 95490 , 0.70822
7 , 158922 , 112205 , 0.706038
8 , 185438 , 130996 , 0.706414
9 , 213867 , 151487 , 0.708323
10 , 241033 , 170640 , 0.707953
11 , 77789 , 0 , 0
12 , 69848 , 0 , 0
13 , 62270 , 0 , 0
14 , 54069 , 0 , 0
15 , 46689 , 0 , 0
16 , 38586 , 0 , 0
17 , 30852 , 0 , 0
18 , 23204 , 0 , 0
19 , 15528 , 0 , 0
20 , 7561 , 0 , 0
===============================================
time slice 2
2 , 21753 , 13792 , 0.634027
3 , 43202 , 27526 , 0.637146
4 , 63378 , 40106 , 0.632806
5 , 85046 , 53976 , 0.634668
6 , 107736 , 68361 , 0.634523
7 , 129645 , 82239 , 0.63434
8 , 148613 , 93830 , 0.631371
9 , 171737 , 108971 , 0.634523
10 , 191984 , 121579 , 0.633277
11 , 77561 , 0 , 0
12 , 70152 , 0 , 0
13 , 62452 , 0 , 0
14 , 54348 , 0 , 0
15 , 46398 , 0 , 0
16 , 38762 , 0 , 0
17 , 30931 , 0 , 0
18 , 22896 , 0 , 0
19 , 15635 , 0 , 0
20 , 7738 , 0 , 0
===============================================
time slice 3
2 , 16264 , 8270 , 0.508485
3 , 32074 , 16371 , 0.510413
4 , 47513 , 24223 , 0.509818
5 , 64628 , 33181 , 0.513415
6 , 78639 , 39948 , 0.507992
7 , 95264 , 48334 , 0.507369
8 , 110859 , 56125 , 0.506274
9 , 127366 , 65039 , 0.510646
10 , 143196 , 72904 , 0.50912
11 , 77572 , 0 , 0
12 , 69960 , 0 , 0
13 , 61607 , 0 , 0
14 , 54370 , 0 , 0
15 , 46134 , 0 , 0
16 , 38739 , 0 , 0
17 , 31196 , 0 , 0
18 , 23152 , 0 , 0
19 , 15365 , 0 , 0
20 , 7704 , 0 , 0
===============================================
time slice 4
2 , 10585 , 2667 , 0.25196
3 , 21288 , 5514 , 0.259019
4 , 31488 , 8074 , 0.256415
5 , 42121 , 10805 , 0.256523
6 , 52800 , 13592 , 0.257424
7 , 63385 , 16234 , 0.256117
8 , 73358 , 18693 , 0.254819
9 , 84128 , 21582 , 0.256538
10 , 95252 , 24668 , 0.258976
11 , 78054 , 0 , 0
12 , 69918 , 0 , 0
13 , 61979 , 0 , 0
14 , 54561 , 0 , 0
15 , 46549 , 0 , 0
16 , 39003 , 0 , 0
17 , 30597 , 0 , 0
18 , 23216 , 0 , 0
19 , 15421 , 0 , 0
20 , 7709 , 0 , 0
===============================================
