consumption and contribution for event A on v1
time slice 1
1 , 713515 , 388590
2 , 671849 , 346965
3 , 627579 , 302951
4 , 582197 , 259189
5 , 534585 , 214476
6 , 502724 , 175098
7 , 451973 , 128875
8 , 411638 , 87529
9 , 368750 , 43441
10 , 321207 , 0
===============================================
time slice 2
===============================================
time slice 3
===============================================
===============================================
consumption and contribution for event B on v1
time slice 1
1 , 322947 , 218232
2 , 297490 , 192990
3 , 270224 , 166918
4 , 250219 , 144886
5 , 222797 , 118974
6 , 200546 , 96146
7 , 176560 , 72124
8 , 149565 , 47349
9 , 127563 , 24148
10 , 103516 , 0
===============================================
time slice 1
1 , 235010 , 218232
2 , 220674 , 192990
3 , 203840 , 166918
4 , 193469 , 144886
5 , 176070 , 118974
6 , 162612 , 96146
7 , 147941 , 72124
8 , 130612 , 47349
9 , 117395 , 24148
10 , 102706 , 0
===============================================
time slice 1
1 , 146734 , 218232
2 , 142417 , 192990
3 , 135613 , 166918
4 , 135018 , 144886
5 , 127432 , 118974
6 , 123196 , 96146
7 , 118200 , 72124
8 , 111231 , 47349
9 , 107411 , 24148
10 , 102438 , 0
===============================================
===============================================
contribution for event C on v1
time slice 1
2 , 44067 , 44067
3 , 87900 , 87900
4 , 129049 , 129049
5 , 173181 , 173181
6 , 217391 , 217391
7 , 259012 , 259012
8 , 299644 , 299644
9 , 347079 , 347079
10 , 389791 , 389791
===============================================
time slice 2
===============================================
time slice 3
===============================================
===============================================
consumption and contribution for partial match 1
time slice 1
1 , 713515 , 388590
2 , 671849 , 346965
3 , 627579 , 302951
4 , 582197 , 259189
5 , 534585 , 214476
6 , 502724 , 175098
7 , 451973 , 128875
8 , 411638 , 87529
9 , 368750 , 43441
10 , 321207 , 0
===============================================
time slice 2
===============================================
time slice 3
===============================================
===============================================
consumption and contribution for partial match 2
time slice 1
2 , 35439 , 24714 , 0.697367
3 , 70120 , 49066 , 0.699743
4 , 102970 , 71716 , 0.696475
5 , 137138 , 95705 , 0.697874
6 , 174042 , 121495 , 0.698079
7 , 206147 , 143518 , 0.696193
8 , 239035 , 166298 , 0.695706
9 , 275971 , 192717 , 0.698323
10 , 310433 , 216538 , 0.697535
11 , 103928 , 0 , 0
12 , 93602 , 0 , 0
13 , 83483 , 0 , 0
14 , 72347 , 0 , 0
15 , 62314 , 0 , 0
16 , 51433 , 0 , 0
17 , 41200 , 0 , 0
18 , 30896 , 0 , 0
19 , 20824 , 0 , 0
20 , 10105 , 0 , 0
===============================================
time slice 2
2 , 25006 , 14489 , 0.579421
3 , 50171 , 29271 , 0.583425
4 , 74205 , 43046 , 0.580096
5 , 99912 , 58077 , 0.581282
6 , 124381 , 72145 , 0.580032
7 , 150039 , 86971 , 0.579656
8 , 173489 , 100370 , 0.578538
9 , 199862 , 116125 , 0.581026
10 , 224176 , 130053 , 0.580138
11 , 103493 , 0 , 0
12 , 93494 , 0 , 0
13 , 82739 , 0 , 0
14 , 72473 , 0 , 0
15 , 61686 , 0 , 0
16 , 51878 , 0 , 0
17 , 41590 , 0 , 0
18 , 30790 , 0 , 0
19 , 20565 , 0 , 0
20 , 10380 , 0 , 0
===============================================
time slice 3
2 , 15480 , 4864 , 0.314212
3 , 30485 , 9563 , 0.313695
4 , 45345 , 14287 , 0.315073
5 , 61047 , 19399 , 0.317772
6 , 75583 , 23751 , 0.314237
7 , 91030 , 28523 , 0.313336
8 , 105744 , 32976 , 0.311847
9 , 121265 , 38237 , 0.315318
10 , 136856 , 43200 , 0.31566
11 , 103555 , 0 , 0
12 , 92782 , 0 , 0
13 , 82086 , 0 , 0
14 , 72528 , 0 , 0
15 , 61770 , 0 , 0
16 , 51779 , 0 , 0
17 , 40786 , 0 , 0
18 , 30782 , 0 , 0
19 , 20560 , 0 , 0
20 , 10227 , 0 , 0
===============================================
