consumption and contribution for event A on v1
time slice 1
1 , 713515 , 388590
2 , 671849 , 346965
3 , 627579 , 302951
4 , 582197 , 259189
5 , 534585 , 214476
6 , 502724 , 175098
7 , 451973 , 128875
8 , 411638 , 87529
9 , 368750 , 43441
10 , 321207 , 0
===============================================
time slice 2
===============================================
time slice 3
===============================================
time slice 4
===============================================
time slice 5
===============================================
===============================================
consumption and contribution for event B on v1
time slice 1
1 , 204382 , 141463
2 , 187643 , 124875
3 , 170732 , 108568
4 , 157657 , 94283
5 , 139619 , 77166
6 , 124842 , 62127
7 , 109661 , 46902
8 , 92308 , 30761
9 , 77736 , 15683
10 , 62028 , 0
===============================================
time slice 1
1 , 173810 , 141463
2 , 161253 , 124875
3 , 146104 , 108568
4 , 136573 , 94283
5 , 122988 , 77166
6 , 111671 , 62127
7 , 99568 , 46902
8 , 85364 , 30761
9 , 74590 , 15683
10 , 62347 , 0
===============================================
time slice 1
1 , 140623 , 141463
2 , 132358 , 124875
3 , 122778 , 108568
4 , 116360 , 94283
5 , 106096 , 77166
6 , 97850 , 62127
7 , 88913 , 46902
8 , 78347 , 30761
9 , 70528 , 15683
10 , 62061 , 0
===============================================
time slice 1
1 , 109695 , 141463
2 , 104481 , 124875
3 , 98339 , 108568
4 , 95833 , 94283
5 , 87649 , 77166
6 , 83974 , 62127
7 , 78180 , 46902
8 , 71904 , 30761
9 , 67088 , 15683
10 , 61799 , 0
===============================================
time slice 1
1 , 76181 , 141463
2 , 74846 , 124875
3 , 71724 , 108568
4 , 72283 , 94283
5 , 69947 , 77166
6 , 68017 , 62127
7 , 66379 , 46902
8 , 63485 , 30761
9 , 62427 , 15683
10 , 60425 , 0
===============================================
===============================================
contribution for event C on v1
time slice 1
2 , 44067 , 44067
3 , 87900 , 87900
4 , 129049 , 129049
5 , 173181 , 173181
6 , 217391 , 217391
7 , 259012 , 259012
8 , 299644 , 299644
9 , 347079 , 347079
10 , 389791 , 389791
===============================================
time slice 2
===============================================
time slice 3
===============================================
time slice 4
===============================================
time slice 5
===============================================
===============================================
consumption and contribution for partial match 1
time slice 1
1 , 713515 , 388590
2 , 671849 , 346965
3 , 627579 , 302951
4 , 582197 , 259189
5 , 534585 , 214476
6 , 502724 , 175098
7 , 451973 , 128875
8 , 411638 , 87529
9 , 368750 , 43441
10 , 321207 , 0
===============================================
time slice 2
===============================================
time slice 3
===============================================
time slice 4
===============================================
time slice 5
===============================================
===============================================
consumption and contribution for partial match 2
time slice 1
2 , 22258 , 15872 , 0.713092
3 , 44337 , 31723 , 0.715497
4 , 65880 , 46927 , 0.71231
5 , 87041 , 62032 , 0.712676
6 , 110770 , 79109 , 0.714174
7 , 130040 , 92514 , 0.711427
8 , 151552 , 107877 , 0.711815
9 , 175090 , 125090 , 0.714433
10 , 197293 , 140684 , 0.713071
11 , 62355 , 0 , 0
12 , 56144 , 0 , 0
13 , 49933 , 0 , 0
14 , 43271 , 0 , 0
15 , 37667 , 0 , 0
16 , 30924 , 0 , 0
17 , 24815 , 0 , 0
18 , 18698 , 0 , 0
19 , 12417 , 0 , 0
20 , 6123 , 0 , 0
===============================================
time slice 2
2 , 19138 , 12620 , 0.659421
3 , 37575 , 24887 , 0.662329
4 , 54386 , 35772 , 0.657743
5 , 73496 , 48547 , 0.660539
6 , 92349 , 60973 , 0.660245
7 , 111354 , 73446 , 0.659572
8 , 128321 , 84406 , 0.657772
9 , 148343 , 97877 , 0.659802
10 , 166042 , 109513 , 0.65955
11 , 62576 , 0 , 0
12 , 56284 , 0 , 0
13 , 50252 , 0 , 0
14 , 43787 , 0 , 0
15 , 37234 , 0 , 0
16 , 31184 , 0 , 0
17 , 24842 , 0 , 0
18 , 18358 , 0 , 0
19 , 12645 , 0 , 0
20 , 6102 , 0 , 0
===============================================
time slice 3
2 , 15036 , 8731 , 0.580673
3 , 30097 , 17530 , 0.58245
4 , 44700 , 25914 , 0.579732
5 , 59639 , 34609 , 0.580308
6 , 75046 , 43396 , 0.578259
7 , 90050 , 52093 , 0.57849
8 , 104443 , 60283 , 0.577186
9 , 119479 , 69239 , 0.579508
10 , 134166 , 77717 , 0.57926
11 , 62359 , 0 , 0
12 , 56540 , 0 , 0
13 , 50073 , 0 , 0
14 , 43770 , 0 , 0
15 , 37160 , 0 , 0
16 , 31110 , 0 , 0
17 , 24995 , 0 , 0
18 , 18574 , 0 , 0
19 , 12408 , 0 , 0
20 , 6269 , 0 , 0
===============================================
time slice 4
2 , 11744 , 5272 , 0.44891
3 , 22976 , 10365 , 0.451123
4 , 34444 , 15573 , 0.452125
5 , 46854 , 21383 , 0.456375
6 , 56797 , 25549 , 0.44983
7 , 68971 , 31068 , 0.45045
8 , 79583 , 35495 , 0.446012
9 , 91824 , 41548 , 0.452474
10 , 103386 , 46672 , 0.451434
11 , 62337 , 0 , 0
12 , 56060 , 0 , 0
13 , 49443 , 0 , 0
14 , 43736 , 0 , 0
15 , 37360 , 0 , 0
16 , 31251 , 0 , 0
17 , 24859 , 0 , 0
18 , 18775 , 0 , 0
19 , 12350 , 0 , 0
20 , 6192 , 0 , 0
===============================================
time slice 5
2 , 7749 , 1572 , 0.202865
3 , 15791 , 3395 , 0.214996
4 , 23110 , 4863 , 0.210428
5 , 31067 , 6610 , 0.212766
6 , 39044 , 8364 , 0.21422
7 , 46801 , 9891 , 0.211342
8 , 54369 , 11583 , 0.213044
9 , 62362 , 13325 , 0.213672
10 , 70578 , 15205 , 0.215435
11 , 61349 , 0 , 0
12 , 54850 , 0 , 0
13 , 48607 , 0 , 0
14 , 42784 , 0 , 0
15 , 36349 , 0 , 0
16 , 30621 , 0 , 0
17 , 24065 , 0 , 0
18 , 18063 , 0 , 0
19 , 12129 , 0 , 0
20 , 6026 , 0 , 0
===============================================
