consumption and contribution for event A on v1
time slice 1
1 , 2191226 , 1555208
2 , 2027423 , 1391320
3 , 1853800 , 1216813
4 , 1673394 , 1040361
5 , 1485555 , 858144
6 , 1343035 , 700867
7 , 1147068 , 515574
8 , 982712 , 347351
9 , 811784 , 174997
10 , 629193 , 0
===============================================
time slice 2
===============================================
time slice 3
===============================================
===============================================
consumption and contribution for event B on v1
time slice 1
1 , 1080388 , 871356
2 , 978455 , 769617
3 , 874140 , 667574
4 , 794366 , 583735
5 , 686511 , 478513
6 , 594711 , 386333
7 , 497916 , 289244
8 , 392481 , 188550
9 , 302781 , 96433
10 , 205932 , 0
===============================================
time slice 1
1 , 733765 , 871356
2 , 670840 , 769617
3 , 606057 , 667574
4 , 563535 , 583735
5 , 496458 , 478513
6 , 441441 , 386333
7 , 381350 , 289244
8 , 317645 , 188550
9 , 263230 , 96433
10 , 205850 , 0
===============================================
time slice 1
1 , 384224 , 871356
2 , 361652 , 769617
3 , 337374 , 667574
4 , 326339 , 583735
5 , 303176 , 478513
6 , 285247 , 386333
7 , 264849 , 289244
8 , 239659 , 188550
9 , 224889 , 96433
10 , 205358 , 0
===============================================
===============================================
contribution for event C on v1
time slice 1
2 , 177592 , 177592
3 , 352829 , 352829
4 , 516173 , 516173
5 , 696620 , 696620
6 , 871915 , 871915
7 , 1037684 , 1037684
8 , 1193846 , 1193846
9 , 1386081 , 1386081
10 , 1567895 , 1567895
===============================================
time slice 2
===============================================
time slice 3
===============================================
===============================================
consumption and contribution for partial match 1
time slice 1
1 , 2191226 , 1555208
2 , 2027423 , 1391320
3 , 1853800 , 1216813
4 , 1673394 , 1040361
5 , 1485555 , 858144
6 , 1343035 , 700867
7 , 1147068 , 515574
8 , 982712 , 347351
9 , 811784 , 174997
10 , 629193 , 0
===============================================
time slice 2
===============================================
time slice 3
===============================================
===============================================
consumption and contribution for partial match 2
time slice 1
2 , 120100 , 98886 , 0.823364
3 , 237736 , 195850 , 0.823813
4 , 348909 , 286583 , 0.821369
5 , 468459 , 385330 , 0.822548
6 , 589237 , 484596 , 0.822413
7 , 701122 , 575614 , 0.82099
8 , 808986 , 663334 , 0.819957
9 , 937829 , 771094 , 0.822212
10 , 1057779 , 870068 , 0.822542
11 , 207115 , 0 , 0
12 , 186804 , 0 , 0
13 , 165956 , 0 , 0
14 , 144611 , 0 , 0
15 , 123835 , 0 , 0
16 , 103140 , 0 , 0
17 , 82671 , 0 , 0
18 , 61590 , 0 , 0
19 , 41339 , 0 , 0
20 , 20463 , 0 , 0
===============================================
time slice 2
2 , 79782 , 58832 , 0.737409
3 , 159069 , 117318 , 0.737529
4 , 235202 , 172604 , 0.733854
5 , 317414 , 233756 , 0.736439
6 , 394668 , 290590 , 0.73629
7 , 471829 , 346379 , 0.73412
8 , 544144 , 398599 , 0.732525
9 , 628323 , 462006 , 0.7353
10 , 711777 , 524103 , 0.73633
11 , 208056 , 0 , 0
12 , 186665 , 0 , 0
13 , 165544 , 0 , 0
14 , 145478 , 0 , 0
15 , 123624 , 0 , 0
16 , 103202 , 0 , 0
17 , 82234 , 0 , 0
18 , 61551 , 0 , 0
19 , 41187 , 0 , 0
20 , 20422 , 0 , 0
===============================================
time slice 3
2 , 40851 , 19874 , 0.4865
3 , 81381 , 39661 , 0.48735
4 , 119098 , 56986 , 0.47848
5 , 161072 , 77534 , 0.481362
6 , 200932 , 96729 , 0.481402
7 , 240426 , 115691 , 0.481192
8 , 277712 , 131913 , 0.474999
9 , 318386 , 152981 , 0.480489
10 , 359787 , 173724 , 0.482852
11 , 207080 , 0 , 0
12 , 186197 , 0 , 0
13 , 164536 , 0 , 0
14 , 144558 , 0 , 0
15 , 123336 , 0 , 0
16 , 103171 , 0 , 0
17 , 81832 , 0 , 0
18 , 61209 , 0 , 0
19 , 40979 , 0 , 0
20 , 20224 , 0 , 0
===============================================
