consumption and contribution for event A on v1
time slice 1
1 , 713515 , 388590
2 , 671849 , 346965
3 , 627579 , 302951
4 , 582197 , 259189
5 , 534585 , 214476
6 , 502724 , 175098
7 , 451973 , 128875
8 , 411638 , 87529
9 , 368750 , 43441
10 , 321207 , 0
===============================================
time slice 2
===============================================
===============================================
consumption and contribution for event B on v1
time slice 1
1 , 451220 , 294295
2 , 416902 , 260291
3 , 380281 , 225372
4 , 353796 , 195903
5 , 316923 , 160938
6 , 286154 , 129924
7 , 254380 , 97682
8 , 216959 , 64037
9 , 187273 , 32448
10 , 154544 , 0
===============================================
time slice 1
1 , 253471 , 294295
2 , 243679 , 260291
3 , 229396 , 225372
4 , 224910 , 195903
5 , 209376 , 160938
6 , 200200 , 129924
7 , 188321 , 97682
8 , 174449 , 64037
9 , 165096 , 32448
10 , 154116 , 0
===============================================
===============================================
contribution for event C on v1
time slice 1
2 , 44067 , 44067
3 , 87900 , 87900
4 , 129049 , 129049
5 , 173181 , 173181
6 , 217391 , 217391
7 , 259012 , 259012
8 , 299644 , 299644
9 , 347079 , 347079
10 , 389791 , 389791
===============================================
time slice 2
===============================================
===============================================
consumption and contribution for partial match 1
time slice 1
1 , 713515 , 388590
2 , 671849 , 346965
3 , 627579 , 302951
4 , 582197 , 259189
5 , 534585 , 214476
6 , 502724 , 175098
7 , 451973 , 128875
8 , 411638 , 87529
9 , 368750 , 43441
10 , 321207 , 0
===============================================
time slice 2
===============================================
===============================================
consumption and contribution for partial match 2
time slice 1
2 , 49076 , 33130 , 0.675075
3 , 97414 , 66015 , 0.677675
4 , 143519 , 96752 , 0.674141
5 , 191348 , 129195 , 0.675183
6 , 242567 , 163851 , 0.675488
7 , 288567 , 194444 , 0.673826
8 , 334051 , 224826 , 0.673029
9 , 385604 , 260458 , 0.675455
10 , 433017 , 292219 , 0.674844
11 , 155350 , 0 , 0
12 , 140000 , 0 , 0
13 , 124722 , 0 , 0
14 , 108417 , 0 , 0
15 , 93087 , 0 , 0
16 , 77348 , 0 , 0
17 , 61783 , 0 , 0
18 , 46100 , 0 , 0
19 , 31163 , 0 , 0
20 , 15299 , 0 , 0
===============================================
time slice 2
2 , 26849 , 10937 , 0.407352
3 , 53362 , 21885 , 0.410123
4 , 79001 , 32297 , 0.408818
5 , 106749 , 43986 , 0.412051
6 , 131439 , 53540 , 0.407337
7 , 158649 , 64568 , 0.406986
8 , 184217 , 74818 , 0.406141
9 , 211494 , 86621 , 0.409567
10 , 238448 , 97572 , 0.409196
11 , 155626 , 0 , 0
12 , 139878 , 0 , 0
13 , 123586 , 0 , 0
14 , 108931 , 0 , 0
15 , 92683 , 0 , 0
16 , 77742 , 0 , 0
17 , 61793 , 0 , 0
18 , 46368 , 0 , 0
19 , 30786 , 0 , 0
20 , 15413 , 0 , 0
===============================================
