ContributionTS
1,0.264806
2,0.224847
3,0.183938
4,0.1432
5,0.102137
6,0.0609713
7,0.0201005
ConsumptionTS
1,0.176019
2,0.153813
3,0.131091
4,0.108396
5,0.0854477
6,0.0624935
7,0.0396259
RationTS
1,2,0.00403927,0.00608245,0.837798
1,3,0.00794373,0.0119727,0.838556
1,4,0.0117244,0.0176304,0.836626
1,5,0.0156338,0.0235376,0.837643
1,6,0.0197923,0.0297904,0.83742
1,7,0.0232707,0.0349687,0.836052
1,8,0.0269644,0.0404899,0.835446
1,9,0.0312746,0.0470686,0.837341
1,10,0.0353758,0.053265,0.837721
1,11,0.00634351,0,0
1,12,0.00571194,0,0
1,13,0.00508665,0,0
1,14,0.0044207,0,0
1,15,0.00380668,0,0
1,16,0.00315443,0,0
1,17,0.00251123,0,0
1,18,0.00188865,0,0
1,19,0.00126977,0,0
1,20,0.000618732,0,0
2,2,0.003491,0.00511651,0.815429
2,3,0.00693086,0.0101524,0.814973
2,4,0.0101391,0.0148062,0.812474
2,5,0.0136239,0.0199362,0.814151
2,6,0.0171244,0.0250476,0.813794
2,7,0.0206099,0.0301096,0.812814
2,8,0.0237005,0.0345577,0.811241
2,9,0.0274189,0.0401017,0.813722
2,10,0.0307745,0.045019,0.813893
2,11,0.00633367,0,0
2,12,0.00571515,0,0
2,13,0.00508465,0,0
2,14,0.00442898,0,0
2,15,0.00377401,0,0
2,16,0.00314843,0,0
2,17,0.00254397,0,0
2,18,0.00187716,0,0
2,19,0.00126442,0,0
2,20,0.000633852,0,0
3,2,0.00301634,0.00424594,0.783169
3,3,0.00588983,0.00828625,0.782741
3,4,0.00864983,0.0121229,0.779759
3,5,0.0118036,0.0165963,0.782276
3,6,0.0145363,0.0204145,0.781353
3,7,0.0173972,0.0243776,0.779604
3,8,0.0200886,0.0280821,0.777753
3,9,0.0233324,0.0327616,0.781212
3,10,0.0263765,0.0370513,0.781537
3,11,0.00632411,0,0
3,12,0.00571023,0,0
3,13,0.00502767,0,0
3,14,0.00444424,0,0
3,15,0.00379099,0,0
3,16,0.00316926,0,0
3,17,0.00251308,0,0
3,18,0.00189906,0,0
3,19,0.00125251,0,0
3,20,0.000627576,0,0
4,2,0.00242179,0.0032032,0.735886
4,3,0.0048714,0.00646627,0.738521
4,4,0.00716559,0.00943782,0.732795
4,5,0.00973666,0.0128745,0.735668
4,6,0.0120894,0.016,0.736338
4,7,0.0145489,0.0191941,0.734009
4,8,0.016621,0.0218957,0.732931
4,9,0.0192017,0.0253623,0.734871
4,10,0.0217398,0.0287666,0.736199
4,11,0.0063729,0,0
4,12,0.00570117,0,0
4,13,0.00506668,0,0
4,14,0.00443804,0,0
4,15,0.00376481,0,0
4,16,0.00316534,0,0
4,17,0.00252792,0,0
4,18,0.00187731,0,0
4,19,0.0012677,0,0
4,20,0.000626221,0,0
5,2,0.00188801,0.00226187,0.666541
5,3,0.00386766,0.0046459,0.66832
5,4,0.00571437,0.00682829,0.664824
5,5,0.00755915,0.00903849,0.665251
5,6,0.00959309,0.0114987,0.666887
5,7,0.0113639,0.0135602,0.663897
5,8,0.0131697,0.0156671,0.66187
5,9,0.0151105,0.0180487,0.664554
5,10,0.0171813,0.0205874,0.666665
5,11,0.00637604,0,0
5,12,0.00573869,0,0
5,13,0.00508202,0,0
5,14,0.00445301,0,0
5,15,0.00378393,0,0
5,16,0.00314779,0,0
5,17,0.00250474,0,0
5,18,0.00187552,0,0
5,19,0.00125351,0,0
5,20,0.000614524,0,0
6,2,0.00140593,0.00138194,0.546875
6,3,0.00282848,0.00279131,0.549058
6,4,0.00415474,0.00404147,0.5412
6,5,0.00559483,0.00547943,0.544892
6,6,0.0069539,0.00677663,0.542185
6,7,0.00834835,0.00813754,0.54232
6,8,0.00960072,0.00926835,0.537108
6,9,0.0111009,0.0108196,0.54227
6,10,0.0125056,0.012275,0.546111
6,11,0.00632861,0,0
6,12,0.0056837,0,0
6,13,0.00504528,0,0
6,14,0.00442327,0,0
6,15,0.00379027,0,0
6,16,0.00315728,0,0
6,17,0.00251273,0,0
6,18,0.00186497,0,0
6,19,0.00125636,0,0
6,20,0.000618446,0,0
7,2,0.000907592,0.000474449,0.290845
7,3,0.00177396,0.000915951,0.287271
7,4,0.0026073,0.00130361,0.278176
7,5,0.0035875,0.00184049,0.285433
7,6,0.00441742,0.00224712,0.283023
7,7,0.0052681,0.00267786,0.282811
7,8,0.00617234,0.00308398,0.277987
7,9,0.00697294,0.00352574,0.281317
7,10,0.00791869,0.00403134,0.283243
7,11,0.00630229,0,0
7,12,0.00565645,0,0
7,13,0.00498609,0,0
7,14,0.00439232,0,0
7,15,0.00373571,0,0
7,16,0.00313303,0,0
7,17,0.00248448,0,0
7,18,0.00186582,0,0
7,19,0.00124452,0,0
7,20,0.00061916,0,0
