ContributionTS
1,0.209845
2,0.185891
3,0.16084
4,0.136294
5,0.111255
6,0.0862825
7,0.0615811
8,0.0363129
9,0.0116978
ConsumptionTS
1,0.139114
2,0.125845
3,0.111864
4,0.0982551
5,0.0842777
6,0.0703034
7,0.0566
8,0.0424606
9,0.0281672
RationTS
1,2,0.00316042,0.00477141,0.839972
1,3,0.0062831,0.00949653,0.840918
1,4,0.00930337,0.0140257,0.838775
1,5,0.0123572,0.0186501,0.8397
1,6,0.0156156,0.02357,0.839778
1,7,0.0183896,0.0277104,0.838365
1,8,0.0213237,0.0321089,0.837771
1,9,0.0247186,0.037304,0.839643
1,10,0.0279622,0.0422082,0.839823
1,11,0.00494664,0,0
1,12,0.0044411,0,0
1,13,0.0039556,0,0
1,14,0.00343209,0,0
1,15,0.0029769,0,0
1,16,0.00244811,0,0
1,17,0.00195883,0,0
1,18,0.00147247,0,0
1,19,0.000984764,0,0
1,20,0.000482718,0,0
2,2,0.00287527,0.00425247,0.822861
2,3,0.00568755,0.00842034,0.823696
2,4,0.00825905,0.0121871,0.82098
2,5,0.0111317,0.0164587,0.822615
2,6,0.0140738,0.0207974,0.82217
2,7,0.016807,0.0248135,0.821409
2,8,0.0193418,0.0285078,0.82003
2,9,0.0224611,0.0331885,0.822088
2,10,0.0252072,0.0372653,0.822512
2,11,0.00494201,0,0
2,12,0.00445116,0,0
2,13,0.00397586,0,0
2,14,0.00346319,0,0
2,15,0.00294395,0,0
2,16,0.00247428,0,0
2,17,0.00197673,0,0
2,18,0.00145564,0,0
2,19,0.000998101,0,0
2,20,0.000487354,0,0
3,2,0.00254982,0.00367983,0.802937
3,3,0.00502831,0.00725082,0.802284
3,4,0.00738063,0.0106067,0.799557
3,5,0.0100215,0.0144281,0.801008
3,6,0.0124362,0.0178942,0.800548
3,7,0.0149344,0.0214439,0.798873
3,8,0.0171753,0.0246168,0.797428
3,9,0.0198738,0.0285881,0.800325
3,10,0.0224637,0.0323316,0.800772
3,11,0.00492496,0,0
3,12,0.00446885,0,0
3,13,0.00394155,0,0
3,14,0.00345006,0,0
3,15,0.00293639,0,0
3,16,0.00245702,0,0
3,17,0.0019778,0,0
3,18,0.00147839,0,0
3,19,0.000974065,0,0
3,20,0.00049363,0,0
4,2,0.00226217,0.00315064,0.774884
4,3,0.00439317,0.00609822,0.772303
4,4,0.00648409,0.00897927,0.770468
4,5,0.00881851,0.0122673,0.773958
4,6,0.0109278,0.0151765,0.772679
4,7,0.0130289,0.0180439,0.770524
4,8,0.0151135,0.0208929,0.769127
4,9,0.0174945,0.0242911,0.772517
4,10,0.0197324,0.0273943,0.7724
4,11,0.00496055,0,0
4,12,0.0044538,0,0
4,13,0.00391809,0,0
4,14,0.00347025,0,0
4,15,0.00296199,0,0
4,16,0.00247115,0,0
4,17,0.00195876,0,0
4,18,0.0014811,0,0
4,19,0.000982268,0,0
4,20,0.00049149,0,0
5,2,0.00190619,0.00252069,0.735726
5,3,0.00378949,0.00503472,0.739192
5,4,0.0055852,0.00735132,0.732301
5,5,0.0075548,0.00997701,0.734751
5,6,0.00939302,0.0124192,0.735618
5,7,0.0113285,0.0149374,0.733612
5,8,0.0128894,0.0169596,0.732058
5,9,0.0149127,0.0196761,0.734084
5,10,0.0169184,0.0223791,0.735947
5,11,0.00496504,0,0
5,12,0.00443675,0,0
5,13,0.00396202,0,0
5,14,0.00346804,0,0
5,15,0.00293133,0,0
5,16,0.00247493,0,0
5,17,0.00196924,0,0
5,18,0.0014637,0,0
5,19,0.000986476,0,0
5,20,0.000487639,0,0
6,2,0.00152704,0.00187216,0.682111
6,3,0.00317147,0.00390584,0.685198
6,4,0.00471762,0.00579261,0.683146
6,5,0.0062754,0.00770745,0.683332
6,6,0.00785493,0.00966434,0.68453
6,7,0.00932298,0.0114241,0.681756
6,8,0.01084,0.013252,0.680168
6,9,0.0124427,0.0152584,0.682272
6,10,0.0141513,0.0174056,0.684315
6,11,0.00496355,0,0
6,12,0.00446692,0,0
6,13,0.00396195,0,0
6,14,0.00346789,0,0
6,15,0.00295258,0,0
6,16,0.00243648,0,0
6,17,0.00195227,0,0
6,18,0.00145714,0,0
6,19,0.000978487,0,0
6,20,0.000482076,0,0
7,2,0.00128275,0.00140822,0.610787
7,3,0.00256301,0.00281413,0.610881
7,4,0.00374591,0.00406595,0.603903
7,5,0.00501697,0.0054693,0.606531
7,6,0.0063423,0.00690931,0.606109
7,7,0.00761008,0.00828266,0.605541
7,8,0.00869776,0.0093859,0.600387
7,9,0.0100221,0.0108918,0.60465
7,10,0.0113191,0.0123539,0.60723
7,11,0.00496262,0,0
7,12,0.00447348,0,0
7,13,0.00396559,0,0
7,14,0.00346005,0,0
7,15,0.0029406,0,0
7,16,0.002473,0,0
7,17,0.00195797,0,0
7,18,0.00146891,0,0
7,19,0.000970571,0,0
7,20,0.000479936,0,0
8,2,0.000964722,0.000836983,0.4827
8,3,0.00192581,0.00167409,0.483649
8,4,0.0028299,0.00241365,0.474532
8,5,0.0038228,0.00328794,0.478525
8,6,0.00471263,0.00402352,0.475013
8,7,0.00562793,0.00478871,0.473405
8,8,0.00654971,0.00553083,0.46982
8,9,0.00753612,0.00644819,0.476051
8,10,0.00849099,0.00730902,0.47892
8,11,0.00492796,0,0
8,12,0.00442648,0,0
8,13,0.00390839,0,0
8,14,0.00345035,0,0
8,15,0.00297348,0,0
8,16,0.00246872,0,0
8,17,0.00195362,0,0
8,18,0.00145921,0,0
8,19,0.000988687,0,0
8,20,0.000482504,0,0
9,2,0.000641555,0.000273952,0.237576
9,3,0.001264,0.00053611,0.235978
9,4,0.00184956,0.000748401,0.225127
9,5,0.00254054,0.00105709,0.231499
9,6,0.0031505,0.00132041,0.233179
9,7,0.00375761,0.00158103,0.234094
9,8,0.00438625,0.00178985,0.227032
9,9,0.00495028,0.00204214,0.229519
9,10,0.00562686,0.00234878,0.232242
9,11,0.00478781,0,0
9,12,0.00429881,0,0
9,13,0.00378999,0,0
9,14,0.00333865,0,0
9,15,0.00282919,0,0
9,16,0.00237186,0,0
9,17,0.00189293,0,0
9,18,0.00141192,0,0
9,19,0.000945393,0,0
9,20,0.000471163,0,0
