ContributionTS
1,0.360066
2,0.280866
3,0.200249
4,0.119744
5,0.0390745
ConsumptionTS
1,0.240557
2,0.196583
3,0.15166
4,0.106711
5,0.061375
RationTS
1,2,0.0055106,0.00825497,0.83345
1,3,0.0108755,0.0163115,0.834465
1,4,0.0159273,0.0238232,0.832188
1,5,0.0213332,0.0319569,0.833433
1,6,0.0268985,0.0402861,0.833279
1,7,0.0319443,0.0477692,0.831988
1,8,0.0369031,0.0551291,0.831153
1,9,0.0428261,0.0641247,0.833065
1,10,0.0483385,0.0724109,0.833438
1,11,0.00888934,0,0
1,12,0.00799965,0,0
1,13,0.00712907,0,0
1,14,0.00619374,0,0
1,15,0.00533036,0,0
1,16,0.00441971,0,0
1,17,0.00353201,0,0
1,18,0.00263519,0,0
1,19,0.00178316,0,0
1,20,0.000870076,0,0
2,2,0.00448882,0.00643512,0.797604
2,3,0.00881452,0.0126241,0.796828
2,4,0.0130253,0.0185953,0.794287
2,5,0.0176175,0.0252081,0.796084
2,6,0.0219007,0.031318,0.795607
2,7,0.0262094,0.0374084,0.794099
2,8,0.0302329,0.0430575,0.792377
2,9,0.0349243,0.0499227,0.795305
2,10,0.0393698,0.0562964,0.795574
2,11,0.00887293,0,0
2,12,0.00801213,0,0
2,13,0.0070775,0,0
2,14,0.00622854,0,0
2,15,0.00529834,0,0
2,16,0.00443782,0,0
2,17,0.00354863,0,0
2,18,0.00266051,0,0
2,19,0.00176141,0,0
2,20,0.000886765,0,0
3,2,0.00339471,0.00449169,0.736154
3,3,0.00683665,0.00906542,0.737747
3,4,0.010023,0.0132074,0.733135
3,5,0.0135626,0.0179266,0.735391
3,6,0.0169348,0.0223963,0.735798
3,7,0.0202543,0.0266983,0.733381
3,8,0.0232784,0.030634,0.732173
3,9,0.0269336,0.0355713,0.734798
3,10,0.030442,0.040258,0.735771
3,11,0.00891323,0,0
3,12,0.00801819,0,0
3,13,0.00710867,0,0
3,14,0.00623988,0,0
3,15,0.00528736,0,0
3,16,0.00442163,0,0
3,17,0.00353101,0,0
3,18,0.00263227,0,0
3,19,0.00177182,0,0
3,20,0.000873357,0,0
4,2,0.00236516,0.00266055,0.625856
4,3,0.00481248,0.00543481,0.628316
4,4,0.00711359,0.00797076,0.62341
4,5,0.00948146,0.0106543,0.625188
4,6,0.0119531,0.0134428,0.625706
4,7,0.0142595,0.0159849,0.623688
4,8,0.0163683,0.0182357,0.619842
4,9,0.0188933,0.0211758,0.623584
4,10,0.0214638,0.0241848,0.626901
4,11,0.00893384,0,0
4,12,0.00801577,0,0
4,13,0.00711638,0,0
4,14,0.00620743,0,0
4,15,0.00530882,0,0
4,16,0.00442398,0,0
4,17,0.00351903,0,0
4,18,0.00262956,0,0
4,19,0.00174707,0,0
4,20,0.000867294,0,0
5,2,0.00141064,0.000924027,0.364445
5,3,0.00276678,0.00179498,0.360951
5,4,0.00406623,0.00257402,0.352195
5,5,0.00554469,0.00355715,0.356933
5,6,0.00681974,0.00433183,0.3534
5,7,0.00813951,0.00516484,0.353038
5,8,0.00953467,0.00598836,0.349434
5,9,0.0108345,0.00689367,0.353999
5,10,0.0122582,0.00784564,0.356095
5,11,0.0087718,0,0
5,12,0.00787162,0,0
5,13,0.00694741,0,0
5,14,0.00613097,0,0
5,15,0.00522152,0,0
5,16,0.00437242,0,0
5,17,0.00346746,0,0
5,18,0.00259097,0,0
5,19,0.00174536,0,0
5,20,0.000861018,0,0
