consumption and contribution for event A on v1
time slice 1
1 , 2191226 , 1555208
2 , 2027423 , 1391320
3 , 1853800 , 1216813
4 , 1673394 , 1040361
5 , 1485555 , 858144
6 , 1343035 , 700867
7 , 1147068 , 515574
8 , 982712 , 347351
9 , 811784 , 174997
10 , 629193 , 0
===============================================
time slice 2
===============================================
time slice 3
===============================================
time slice 4
===============================================
time slice 5
===============================================
time slice 6
===============================================
time slice 7
===============================================
time slice 8
===============================================
time slice 9
===============================================
time slice 10
===============================================
===============================================
consumption and contribution for event B on v1
time slice 1
1 , 361569 , 298650
2 , 326495 , 263727
3 , 291276 , 229112
4 , 262526 , 199152
5 , 226259 , 163806
6 , 194678 , 131963
7 , 161854 , 99095
8 , 126054 , 64507
9 , 95350 , 33297
10 , 62028 , 0
===============================================
time slice 1
1 , 331648 , 298650
2 , 300111 , 263727
3 , 265892 , 229112
4 , 242518 , 199152
5 , 209603 , 163806
6 , 181489 , 131963
7 , 152411 , 99095
8 , 119151 , 64507
9 , 92582 , 33297
10 , 62347 , 0
===============================================
time slice 1
1 , 298342 , 298650
2 , 271599 , 263727
3 , 243759 , 229112
4 , 223085 , 199152
5 , 193543 , 163806
6 , 167672 , 131963
7 , 141466 , 99095
8 , 112530 , 64507
9 , 87773 , 33297
10 , 62061 , 0
===============================================
time slice 1
1 , 268133 , 298650
2 , 242789 , 263727
3 , 220738 , 229112
4 , 202425 , 199152
5 , 173738 , 163806
6 , 154577 , 131963
7 , 130252 , 99095
8 , 106361 , 64507
9 , 84136 , 33297
10 , 61799 , 0
===============================================
time slice 1
1 , 235674 , 298650
2 , 215641 , 263727
3 , 193111 , 229112
4 , 179439 , 199152
5 , 159239 , 163806
6 , 140322 , 131963
7 , 120081 , 99095
8 , 99566 , 64507
9 , 81307 , 33297
10 , 61996 , 0
===============================================
time slice 1
1 , 205488 , 298650
2 , 187951 , 263727
3 , 170451 , 229112
4 , 158393 , 199152
5 , 140080 , 163806
6 , 125234 , 131963
7 , 108997 , 99095
8 , 90919 , 64507
9 , 77550 , 33297
10 , 62095 , 0
===============================================
time slice 1
1 , 173010 , 298650
2 , 159443 , 263727
3 , 145494 , 229112
4 , 136948 , 199152
5 , 123285 , 163806
6 , 110801 , 131963
7 , 98685 , 99095
8 , 85589 , 64507
9 , 73786 , 33297
10 , 62039 , 0
===============================================
time slice 1
1 , 140631 , 298650
2 , 131776 , 263727
3 , 121455 , 229112
4 , 114738 , 199152
5 , 105894 , 163806
6 , 97544 , 131963
7 , 88272 , 99095
8 , 77882 , 64507
9 , 70643 , 33297
10 , 62077 , 0
===============================================
time slice 1
1 , 109913 , 298650
2 , 102898 , 263727
3 , 95752 , 229112
4 , 93902 , 199152
5 , 87184 , 163806
6 , 82957 , 131963
7 , 77733 , 99095
8 , 71004 , 64507
9 , 67312 , 33297
10 , 61944 , 0
===============================================
time slice 1
1 , 73969 , 298650
2 , 72244 , 263727
3 , 69643 , 229112
4 , 70266 , 199152
5 , 67320 , 163806
6 , 66125 , 131963
7 , 64364 , 99095
8 , 60729 , 64507
9 , 60461 , 33297
10 , 58754 , 0
===============================================
===============================================
contribution for event C on v1
time slice 1
2 , 177592 , 177592
3 , 352829 , 352829
4 , 516173 , 516173
5 , 696620 , 696620
6 , 871915 , 871915
7 , 1037684 , 1037684
8 , 1193846 , 1193846
9 , 1386081 , 1386081
10 , 1567895 , 1567895
===============================================
time slice 2
===============================================
time slice 3
===============================================
time slice 4
===============================================
time slice 5
===============================================
time slice 6
===============================================
time slice 7
===============================================
time slice 8
===============================================
time slice 9
===============================================
time slice 10
===============================================
===============================================
consumption and contribution for partial match 1
time slice 1
1 , 2191226 , 1555208
2 , 2027423 , 1391320
3 , 1853800 , 1216813
4 , 1673394 , 1040361
5 , 1485555 , 858144
6 , 1343035 , 700867
7 , 1147068 , 515574
8 , 982712 , 347351
9 , 811784 , 174997
10 , 629193 , 0
===============================================
time slice 2
===============================================
time slice 3
===============================================
time slice 4
===============================================
time slice 5
===============================================
time slice 6
===============================================
time slice 7
===============================================
time slice 8
===============================================
time slice 9
===============================================
time slice 10
===============================================
===============================================
consumption and contribution for partial match 2
time slice 1
2 , 40122 , 33736 , 0.840835
3 , 79727 , 67113 , 0.841785
4 , 118060 , 99107 , 0.839463
5 , 156806 , 131797 , 0.84051
6 , 198610 , 166949 , 0.840587
7 , 233327 , 195801 , 0.83917
8 , 270601 , 226926 , 0.8386
9 , 313606 , 263606 , 0.840564
10 , 354883 , 298274 , 0.840485
11 , 62355 , 0 , 0
12 , 56144 , 0 , 0
13 , 49933 , 0 , 0
14 , 43271 , 0 , 0
15 , 37667 , 0 , 0
16 , 30924 , 0 , 0
17 , 24815 , 0 , 0
18 , 18698 , 0 , 0
19 , 12417 , 0 , 0
20 , 6123 , 0 , 0
===============================================
time slice 2
2 , 37343 , 30825 , 0.825456
3 , 73062 , 60374 , 0.826339
4 , 105738 , 87124 , 0.823961
5 , 143005 , 118056 , 0.825538
6 , 179400 , 148024 , 0.825106
7 , 215560 , 177652 , 0.824142
8 , 248015 , 204100 , 0.822934
9 , 288092 , 237626 , 0.824827
10 , 324273 , 267744 , 0.825675
11 , 62576 , 0 , 0
12 , 56284 , 0 , 0
13 , 50252 , 0 , 0
14 , 43787 , 0 , 0
15 , 37234 , 0 , 0
16 , 31184 , 0 , 0
17 , 24842 , 0 , 0
18 , 18358 , 0 , 0
19 , 12645 , 0 , 0
20 , 6102 , 0 , 0
===============================================
time slice 3
2 , 33083 , 26778 , 0.809419
3 , 65439 , 52872 , 0.807959
4 , 96596 , 77810 , 0.80552
5 , 129532 , 104502 , 0.806766
6 , 163685 , 132035 , 0.806641
7 , 194569 , 156612 , 0.804918
8 , 224782 , 180622 , 0.803543
9 , 259429 , 209189 , 0.806344
10 , 291457 , 235008 , 0.806321
11 , 62359 , 0 , 0
12 , 56540 , 0 , 0
13 , 50073 , 0 , 0
14 , 43770 , 0 , 0
15 , 37160 , 0 , 0
16 , 31110 , 0 , 0
17 , 24995 , 0 , 0
18 , 18574 , 0 , 0
19 , 12408 , 0 , 0
20 , 6269 , 0 , 0
===============================================
time slice 4
2 , 29999 , 23527 , 0.784259
3 , 58397 , 45786 , 0.784047
4 , 86299 , 67428 , 0.78133
5 , 117935 , 92464 , 0.784025
6 , 143801 , 112553 , 0.7827
7 , 173535 , 135632 , 0.781583
8 , 199844 , 155756 , 0.779388
9 , 231207 , 180931 , 0.78255
10 , 261568 , 204854 , 0.783177
11 , 62337 , 0 , 0
12 , 56060 , 0 , 0
13 , 49443 , 0 , 0
14 , 43736 , 0 , 0
15 , 37360 , 0 , 0
16 , 31251 , 0 , 0
17 , 24859 , 0 , 0
18 , 18775 , 0 , 0
19 , 12350 , 0 , 0
20 , 6192 , 0 , 0
===============================================
time slice 5
2 , 25647 , 19302 , 0.752603
3 , 51676 , 38982 , 0.754354
4 , 75274 , 56549 , 0.751242
5 , 101674 , 76598 , 0.753369
6 , 127570 , 96091 , 0.753241
7 , 151747 , 113920 , 0.750723
8 , 175598 , 131734 , 0.750202
9 , 203490 , 153208 , 0.752902
10 , 230483 , 173670 , 0.753505
11 , 62910 , 0 , 0
12 , 56217 , 0 , 0
13 , 49840 , 0 , 0
14 , 43851 , 0 , 0
15 , 37270 , 0 , 0
16 , 31370 , 0 , 0
17 , 24654 , 0 , 0
18 , 18498 , 0 , 0
19 , 12442 , 0 , 0
20 , 6165 , 0 , 0
===============================================
time slice 6
2 , 21910 , 15679 , 0.715609
3 , 44187 , 31702 , 0.717451
4 , 65422 , 46539 , 0.711366
5 , 88514 , 63165 , 0.713616
6 , 110162 , 78716 , 0.714548
7 , 132406 , 94321 , 0.712362
8 , 150951 , 107209 , 0.710224
9 , 174260 , 124166 , 0.712533
10 , 196530 , 140328 , 0.714028
11 , 62378 , 0 , 0
12 , 56574 , 0 , 0
13 , 50102 , 0 , 0
14 , 43850 , 0 , 0
15 , 37020 , 0 , 0
16 , 30783 , 0 , 0
17 , 24998 , 0 , 0
18 , 18537 , 0 , 0
19 , 12449 , 0 , 0
20 , 6125 , 0 , 0
===============================================
time slice 7
2 , 18134 , 11948 , 0.658873
3 , 37338 , 24711 , 0.661819
4 , 55308 , 36402 , 0.658169
5 , 73256 , 48294 , 0.65925
6 , 92500 , 61143 , 0.661005
7 , 109911 , 72289 , 0.657705
8 , 126812 , 83100 , 0.655301
9 , 145631 , 95825 , 0.657999
10 , 167086 , 110440 , 0.660977
11 , 63046 , 0 , 0
12 , 56306 , 0 , 0
13 , 50036 , 0 , 0
14 , 43748 , 0 , 0
15 , 37320 , 0 , 0
16 , 31023 , 0 , 0
17 , 24726 , 0 , 0
18 , 18472 , 0 , 0
19 , 12301 , 0 , 0
20 , 6126 , 0 , 0
===============================================
time slice 8
2 , 15015 , 8752 , 0.582884
3 , 30164 , 17602 , 0.583543
4 , 44301 , 25554 , 0.576827
5 , 59547 , 34545 , 0.58013
6 , 74820 , 43312 , 0.578883
7 , 89811 , 51995 , 0.578938
8 , 102285 , 58558 , 0.572498
9 , 119037 , 68876 , 0.57861
10 , 133577 , 77638 , 0.581223
11 , 62511 , 0 , 0
12 , 56336 , 0 , 0
13 , 49905 , 0 , 0
14 , 43563 , 0 , 0
15 , 37302 , 0 , 0
16 , 31171 , 0 , 0
17 , 24704 , 0 , 0
18 , 18507 , 0 , 0
19 , 12288 , 0 , 0
20 , 6068 , 0 , 0
===============================================
time slice 9
2 , 11742 , 5369 , 0.457247
3 , 22829 , 10344 , 0.453108
4 , 33939 , 15136 , 0.445977
5 , 46029 , 20775 , 0.451346
6 , 56455 , 25098 , 0.444566
7 , 67259 , 29823 , 0.443405
8 , 78987 , 34910 , 0.441971
9 , 90018 , 40116 , 0.445644
10 , 101681 , 45613 , 0.448589
11 , 62371 , 0 , 0
12 , 55805 , 0 , 0
13 , 49399 , 0 , 0
14 , 43765 , 0 , 0
15 , 37420 , 0 , 0
16 , 31205 , 0 , 0
17 , 24721 , 0 , 0
18 , 18374 , 0 , 0
19 , 12495 , 0 , 0
20 , 6105 , 0 , 0
===============================================
time slice 10
2 , 7738 , 1676 , 0.216593
3 , 15367 , 3343 , 0.217544
4 , 22272 , 4524 , 0.203125
5 , 30647 , 6424 , 0.209613
6 , 37834 , 7994 , 0.211291
7 , 45252 , 9639 , 0.213007
8 , 52967 , 10931 , 0.206374
9 , 59768 , 12538 , 0.209778
10 , 67805 , 14326 , 0.211282
11 , 59408 , 0 , 0
12 , 53400 , 0 , 0
13 , 47053 , 0 , 0
14 , 41306 , 0 , 0
15 , 35042 , 0 , 0
16 , 29492 , 0 , 0
17 , 23423 , 0 , 0
18 , 17557 , 0 , 0
19 , 11710 , 0 , 0
20 , 5834 , 0 , 0
===============================================
