ContributionTS
1,0.305219
2,0.2507
3,0.194935
4,0.13891
5,0.083127
6,0.0271097
ConsumptionTS
1,0.203303
2,0.173053
3,0.142035
4,0.110711
5,0.0796706
6,0.0481139
RationTS
1,2,0.00466449,0.00700892,0.836007
1,3,0.00919909,0.0138352,0.836762
1,4,0.0134877,0.0202358,0.834728
1,5,0.0180079,0.0270554,0.835897
1,6,0.0228175,0.0342752,0.835747
1,7,0.0269865,0.0404761,0.834476
1,8,0.0311902,0.0467358,0.83367
1,9,0.0361249,0.0542571,0.835627
1,10,0.0408242,0.0613392,0.835957
1,11,0.00741251,0,0
1,12,0.00667602,0,0
1,13,0.0059543,0,0
1,14,0.00516004,0,0
1,15,0.00444445,0,0
1,16,0.00366838,0,0
1,17,0.00293853,0,0
1,18,0.00220361,0,0
1,19,0.00148524,0,0
1,20,0.000720724,0,0
2,2,0.00391053,0.00568043,0.808182
2,3,0.00778018,0.0113046,0.808403
2,4,0.0114254,0.0165412,0.805488
2,5,0.015451,0.022408,0.806884
2,6,0.019256,0.0279138,0.80652
2,7,0.0230831,0.0334038,0.805129
2,8,0.0265761,0.0383937,0.803767
2,9,0.0308494,0.0447132,0.806401
2,10,0.0347218,0.0503418,0.806658
2,11,0.00738149,0,0
2,12,0.00666832,0,0
2,13,0.00590124,0,0
2,14,0.00516903,0,0
2,15,0.00439966,0,0
2,16,0.00370012,0,0
2,17,0.00296635,0,0
2,18,0.00219605,0,0
2,19,0.00146677,0,0
2,20,0.000740338,0,0
3,2,0.00324929,0.00447156,0.765656
3,3,0.0063836,0.00877749,0.765011
3,4,0.00938789,0.0128665,0.762528
3,5,0.0127328,0.017512,0.7652
3,6,0.015786,0.0216905,0.764469
3,7,0.0188737,0.025864,0.762434
3,8,0.0218563,0.0298997,0.76112
3,9,0.0252293,0.0346445,0.763998
3,10,0.0285356,0.0392081,0.764454
3,11,0.00742934,0,0
3,12,0.00665584,0,0
3,13,0.00589018,0,0
3,14,0.00520319,0,0
3,15,0.00443133,0,0
3,16,0.00371481,0,0
3,17,0.00292448,0,0
3,18,0.00220696,0,0
3,19,0.00147611,0,0
3,20,0.000733562,0,0
4,2,0.00244476,0.00307231,0.699186
4,3,0.00496462,0.00625975,0.70151
4,4,0.00739561,0.00926181,0.696762
4,5,0.00991347,0.0124503,0.69874
4,6,0.0123798,0.0155696,0.699727
4,7,0.0147937,0.0185427,0.697363
4,8,0.0169784,0.0212122,0.695111
4,9,0.0196,0.0245765,0.697632
4,10,0.0222407,0.0279645,0.699553
4,11,0.00743605,0,0
4,12,0.00667674,0,0
4,13,0.00593355,0,0
4,14,0.00518879,0,0
4,15,0.00440066,0,0
4,16,0.00365519,0,0
4,17,0.00294759,0,0
4,18,0.00219013,0,0
4,19,0.00146741,0,0
4,20,0.000725717,0,0
5,2,0.001792,0.00188728,0.58595
5,3,0.0036258,0.00381995,0.586159
5,4,0.00527922,0.00549225,0.578819
5,5,0.0070775,0.00739337,0.581199
5,6,0.00892386,0.00932398,0.581315
5,7,0.0106704,0.0111313,0.580402
5,8,0.0122306,0.0126528,0.575577
5,9,0.0141226,0.01472,0.579901
5,10,0.0159487,0.0167061,0.582791
5,11,0.00740424,0,0
5,12,0.00666725,0,0
5,13,0.0059103,0,0
5,14,0.00517616,0,0
5,15,0.00443475,0,0
5,16,0.00369599,0,0
5,17,0.00292719,0,0
5,18,0.0021902,0,0
5,19,0.00146506,0,0
5,20,0.000721081,0,0
6,2,0.00110887,0.000645845,0.32405
6,3,0.00215262,0.00123387,0.318909
6,4,0.00317953,0.00177306,0.310258
6,5,0.0043568,0.0024839,0.317197
6,6,0.00534363,0.00300181,0.312543
6,7,0.00639965,0.00360766,0.31364
6,8,0.00748583,0.00415043,0.308472
6,9,0.00848565,0.00477705,0.313211
6,10,0.00960129,0.0054361,0.315007
6,11,0.00731751,0,0
6,12,0.00657318,0,0
6,13,0.00578947,0,0
6,14,0.00510334,0,0
6,15,0.00433554,0,0
6,16,0.00364107,0,0
6,17,0.00289402,0,0
6,18,0.00216153,0,0
6,19,0.00144822,0,0
6,20,0.000717087,0,0
