c06
c07
c07MinusC14
c06
c07
c07MinusC14
c07
c07
c07
c07MinusC14
c07MinusC14
c07MinusC14
c07
c07MinusC14
c06
c06
c06
c06
Pattern Matcher : 1
201806300159,6,2,201806300159,3,2,
boundary: POLYGON((-120.885 37.9828,-120.885 37.9918,-120.884 38.0008,-120.873 38.0007,-120.862 38.0006,-120.862 37.9915,-120.862 37.9825,-120.873 37.9826,-120.885 37.9828))
201806300159,2,2,
Pattern Matcher : 2
201806300359,6,2,201806300359,3,2,
boundary: POLYGON((-123.093 37.6165,-123.099 37.6164,-123.11 37.6163,-123.122 37.6162,-123.133 37.6161,-123.144 37.616,-123.156 37.6159,-123.161 37.6159,-123.167 37.6159,-123.178 37.6158,-123.189 37.6157,-123.201 37.6156,-123.212 37.6155,-123.223 37.6154,-123.235 37.6153,-123.246 37.6152,-123.251 37.6151,-123.257 37.615,-123.269 37.6149,-123.28 37.6148,-123.291 37.6147,-123.303 37.6146,-123.314 37.6145,-123.325 37.6144,-123.327 37.6144,-123.337 37.6143,-123.348 37.6142,-123.359 37.6141,-123.365 37.614,-123.371 37.6139,-123.382 37.6138,-123.393 37.6137,-123.399 37.6136,-123.405 37.6136,-123.416 37.6135,-123.427 37.6134,-123.435 37.6133,-123.439 37.6132,-123.45 37.6131,-123.453 37.6131,-123.461 37.613,-123.472 37.6129,-123.479 37.6128,-123.484 37.6127,-123.495 37.6126,-123.497 37.6126,-123.506 37.6125,-123.51 37.6124,-123.518 37.6123,-123.529 37.6122,-123.535 37.6121,-123.54 37.6121,-123.543 37.6121,-123.552 37.6119,-123.563 37.6118,-123.569 37.6117,-123.574 37.6117,-123.577 37.6116,-123.586 37.6115,-123.597 37.6114,-123.599 37.6114,-123.608 37.6113,-123.614 37.6112,-123.62 37.6111,-123.627 37.611,-123.631 37.611,-123.633 37.611,-123.642 37.6108,-123.654 37.6107,-123.654 37.6107,-123.665 37.6106,-123.673 37.6105,-123.676 37.6104,-123.676 37.6194,-123.677 37.6458,-123.677 37.6465,-123.677 37.6471,-123.677 37.6645,-123.678 37.6745,-123.678 37.6826,-123.678 37.6916,-123.678 37.6967,-123.678 37.7006,-123.678 37.7053,-123.679 37.7277,-123.679 37.7457,-123.679 37.7461,-123.679 37.7548,-123.679 37.7638,-123.679 37.7677,-123.68 37.7728,-123.68 37.7818,-123.68 37.7909,-123.68 37.7955,-123.68 37.7999,-123.68 37.8179,-123.681 37.8229,-123.681 37.8269,-123.681 37.836,-123.681 37.8447,-123.681 37.845,-123.681 37.854,-123.681 37.863,-123.682 37.8736,-123.682 37.8811,-123.682 37.8939,-123.682 37.8991,-123.682 37.9081,-123.682 37.9172,-123.683 37.9307,-123.683 37.9352,-123.683 37.9429,-123.683 37.9442,-123.683 37.9532,-123.683 37.9623,-123.684 37.9736,-123.684 37.9803,-123.684 37.9893,-123.684 37.9918,-123.684 37.9983,-123.684 38.0074,-123.684 38.0109,-123.685 38.0164,-123.685 38.0254,-123.685 38.0344,-123.685 38.0407,-123.685 38.0435,-123.685 38.0525,-123.685 38.0615,-123.686 38.0662,-123.686 38.0705,-123.686 38.0795,-123.686 38.0886,-123.686 38.0894,-123.686 38.0976,-123.686 38.1024,-123.687 38.1156,-123.687 38.1337,-123.687 38.138,-123.687 38.1427,-123.687 38.1517,-123.687 38.1607,-123.688 38.1659,-123.688 38.1698,-123.688 38.1788,-123.688 38.1865,-123.688 38.1968,-123.688 38.2058,-123.688 38.2103,-123.689 38.2149,-123.689 38.2239,-123.689 38.2329,-123.689 38.2349,-123.689 38.2419,-123.689 38.2509,-123.689 38.2546,-123.69 38.26,-123.69 38.269,-123.69 38.2832,-123.69 38.296,-123.69 38.3051,-123.691 38.3181,-123.691 38.3231,-123.691 38.3314,-123.691 38.3321,-123.691 38.3411,-123.691 38.3502,-123.692 38.3614,-123.692 38.3682,-123.692 38.3795,-123.692 38.3862,-123.692 38.3903,-123.693 38.4043,-123.693 38.4133,-123.693 38.4223,-123.693 38.4275,-123.693 38.4404,-123.693 38.4494,-123.694 38.4545,-123.694 38.4584,-123.694 38.4754,-123.694 38.4765,-123.694 38.4855,-123.694 38.4945,-123.694 38.4989,-123.695 38.5035,-123.695 38.5125,-123.695 38.5216,-123.695 38.5232,-123.695 38.5396,-123.695 38.5434,-123.696 38.5486,-123.696 38.5576,-123.696 38.5667,-123.696 38.5709,-123.696 38.5757,-123.696 38.582,-123.697 38.6027,-123.697 38.6118,-123.697 38.6185,-123.697 38.6208,-123.697 38.6298,-123.698 38.6449,-123.698 38.6569,-123.698 38.6659,-123.699 38.6929,-123.699 38.702,-123.699 38.711,-123.699 38.7133,-123.699 38.72,-123.699 38.7289,-123.7 38.7471,-123.7 38.7561,-123.7 38.7606,-123.7 38.7651,-123.7 38.7741,-123.7 38.7831,-123.701 38.7971,-123.701 38.8012,-123.701 38.8078,-123.701 38.8102,-123.701 38.8192,-123.701 38.8282,-123.702 38.8409,-123.702 38.8463,-123.702 38.8549,-123.702 38.8553,-123.702 38.8643,-123.702 38.8733,-123.703 38.8848,-123.703 38.8914,-123.698 38.8914,-123.691 38.8915,-123.681 38.8803,-123.668 38.8648,-123.668 38.8609,-123.667 38.8557,-123.644 38.838,-123.632 38.8291,-123.62 38.8112,-123.613 38.8053,-123.609 38.8023,-123.601 38.8024,-123.597 38.8025,-123.597 38.7935,-123.587 38.7855,-123.574 38.7757,-123.565 38.7691,-123.562 38.7668,-123.55 38.7489,-123.546 38.7458,-123.539 38.74,-123.539 38.7401,-123.539 38.74,-123.516 38.7492,-123.507 38.7424,-123.504 38.7404,-123.504 38.7404,-123.504 38.7404,-123.493 38.7405,-123.487 38.7406,-123.481 38.7407,-123.481 38.7356,-123.481 38.7316,-123.458 38.7139,-123.447 38.7055,-123.446 38.705,-123.445 38.7041,-123.434 38.687,-123.432 38.6855,-123.423 38.6781,-123.422 38.6729,-123.422 38.6691,-123.422 38.6601,-123.422 38.6482,-123.422 38.633,-123.412 38.6254,-123.41 38.6241,-123.41 38.6241,-123.41 38.6241,-123.405 38.6242,-123.399 38.6243,-123.399 38.6203,-123.398 38.6152,-123.375 38.5974,-123.372 38.5948,-123.364 38.5885,-123.352 38.5706,-123.347 38.5668,-123.34 38.5617,-123.317 38.5439,-123.305 38.535,-123.299 38.5254,-123.294 38.517,-123.283 38.5087,-123.282 38.5081,-123.282 38.5081,-123.282 38.5081,-123.271 38.5082,-123.259 38.5083,-123.248 38.5084,-123.236 38.5085,-123.233 38.506,-123.225 38.4996,-123.213 38.4817,-123.19 38.4729,-123.19 38.4638,-123.167 38.446,-123.167 38.4419,-123.166 38.437,-123.143 38.4191,-123.143 38.4191,-123.143 38.4191,-123.132 38.4192,-123.132 38.4102,-123.109 38.3923,-123.099 38.3852,-123.097 38.3834,-123.097 38.3757,-123.097 38.3744,-123.097 38.3383,-123.086 38.3301,-123.085 38.3294,-123.073 38.3114,-123.05 38.3026,-123.05 38.2935,-123.027 38.2757,-123.022 38.2719,-123.016 38.2667,-122.993 38.2488,-122.984 38.2419,-122.981 38.2399,-122.992 38.2218,-122.987 38.2091,-122.981 38.1948,-122.971 38.1871,-122.969 38.1858,-122.969 38.1768,-122.98 38.1587,-122.984 38.156,-122.992 38.1496,-122.98 38.1136,-122.973 38.1085,-122.968 38.1046,-122.968 38.0956,-122.979 38.0775,-122.984 38.0734,-122.991 38.0684,-123.002 38.0503,-123.002 38.0412,-123.013 38.0231,-123.013 38.0166,-123.012 37.987,-123.012 37.987,-123.012 37.987,-122.996 37.9871,-122.978 37.9873,-122.955 37.9784,-122.954 37.9784,-122.933 37.9785,-122.933 37.9785,-122.933 37.9785,-122.922 37.9967,-122.922 38.0057,-122.91 38.0058,-122.887 37.9969,-122.883 37.9969,-122.876 37.9969,-122.865 37.997,-122.862 37.997,-122.853 37.9971,-122.847 37.9918,-122.842 37.9881,-122.837 37.98,-122.83 37.9701,-122.823 37.9648,-122.819 37.9612,-122.796 37.9433,-122.795 37.9429,-122.784 37.9343,-122.774 37.9179,-122.773 37.9163,-122.768 37.9143,-122.75 37.9074,-122.748 37.9074,-122.739 37.9074,-122.727 37.9075,-122.726 37.9075,-122.716 37.9076,-122.713 37.9054,-122.705 37.8986,-122.696 37.8856,-122.693 37.8806,-122.683 37.8806,-122.659 37.8807,-122.656 37.8797,-122.636 37.8718,-122.636 37.8718,-122.636 37.8718,-122.625 37.8718,-122.617 37.8719,-122.614 37.8719,-122.61 37.8719,-122.602 37.8719,-122.598 37.8688,-122.591 37.8629,-122.568 37.845,-122.557 37.836,-122.548 37.822,-122.545 37.818,-122.541 37.815,-122.534 37.809,-122.534 37.8,-122.534 37.7909,-122.534 37.7639,-122.511 37.7549,-122.511 37.7459,-122.519 37.7389,-122.522 37.7368,-122.533 37.7188,-122.527 37.6977,-122.522 37.6827,-122.518 37.6796,-122.51 37.6737,-122.51 37.6647,-122.516 37.6598,-122.522 37.6556,-122.533 37.6375,-122.537 37.6308,-122.544 37.6195,-122.55 37.6194,-122.555 37.6194,-122.564 37.6194,-122.567 37.6194,-122.578 37.6194,-122.586 37.6193,-122.589 37.6193,-122.593 37.6193,-122.601 37.6193,-122.606 37.6193,-122.612 37.6192,-122.62 37.6192,-122.623 37.6192,-122.625 37.6192,-122.635 37.6191,-122.646 37.6191,-122.646 37.6191,-122.657 37.6191,-122.667 37.619,-122.669 37.619,-122.671 37.619,-122.68 37.619,-122.688 37.6189,-122.691 37.6189,-122.694 37.6189,-122.703 37.6189,-122.712 37.6188,-122.714 37.6188,-122.716 37.6188,-122.725 37.6188,-122.737 37.6187,-122.737 37.6187,-122.748 37.6186,-122.758 37.6186,-122.759 37.6186,-122.761 37.6186,-122.771 37.6185,-122.778 37.6185,-122.782 37.6185,-122.788 37.6184,-122.793 37.6184,-122.797 37.6184,-122.805 37.6184,-122.817 37.6183,-122.827 37.6182,-122.834 37.6182,-122.839 37.6182,-122.848 37.6181,-122.85 37.6181,-122.861 37.618,-122.868 37.618,-122.872 37.618,-122.881 37.6179,-122.884 37.6179,-122.895 37.6178,-122.901 37.6178,-122.906 37.6178,-122.918 37.6177,-122.92 37.6177,-122.929 37.6176,-122.933 37.6176,-122.94 37.6176,-122.952 37.6175,-122.962 37.6174,-122.963 37.6174,-122.974 37.6173,-122.986 37.6172,-122.992 37.6172,-122.997 37.6172,-123.008 37.6171,-123.016 37.617,-123.02 37.617,-123.031 37.6169,-123.042 37.6168,-123.048 37.6168,-123.054 37.6168,-123.065 37.6167,-123.076 37.6166,-123.088 37.6165,-123.093 37.6165))
201806300359,2,2,
Pattern Matcher : 3
201806300359,6,2,201806300359,3,2,
boundary: POLYGON((-122.263 37.62,-122.272 37.62,-122.284 37.62,-122.295 37.62,-122.306 37.62,-122.311 37.62,-122.318 37.6199,-122.329 37.6199,-122.33 37.6206,-122.34 37.6289,-122.34 37.638,-122.329 37.656,-122.325 37.659,-122.318 37.6651,-122.318 37.6921,-122.341 37.7011,-122.341 37.7102,-122.341 37.7192,-122.352 37.7553,-122.352 37.7643,-122.352 37.7667,-122.352 37.7733,-122.329 37.7733,-122.32 37.7661,-122.318 37.7643,-122.307 37.7463,-122.3 37.7408,-122.295 37.7373,-122.288 37.7264,-122.284 37.7192,-122.267 37.7126,-122.261 37.7102,-122.261 37.7012,-122.238 37.6832,-122.227 37.6832,-122.227 37.6742,-122.204 37.6561,-122.204 37.6471,-122.186 37.6324,-122.182 37.6291,-122.171 37.62,-122.182 37.62,-122.193 37.62,-122.204 37.62,-122.216 37.62,-122.227 37.62,-122.238 37.62,-122.25 37.62,-122.261 37.62,-122.263 37.62))
201806300359,2,2,
Pattern Matcher : 4
201806300359,6,2,201806300359,3,2,
boundary: POLYGON((-122.376 37.8595,-122.386 37.8635,-122.386 37.8725,-122.375 37.8815,-122.368 37.8816,-122.364 37.8816,-122.358 37.8768,-122.352 37.8726,-122.352 37.8635,-122.357 37.8601,-122.364 37.8546,-122.376 37.8595))
201806300359,2,2,
Pattern Matcher : 5
201806300359,6,2,201806300359,3,2,
boundary: POLYGON((-122.875 39.0437,-122.882 39.0491,-122.886 39.0525,-122.892 39.0525,-122.898 39.0524,-122.898 39.0614,-122.898 39.0705,-122.891 39.0705,-122.886 39.0705,-122.877 39.0706,-122.875 39.0706,-122.87 39.067,-122.863 39.0616,-122.863 39.0616,-122.863 39.0616,-122.852 39.0617,-122.852 39.0617,-122.852 39.0617,-122.845 39.067,-122.84 39.0707,-122.836 39.0678,-122.829 39.0618,-122.817 39.0619,-122.817 39.0572,-122.817 39.0529,-122.817 39.0439,-122.828 39.0438,-122.829 39.0438,-122.84 39.0437,-122.852 39.0527,-122.852 39.0527,-122.852 39.0527,-122.856 39.0527,-122.863 39.0526,-122.867 39.0495,-122.875 39.0437))
201806300359,2,2,
Pattern Matcher : 6
201806300359,6,2,201806300359,3,2,
boundary: POLYGON((-123.707 39.0677,-123.707 39.0718,-123.707 39.0808,-123.705 39.0808,-123.695 39.0809,-123.695 39.0719,-123.695 39.0681,-123.695 39.0629,-123.702 39.0512,-123.706 39.0448,-123.706 39.0537,-123.706 39.0628,-123.707 39.0677))
201806300359,2,2,
Pattern Matcher : 7
201806302259,6,2,201806302259,3,2,
boundary: POLYGON((-122.205 38.802,-122.202 38.7995,-122.193 38.793,-122.193 38.7839,-122.205 38.7749,-122.216 38.7839,-122.228 38.7839,-122.228 38.793,-122.228 38.802,-122.216 38.802,-122.205 38.802))
201806302259,2,2,
Pattern Matcher : 8
201806302259,6,2,201806302359,3,2,
boundary: POLYGON((-122.228 38.802,-122.216 38.802,-122.205 38.802,-122.193 38.793,-122.193 38.7839,-122.205 38.7749,-122.216 38.7839,-122.228 38.7839,-122.228 38.793,-122.228 38.802))
201806302259,2,2,
Pattern Matcher : 9
201806302359,6,2,201806302359,3,2,
boundary: POLYGON((-122.228 38.802,-122.216 38.802,-122.205 38.802,-122.193 38.793,-122.193 38.7839,-122.205 38.7749,-122.216 38.7839,-122.228 38.7839,-122.228 38.793,-122.228 38.802))
201806302259,2,2,
Pattern Matcher : 10
201806302359,6,2,201806302359,3,2,
boundary: POLYGON((-122.239 38.7569,-122.239 38.7569,-122.251 38.7569,-122.251 38.7659,-122.239 38.7749,-122.228 38.793,-122.228 38.802,-122.216 38.802,-122.205 38.802,-122.193 38.793,-122.182 38.7749,-122.17 38.7659,-122.17 38.7569,-122.17 38.7479,-122.182 38.7479,-122.193 38.7569,-122.205 38.7569,-122.216 38.7479,-122.228 38.7569,-122.239 38.7569))
201806302359,2,2,
Pattern Matcher : 11
201806302359,6,2,201806302359,3,2,
boundary: POLYGON((-122.547 39.0214,-122.551 39.018,-122.555 39.0211,-122.563 39.0269,-122.567 39.0269,-122.574 39.0269,-122.574 39.0359,-122.574 39.0362,-122.574 39.0449,-122.563 39.045,-122.551 39.045,-122.545 39.0402,-122.54 39.036,-122.54 39.036,-122.54 39.027,-122.54 39.027,-122.547 39.0214))
201806302359,2,2,
Pattern Matcher : 12
201807010059,6,2,201807010059,3,2,
boundary: POLYGON((-122.182 38.7208,-122.182 38.7208,-122.193 38.7208,-122.216 38.7298,-122.216 38.7298,-122.216 38.7298,-122.216 38.7388,-122.239 38.7569,-122.251 38.7569,-122.262 38.7569,-122.274 38.7568,-122.285 38.7568,-122.294 38.7636,-122.297 38.7659,-122.293 38.7719,-122.285 38.7839,-122.277 38.7971,-122.274 38.802,-122.262 38.802,-122.251 38.802,-122.239 38.802,-122.228 38.802,-122.216 38.802,-122.205 38.802,-122.202 38.7995,-122.193 38.793,-122.186 38.7812,-122.182 38.7749,-122.177 38.7714,-122.17 38.7659,-122.17 38.7569,-122.17 38.7479,-122.182 38.7298,-122.182 38.7208))
201807010059,2,2,
Pattern Matcher : 13
201807010059,6,2,201807010159,3,2,
boundary: POLYGON((-122.216 38.7298,-122.216 38.7298,-122.216 38.7388,-122.239 38.7569,-122.251 38.7569,-122.262 38.7569,-122.274 38.7568,-122.285 38.7568,-122.297 38.7659,-122.293 38.7719,-122.285 38.7839,-122.277 38.7971,-122.274 38.802,-122.262 38.802,-122.251 38.802,-122.239 38.802,-122.228 38.802,-122.216 38.802,-122.205 38.802,-122.193 38.793,-122.182 38.7749,-122.17 38.7659,-122.17 38.7569,-122.17 38.7479,-122.178 38.7359,-122.182 38.7298,-122.182 38.7208,-122.193 38.7208,-122.216 38.7298,-122.216 38.7298))
201807010059,2,2,
Pattern Matcher : 14
201807010159,6,2,201807010159,3,2,
boundary: POLYGON((-122.216 38.7298,-122.216 38.7298,-122.216 38.7388,-122.239 38.7569,-122.251 38.7569,-122.262 38.7569,-122.274 38.7568,-122.285 38.7568,-122.297 38.7659,-122.293 38.7719,-122.285 38.7839,-122.277 38.7971,-122.274 38.802,-122.262 38.802,-122.251 38.802,-122.239 38.802,-122.228 38.802,-122.216 38.802,-122.205 38.802,-122.193 38.793,-122.182 38.7749,-122.17 38.7659,-122.17 38.7569,-122.17 38.7479,-122.178 38.7359,-122.182 38.7298,-122.182 38.7208,-122.193 38.7208,-122.216 38.7298,-122.216 38.7298))
201807010059,2,2,
Pattern Matcher : 15
201807010159,6,2,201807010159,3,2,
boundary: POLYGON((-122.216 38.7298,-122.216 38.7298,-122.228 38.7298,-122.239 38.7298,-122.25 38.7298,-122.251 38.7298,-122.262 38.7388,-122.262 38.7478,-122.251 38.7659,-122.239 38.7749,-122.228 38.793,-122.228 38.802,-122.216 38.802,-122.205 38.802,-122.193 38.793,-122.193 38.7839,-122.193 38.7479,-122.182 38.7388,-122.182 38.7301,-122.182 38.7298,-122.182 38.7208,-122.193 38.7208,-122.216 38.7298,-122.216 38.7298))
201807010159,2,2,
Pattern Matcher : 16
201807010159,6,2,201807010259,3,2,
boundary: POLYGON((-122.216 38.7298,-122.216 38.7298,-122.228 38.7298,-122.239 38.7298,-122.25 38.7298,-122.251 38.7298,-122.255 38.7334,-122.262 38.7388,-122.262 38.739,-122.262 38.7478,-122.251 38.7659,-122.239 38.7749,-122.228 38.793,-122.228 38.802,-122.216 38.802,-122.205 38.802,-122.202 38.7995,-122.193 38.793,-122.193 38.7839,-122.193 38.7479,-122.182 38.7388,-122.182 38.7301,-122.182 38.7298,-122.182 38.7208,-122.193 38.7208,-122.216 38.7298,-122.216 38.7298))
201807010159,2,2,
Pattern Matcher : 17
201807010259,6,2,201807010259,3,2,
boundary: POLYGON((-122.216 38.7298,-122.216 38.7298,-122.228 38.7298,-122.239 38.7298,-122.25 38.7298,-122.251 38.7298,-122.255 38.7334,-122.262 38.7388,-122.262 38.739,-122.262 38.7478,-122.251 38.7659,-122.239 38.7749,-122.228 38.793,-122.228 38.802,-122.216 38.802,-122.205 38.802,-122.202 38.7995,-122.193 38.793,-122.193 38.7839,-122.193 38.7479,-122.182 38.7388,-122.182 38.7301,-122.182 38.7298,-122.182 38.7208,-122.193 38.7208,-122.216 38.7298,-122.216 38.7298))
201807010159,2,2,
Pattern Matcher : 18
201807010259,6,2,201807010259,3,2,
boundary: POLYGON((-122.551 39.018,-122.555 39.0211,-122.563 39.0269,-122.567 39.0269,-122.574 39.0269,-122.574 39.0359,-122.574 39.0449,-122.571 39.0449,-122.563 39.045,-122.551 39.045,-122.545 39.0402,-122.54 39.036,-122.54 39.027,-122.547 39.0214,-122.551 39.018))
201807010259,2,2,
Pattern Matcher : 19
201807010259,6,2,201807010359,3,2,201807010259,2,2,
Pattern Matcher : 20
201807010359,6,2,201807010359,3,2,
boundary: POLYGON((-123.347 38.5668,-123.34 38.5617,-123.317 38.5439,-123.305 38.535,-123.299 38.5254,-123.294 38.517,-123.283 38.5087,-123.282 38.5081,-123.282 38.5081,-123.282 38.5081,-123.271 38.5082,-123.271 38.504,-123.27 38.4992,-123.247 38.4814,-123.241 38.4765,-123.236 38.4725,-123.224 38.4545,-123.223 38.4535,-123.212 38.4456,-123.212 38.4366,-123.212 38.4276,-123.212 38.4177,-123.212 38.4005,-123.189 38.3917,-123.189 38.3826,-123.188 38.3551,-123.188 38.3466,-123.185 38.3443,-123.177 38.3376,-123.176 38.3331,-123.176 38.3286,-123.176 38.3196,-123.176 38.2967,-123.176 38.2925,-123.153 38.2837,-123.153 38.2747,-123.16 38.269,-123.164 38.2656,-123.164 38.2543,-123.164 38.2385,-123.141 38.2297,-123.141 38.2206,-123.141 38.2116,-123.152 38.1935,-123.152 38.1776,-123.151 38.1574,-123.144 38.1519,-123.14 38.1485,-123.14 38.1394,-123.14 38.1304,-123.139 38.1108,-123.139 38.1034,-123.116 38.0945,-123.127 38.0764,-123.127 38.0493,-123.104 38.0405,-123.104 38.0315,-123.115 38.0133,-123.092 37.9864,-123.09 37.9828,-123.081 37.9685,-123.058 37.9596,-123.058 37.9506,-123.058 37.9463,-123.057 37.9416,-123.051 37.9204,-123.046 37.9056,-123.046 37.8966,-123.046 37.8921,-123.045 37.8875,-123.039 37.8669,-123.034 37.8515,-123.027 37.8462,-123.022 37.8426,-122.999 37.8247,-122.999 37.8157,-122.999 37.8067,-123.01 37.7885,-123.01 37.7795,-123.021 37.7794,-123.033 37.7793,-123.037 37.7829,-123.044 37.7883,-123.067 37.8062,-123.101 37.8059,-123.123 37.8145,-123.124 37.8147,-123.135 37.8146,-123.147 37.8145,-123.152 37.8145,-123.158 37.8145,-123.162 37.8175,-123.17 37.8234,-123.177 37.8356,-123.181 37.8413,-123.204 37.8502,-123.205 37.8492,-123.226 37.8319,-123.226 37.8229,-123.238 37.8228,-123.249 37.8227,-123.283 37.8224,-123.306 37.8312,-123.317 37.8311,-123.323 37.831,-123.329 37.8309,-123.34 37.8308,-123.354 37.8269,-123.374 37.8215,-123.384 37.805,-123.385 37.8033,-123.373 37.7764,-123.339 37.7767,-123.316 37.7679,-123.316 37.7589,-123.293 37.741,-123.293 37.741,-123.293 37.741,-123.281 37.7412,-123.271 37.7413,-123.26 37.7594,-123.253 37.7648,-123.248 37.7685,-123.225 37.7597,-123.225 37.7507,-123.202 37.7329,-123.193 37.7254,-123.191 37.7239,-123.192 37.7234,-123.202 37.7148,-123.202 37.703,-123.202 37.6877,-123.179 37.6789,-123.179 37.6786,-123.179 37.6699,-123.156 37.652,-123.145 37.6431,-123.133 37.6257,-123.133 37.6252,-123.132 37.6245,-123.122 37.6162,-123.133 37.6161,-123.144 37.616,-123.156 37.6159,-123.161 37.6159,-123.167 37.6159,-123.178 37.6158,-123.189 37.6157,-123.201 37.6156,-123.201 37.6246,-123.19 37.6427,-123.193 37.6478,-123.201 37.6607,-123.235 37.6604,-123.258 37.6692,-123.263 37.6774,-123.27 37.6871,-123.293 37.6959,-123.293 37.6958,-123.293 37.6959,-123.315 37.6777,-123.318 37.6755,-123.326 37.6685,-123.337 37.6504,-123.348 37.6413,-123.371 37.65,-123.371 37.65,-123.371 37.65,-123.378 37.6442,-123.394 37.6318,-123.405 37.6226,-123.413 37.6225,-123.416 37.6225,-123.42 37.6224,-123.45 37.6221,-123.461 37.613,-123.472 37.6129,-123.479 37.6128,-123.484 37.6127,-123.495 37.6126,-123.497 37.6126,-123.506 37.6125,-123.51 37.6124,-123.518 37.6123,-123.529 37.6122,-123.535 37.6121,-123.54 37.6121,-123.543 37.6121,-123.552 37.6119,-123.563 37.6118,-123.569 37.6117,-123.574 37.6117,-123.577 37.6116,-123.586 37.6115,-123.597 37.6114,-123.599 37.6114,-123.608 37.6113,-123.614 37.6112,-123.62 37.6111,-123.627 37.611,-123.631 37.611,-123.633 37.611,-123.642 37.6108,-123.654 37.6107,-123.654 37.6107,-123.665 37.6106,-123.673 37.6105,-123.676 37.6104,-123.676 37.6194,-123.677 37.6243,-123.677 37.6375,-123.677 37.6465,-123.677 37.6471,-123.677 37.6645,-123.677 37.6684,-123.678 37.6826,-123.678 37.6967,-123.678 37.7006,-123.678 37.7187,-123.679 37.7236,-123.679 37.7277,-123.679 37.7457,-123.679 37.7461,-123.679 37.7548,-123.679 37.7638,-123.68 37.7739,-123.68 37.7818,-123.68 37.7955,-123.68 37.7999,-123.68 37.8089,-123.68 37.8179,-123.681 37.8229,-123.681 37.8269,-123.681 37.836,-123.681 37.8447,-123.681 37.845,-123.681 37.854,-123.681 37.863,-123.682 37.8736,-123.682 37.8811,-123.682 37.8939,-123.682 37.8991,-123.682 37.9081,-123.682 37.9172,-123.683 37.9224,-123.683 37.9262,-123.683 37.9352,-123.683 37.9429,-123.683 37.9442,-123.683 37.9532,-123.683 37.9623,-123.684 37.9736,-123.684 37.9803,-123.684 37.9893,-123.684 37.9918,-123.684 37.9983,-123.684 38.0021,-123.684 38.0074,-123.685 38.0164,-123.685 38.0254,-123.685 38.0344,-123.685 38.0407,-123.685 38.0435,-123.685 38.0615,-123.686 38.0737,-123.686 38.0795,-123.686 38.0886,-123.686 38.0894,-123.686 38.0976,-123.686 38.1066,-123.686 38.1105,-123.687 38.1156,-123.687 38.1246,-123.687 38.138,-123.687 38.1427,-123.687 38.1517,-123.687 38.1607,-123.688 38.1659,-123.688 38.1788,-123.688 38.1865,-123.688 38.1968,-123.688 38.2058,-123.688 38.2103,-123.689 38.2239,-123.689 38.2349,-123.689 38.2419,-123.689 38.2461,-123.689 38.2509,-123.69 38.26,-123.69 38.269,-123.69 38.278,-123.69 38.2832,-123.69 38.287,-123.69 38.296,-123.69 38.3051,-123.691 38.3101,-123.691 38.3141,-123.691 38.3231,-123.691 38.3314,-123.691 38.3411,-123.691 38.3469,-123.691 38.3502,-123.692 38.3592,-123.692 38.3682,-123.692 38.3772,-123.692 38.3795,-123.692 38.3862,-123.692 38.3953,-123.693 38.4048,-123.693 38.4223,-123.693 38.4275,-123.693 38.4314,-123.693 38.4404,-123.693 38.4494,-123.694 38.4545,-123.694 38.4584,-123.694 38.4674,-123.694 38.4754,-123.694 38.4765,-123.694 38.4855,-123.694 38.4916,-123.694 38.4945,-123.695 38.5035,-123.695 38.5125,-123.695 38.5216,-123.695 38.5232,-123.695 38.5306,-123.695 38.5396,-123.695 38.5434,-123.696 38.5486,-123.696 38.5576,-123.696 38.5667,-123.696 38.5709,-123.696 38.5847,-123.696 38.5931,-123.696 38.5937,-123.697 38.6118,-123.697 38.6185,-123.697 38.6208,-123.697 38.6298,-123.697 38.6388,-123.698 38.6436,-123.698 38.6478,-123.698 38.6569,-123.698 38.6659,-123.698 38.666,-123.698 38.6749,-123.698 38.6839,-123.698 38.6881,-123.699 38.6929,-123.699 38.702,-123.699 38.711,-123.699 38.7133,-123.699 38.729,-123.699 38.7327,-123.7 38.738,-123.7 38.7471,-123.7 38.7561,-123.7 38.7606,-123.7 38.7651,-123.7 38.7741,-123.7 38.7825,-123.701 38.7922,-123.701 38.8078,-123.701 38.8102,-123.701 38.8282,-123.702 38.8331,-123.702 38.8373,-123.702 38.8463,-123.702 38.8549,-123.702 38.8553,-123.702 38.8733,-123.702 38.8777,-123.703 38.8824,-123.703 38.8914,-123.698 38.8914,-123.691 38.8915,-123.681 38.8803,-123.668 38.8648,-123.668 38.8609,-123.667 38.8557,-123.644 38.838,-123.632 38.8291,-123.62 38.8112,-123.613 38.8053,-123.609 38.8023,-123.601 38.8024,-123.597 38.8025,-123.597 38.7935,-123.587 38.7855,-123.574 38.7757,-123.565 38.7691,-123.562 38.7668,-123.55 38.7489,-123.546 38.7458,-123.539 38.74,-123.527 38.7401,-123.527 38.736,-123.527 38.7311,-123.529 38.729,-123.538 38.722,-123.549 38.7038,-123.554 38.6955,-123.561 38.6856,-123.56 38.6805,-123.56 38.6766,-123.562 38.6766,-123.572 38.6765,-123.583 38.6402,-123.566 38.6216,-123.559 38.6135,-123.546 38.6136,-123.536 38.6137,-123.532 38.6138,-123.525 38.6139,-123.509 38.614,-123.49 38.6142,-123.47 38.6476,-123.468 38.6506,-123.468 38.6517,-123.468 38.6596,-123.457 38.6597,-123.452 38.6598,-123.445 38.6599,-123.441 38.6567,-123.434 38.651,-123.422 38.633,-123.412 38.6254,-123.41 38.6241,-123.41 38.6241,-123.41 38.6241,-123.405 38.6242,-123.399 38.6243,-123.399 38.6203,-123.398 38.6152,-123.375 38.5974,-123.372 38.5948,-123.364 38.5885,-123.352 38.5706,-123.347 38.5668))
201807010359,2,2,
Pattern Matcher : 21
201807010359,6,2,201807010359,3,2,
boundary: POLYGON((-122.255 38.7334,-122.262 38.7388,-122.262 38.7478,-122.262 38.7478,-122.251 38.7478,-122.239 38.7478,-122.228 38.7479,-122.205 38.7479,-122.193 38.7479,-122.186 38.7422,-122.182 38.7388,-122.182 38.7385,-122.182 38.7298,-122.182 38.7208,-122.193 38.7208,-122.216 38.7298,-122.228 38.7298,-122.239 38.7298,-122.251 38.7298,-122.255 38.7334))
201807010359,2,2,
Pattern Matcher : 22
201807010359,6,2,201807010359,3,2,
boundary: POLYGON((-123.706 39.0448,-123.706 39.0537,-123.706 39.0628,-123.707 39.0677,-123.707 39.0718,-123.707 39.0808,-123.705 39.0808,-123.695 39.0809,-123.695 39.0719,-123.695 39.0681,-123.695 39.0629,-123.702 39.0512,-123.706 39.0448))
201807010359,2,2,
Pattern Matcher : 23
201807010359,6,2,201807010428,3,2,
boundary: POLYGON((-122.255 38.7334,-122.262 38.7388,-122.262 38.7478,-122.262 38.7478,-122.251 38.7478,-122.239 38.7478,-122.228 38.7479,-122.205 38.7479,-122.193 38.7479,-122.182 38.7388,-122.182 38.7298,-122.182 38.7208,-122.193 38.7208,-122.216 38.7298,-122.228 38.7298,-122.239 38.7298,-122.251 38.7298,-122.255 38.7334))
201807010359,2,2,
Pattern Matcher : 24
201807010421,6,2,201807010428,3,2,
boundary: POLYGON((-122.255 38.7334,-122.262 38.7388,-122.262 38.7478,-122.262 38.7478,-122.251 38.7478,-122.239 38.7478,-122.228 38.7479,-122.205 38.7479,-122.193 38.7479,-122.182 38.7388,-122.182 38.7298,-122.182 38.7208,-122.193 38.7208,-122.216 38.7298,-122.228 38.7298,-122.239 38.7298,-122.251 38.7298,-122.255 38.7334))
201807010359,2,2,
Pattern Matcher : 25
201807010421,6,2,201807010428,3,2,
boundary: POLYGON((-122.255 38.7334,-122.262 38.7388,-122.262 38.7478,-122.262 38.7478,-122.251 38.7478,-122.239 38.7478,-122.228 38.7479,-122.205 38.7479,-122.193 38.7479,-122.182 38.7388,-122.182 38.7298,-122.182 38.7208,-122.193 38.7028,-122.205 38.6937,-122.228 38.7027,-122.228 38.7118,-122.251 38.7298,-122.255 38.7334))
201807010406,2,2,
Pattern Matcher : 26
201807010421,6,2,201807010522,3,2,
boundary: POLYGON((-122.262 38.7386,-122.262 38.7388,-122.262 38.7478,-122.262 38.7478,-122.251 38.7478,-122.239 38.7478,-122.228 38.7479,-122.205 38.7479,-122.193 38.7479,-122.182 38.7388,-122.182 38.7298,-122.182 38.7208,-122.193 38.7028,-122.205 38.6937,-122.228 38.7027,-122.228 38.7118,-122.251 38.7298,-122.262 38.7386))
201807010406,2,2,
Pattern Matcher : 27
201807010520,6,2,201807010522,3,2,
boundary: POLYGON((-122.262 38.7386,-122.262 38.7388,-122.262 38.7478,-122.262 38.7478,-122.251 38.7478,-122.239 38.7478,-122.228 38.7479,-122.205 38.7479,-122.193 38.7479,-122.182 38.7388,-122.182 38.7298,-122.182 38.7208,-122.193 38.7028,-122.205 38.6937,-122.228 38.7027,-122.228 38.7118,-122.251 38.7298,-122.262 38.7386))
201807010406,2,2,
Pattern Matcher : 28
201807010520,6,2,201807010522,3,2,
boundary: POLYGON((-122.182 38.6667,-122.182 38.6667,-122.216 38.6667,-122.239 38.6757,-122.239 38.6847,-122.262 38.7027,-122.267 38.7068,-122.274 38.7117,-122.274 38.7208,-122.262 38.7298,-122.251 38.7208,-122.239 38.7208,-122.216 38.7388,-122.205 38.7479,-122.193 38.7479,-122.182 38.7388,-122.17 38.7208,-122.147 38.7118,-122.147 38.7027,-122.147 38.6937,-122.159 38.6757,-122.17 38.6667,-122.182 38.6667,-122.182 38.6667))
201807010508,2,2,
Pattern Matcher : 29
201807010627,6,2,201807010630,3,2,
boundary: POLYGON((-122.239 38.6754,-122.239 38.6757,-122.239 38.6847,-122.239 38.6849,-122.239 38.6937,-122.228 38.7118,-122.228 38.7208,-122.216 38.7208,-122.205 38.7208,-122.193 38.7118,-122.182 38.6937,-122.159 38.6847,-122.159 38.6757,-122.17 38.6667,-122.182 38.6667,-122.216 38.6667,-122.239 38.6754))
201807010607,2,2,
Pattern Matcher : 30
201807010727,6,2,201807010731,3,2,
boundary: POLYGON((-122.239 38.6754,-122.239 38.6757,-122.239 38.6847,-122.239 38.6849,-122.239 38.6937,-122.228 38.7118,-122.228 38.7208,-122.216 38.7208,-122.205 38.7208,-122.193 38.7118,-122.17 38.7208,-122.147 38.7118,-122.147 38.7027,-122.147 38.6937,-122.159 38.6757,-122.17 38.6667,-122.182 38.6667,-122.216 38.6667,-122.239 38.6754))
201807010711,2,2,
Pattern Matcher : 31
201807010727,6,2,201807010824,3,2,
boundary: POLYGON((-122.239 38.6754,-122.239 38.6757,-122.239 38.6847,-122.239 38.6937,-122.239 38.694,-122.228 38.7118,-122.228 38.7208,-122.216 38.7208,-122.205 38.7208,-122.193 38.7118,-122.17 38.7208,-122.147 38.7118,-122.147 38.7027,-122.147 38.6937,-122.159 38.6757,-122.17 38.6667,-122.182 38.6667,-122.216 38.6667,-122.239 38.6754))
201807010711,2,2,
Pattern Matcher : 32
201807010818,6,2,201807010824,3,2,
boundary: POLYGON((-122.239 38.6754,-122.239 38.6757,-122.239 38.6847,-122.239 38.6937,-122.239 38.694,-122.228 38.7118,-122.228 38.7208,-122.216 38.7208,-122.205 38.7208,-122.193 38.7118,-122.17 38.7208,-122.147 38.7118,-122.147 38.7027,-122.147 38.6937,-122.159 38.6757,-122.17 38.6667,-122.182 38.6667,-122.216 38.6667,-122.239 38.6754))
201807010711,2,2,
Pattern Matcher : 33
201807010818,6,2,201807010824,3,2,
boundary: POLYGON((-122.255 38.7334,-122.262 38.7388,-122.262 38.739,-122.262 38.7478,-122.251 38.7478,-122.239 38.7478,-122.228 38.7479,-122.228 38.7388,-122.205 38.7208,-122.193 38.7118,-122.17 38.7208,-122.147 38.7118,-122.147 38.7027,-122.147 38.6937,-122.159 38.6757,-122.17 38.6667,-122.182 38.6667,-122.193 38.6757,-122.205 38.6937,-122.228 38.7027,-122.228 38.7118,-122.251 38.7298,-122.255 38.7334))
201807010807,2,2,
Pattern Matcher : 34
201807010924,6,2,201807010930,3,2,
boundary: POLYGON((-122.262 38.7027,-122.267 38.7068,-122.274 38.7117,-122.274 38.7208,-122.262 38.7298,-122.251 38.7208,-122.239 38.7208,-122.228 38.7208,-122.216 38.7208,-122.205 38.7208,-122.193 38.7118,-122.193 38.7028,-122.205 38.6937,-122.228 38.7027,-122.239 38.7027,-122.251 38.7027,-122.262 38.7027))
201807010908,2,2,
Pattern Matcher : 35
201807011042,6,2,201807011045,3,2,
boundary: POLYGON((-122.286 38.7834,-122.285 38.7838,-122.277 38.7774,-122.274 38.7749,-122.274 38.7749,-122.274 38.7749,-122.264 38.7749,-122.251 38.7749,-122.228 38.7479,-122.228 38.7388,-122.228 38.7298,-122.239 38.7298,-122.251 38.7298,-122.262 38.7388,-122.285 38.7568,-122.297 38.7659,-122.286 38.7834))
201807011007,2,2,
Pattern Matcher : 36
201807011155,6,2,201807011157,3,2,
boundary: POLYGON((-122.193 38.6396,-122.216 38.6486,-122.216 38.6576,-122.216 38.6577,-122.205 38.6667,-122.193 38.6667,-122.182 38.6576,-122.182 38.6486,-122.182 38.6396,-122.193 38.6396))
201807011106,2,2,
Pattern Matcher : 37
201807011259,6,2,201807011259,3,2,
boundary: POLYGON((-122.228 38.6306,-122.228 38.6396,-122.216 38.6576,-122.205 38.6667,-122.193 38.6667,-122.182 38.6576,-122.17 38.6396,-122.147 38.6306,-122.147 38.6216,-122.147 38.6125,-122.159 38.6125,-122.17 38.6125,-122.205 38.6125,-122.228 38.6215,-122.228 38.6306))
201807011206,2,2,
Pattern Matcher : 38
201807011359,6,2,201807011359,3,2,
boundary: POLYGON((-122.119 38.5855,-122.124 38.5855,-122.147 38.5855,-122.147 38.5945,-122.17 38.6125,-122.205 38.6125,-122.228 38.6215,-122.228 38.6306,-122.228 38.6396,-122.216 38.6576,-122.205 38.6667,-122.193 38.6667,-122.182 38.6576,-122.17 38.6396,-122.147 38.6306,-122.147 38.6216,-122.124 38.6035,-122.113 38.6035,-122.113 38.5945,-122.113 38.5945,-122.113 38.5854,-122.119 38.5855))
201807011307,2,2,
Pattern Matcher : 39
201807011459,6,2,201807011459,3,2,
boundary: POLYGON((-122.193 38.595,-122.193 38.6035,-122.193 38.6125,-122.193 38.6396,-122.216 38.6486,-122.216 38.6576,-122.239 38.6757,-122.239 38.6847,-122.239 38.6937,-122.228 38.6937,-122.216 38.6937,-122.205 38.6847,-122.193 38.6667,-122.182 38.6576,-122.17 38.6396,-122.147 38.6306,-122.147 38.6216,-122.124 38.6035,-122.113 38.6035,-122.113 38.5945,-122.113 38.5945,-122.113 38.5945,-122.113 38.5854,-122.124 38.5855,-122.136 38.5855,-122.147 38.5855,-122.17 38.5855,-122.182 38.5855,-122.185 38.5882,-122.193 38.5945,-122.193 38.595))
201807011459,2,2,
Pattern Matcher : 40
201807011459,6,2,201807011559,3,2,
boundary: POLYGON((-122.185 38.5882,-122.193 38.5945,-122.193 38.595,-122.193 38.6035,-122.193 38.6125,-122.193 38.6396,-122.216 38.6486,-122.216 38.6576,-122.239 38.6757,-122.239 38.6847,-122.239 38.6937,-122.228 38.6937,-122.216 38.6937,-122.205 38.6847,-122.193 38.6667,-122.182 38.6576,-122.17 38.6396,-122.147 38.6306,-122.147 38.6216,-122.124 38.6035,-122.113 38.6035,-122.113 38.5945,-122.113 38.5945,-122.113 38.5945,-122.113 38.5854,-122.124 38.5855,-122.136 38.5855,-122.147 38.5855,-122.17 38.5855,-122.182 38.5855,-122.185 38.5882))
201807011459,2,2,
Pattern Matcher : 41
201807011559,6,2,201807011559,3,2,
boundary: POLYGON((-122.113 38.6035,-122.113 38.5945,-122.113 38.5945,-122.113 38.5945,-122.113 38.5854,-122.124 38.5855,-122.136 38.5855,-122.147 38.5855,-122.17 38.5855,-122.182 38.5855,-122.193 38.5945,-122.193 38.6035,-122.193 38.6125,-122.193 38.6396,-122.216 38.6486,-122.216 38.6576,-122.239 38.6757,-122.239 38.6847,-122.239 38.6937,-122.228 38.6937,-122.216 38.6937,-122.205 38.6847,-122.193 38.6667,-122.182 38.6576,-122.17 38.6396,-122.147 38.6306,-122.147 38.6216,-122.124 38.6035,-122.113 38.6035))
201807011459,2,2,
Pattern Matcher : 42
201807011559,6,2,201807011559,3,2,
boundary: POLYGON((-122.113 38.6035,-122.113 38.5945,-122.113 38.5945,-122.113 38.5945,-122.113 38.5854,-122.124 38.5855,-122.136 38.5855,-122.147 38.5855,-122.17 38.5855,-122.182 38.5855,-122.193 38.5945,-122.193 38.6035,-122.193 38.6125,-122.193 38.6396,-122.216 38.6486,-122.216 38.6576,-122.239 38.6757,-122.239 38.6847,-122.239 38.6937,-122.228 38.6937,-122.216 38.6937,-122.205 38.6847,-122.193 38.6667,-122.182 38.6576,-122.182 38.6486,-122.182 38.6396,-122.182 38.6125,-122.159 38.6035,-122.147 38.6035,-122.136 38.6035,-122.124 38.6035,-122.113 38.6035))
201807011559,2,2,
Pattern Matcher : 43
201807011559,6,2,201807011659,3,2,
boundary: POLYGON((-122.185 38.5882,-122.193 38.5945,-122.193 38.595,-122.193 38.6035,-122.193 38.6125,-122.193 38.6396,-122.216 38.6486,-122.216 38.6576,-122.239 38.6757,-122.239 38.6847,-122.239 38.6937,-122.228 38.6937,-122.216 38.6937,-122.205 38.6847,-122.193 38.6667,-122.182 38.6576,-122.182 38.6486,-122.182 38.6396,-122.182 38.6125,-122.159 38.6035,-122.147 38.6035,-122.136 38.6035,-122.124 38.6035,-122.113 38.6035,-122.113 38.5854,-122.124 38.5855,-122.136 38.5855,-122.147 38.5855,-122.17 38.5855,-122.182 38.5855,-122.185 38.5882))
201807011559,2,2,
Pattern Matcher : 44
201807011659,6,2,201807011659,3,2,
boundary: POLYGON((-122.193 38.595,-122.193 38.6035,-122.193 38.6125,-122.193 38.6396,-122.216 38.6486,-122.216 38.6576,-122.239 38.6757,-122.239 38.6847,-122.239 38.6937,-122.228 38.6937,-122.216 38.6937,-122.205 38.6847,-122.193 38.6667,-122.182 38.6576,-122.182 38.6486,-122.182 38.6396,-122.182 38.6125,-122.159 38.6035,-122.147 38.6035,-122.136 38.6035,-122.124 38.6035,-122.113 38.6035,-122.113 38.5854,-122.124 38.5855,-122.136 38.5855,-122.147 38.5855,-122.17 38.5855,-122.182 38.5855,-122.185 38.5882,-122.193 38.5945,-122.193 38.595))
201807011559,2,2,
Pattern Matcher : 45
201807011659,6,2,201807011659,3,2,
boundary: POLYGON((-122.182 38.6486,-122.182 38.6396,-122.193 38.6396,-122.216 38.6486,-122.216 38.6576,-122.205 38.6667,-122.193 38.6667,-122.182 38.6576,-122.182 38.6486))
201807011659,2,2,
Pattern Matcher : 46
201807011759,6,2,201807011759,3,2,
boundary: POLYGON((-122.171 38.7205,-122.17 38.7207,-122.147 38.7118,-122.147 38.7027,-122.147 38.6937,-122.159 38.6937,-122.17 38.6937,-122.182 38.7028,-122.182 38.7118,-122.171 38.7205))
201807011759,2,2,
Pattern Matcher : 47
201807011759,6,2,201807011859,3,2,
boundary: POLYGON((-122.17 38.7207,-122.147 38.7118,-122.147 38.7027,-122.147 38.6937,-122.159 38.6937,-122.17 38.6937,-122.182 38.7028,-122.182 38.7118,-122.171 38.7205,-122.17 38.7207))
201807011759,2,2,
Pattern Matcher : 48
201807011859,6,2,201807011859,3,2,
boundary: POLYGON((-122.17 38.7207,-122.147 38.7118,-122.147 38.7027,-122.147 38.6937,-122.159 38.6937,-122.17 38.6937,-122.182 38.7028,-122.182 38.7118,-122.171 38.7205,-122.17 38.7207))
201807011759,2,2,
Pattern Matcher : 49
201807012259,6,2,201807012259,3,2,
boundary: POLYGON((-122.21 38.6629,-122.205 38.6667,-122.193 38.6667,-122.159 38.6667,-122.136 38.6576,-122.136 38.6486,-122.136 38.6485,-122.136 38.6396,-122.124 38.6035,-122.113 38.6035,-122.113 38.5945,-122.113 38.5854,-122.124 38.5855,-122.136 38.5855,-122.147 38.5855,-122.147 38.5945,-122.17 38.6125,-122.182 38.6216,-122.193 38.6396,-122.216 38.6486,-122.216 38.6572,-122.216 38.6576,-122.21 38.6629))
201807012259,2,2,
Pattern Matcher : 50
201807012259,6,2,201807012359,3,2,
boundary: POLYGON((-122.113 38.5854,-122.119 38.5855,-122.124 38.5855,-122.147 38.5855,-122.147 38.5945,-122.17 38.6125,-122.182 38.6216,-122.193 38.6396,-122.216 38.6486,-122.216 38.6576,-122.205 38.6667,-122.193 38.6667,-122.159 38.6667,-122.136 38.6576,-122.136 38.6486,-122.136 38.6396,-122.124 38.6035,-122.113 38.6035,-122.113 38.5945,-122.113 38.5945,-122.113 38.5854))
201807012259,2,2,
Pattern Matcher : 51
201807012359,6,2,201807012359,3,2,
boundary: POLYGON((-122.113 38.5945,-122.113 38.5945,-122.113 38.5854,-122.119 38.5855,-122.124 38.5855,-122.147 38.5855,-122.147 38.5945,-122.17 38.6125,-122.182 38.6216,-122.193 38.6396,-122.216 38.6486,-122.216 38.6576,-122.205 38.6667,-122.193 38.6667,-122.159 38.6667,-122.136 38.6576,-122.136 38.6486,-122.136 38.6396,-122.124 38.6035,-122.113 38.6035,-122.113 38.5945))
201807012259,2,2,
Pattern Matcher : 52
201807012359,6,2,201807012359,3,2,
boundary: POLYGON((-122.182 38.6937,-122.182 38.6937,-122.159 38.6847,-122.159 38.6847,-122.159 38.6757,-122.136 38.6576,-122.136 38.6486,-122.136 38.6396,-122.124 38.6035,-122.113 38.6035,-122.113 38.5945,-122.113 38.5945,-122.113 38.5854,-122.119 38.5855,-122.124 38.5855,-122.147 38.5855,-122.147 38.5945,-122.17 38.6125,-122.182 38.6216,-122.193 38.6396,-122.216 38.6486,-122.216 38.6576,-122.205 38.6667,-122.193 38.6847,-122.193 38.6937,-122.182 38.6937))
201807012359,2,2,
Pattern Matcher : 53
201807012359,6,2,201807012359,3,2,
boundary: POLYGON((-122.262 38.829,-122.239 38.829,-122.232 38.823,-122.228 38.82,-122.205 38.802,-122.202 38.7995,-122.193 38.793,-122.193 38.7839,-122.202 38.7771,-122.205 38.775,-122.216 38.7839,-122.228 38.7839,-122.239 38.7839,-122.251 38.7839,-122.262 38.7839,-122.274 38.7839,-122.274 38.7929,-122.274 38.802,-122.262 38.82,-122.262 38.829))
201807012359,2,2,
event stream queue is empty now!
perform 2loadshedding
eventCn 5362
#full Match 53
#high latecny (> 150)24
#NumPartialMatch 71
#NumDropedPM 0
#NumDropedInputEvents 0
avg latency: 715
expression size: 0
