c06
c16
c06
c16
c06
c06
c06
c06
c16
c16
c16
c16
Pattern Matcher : 1
201806300159,2,2,
boundary: POLYGON((-120.862 37.9915,-120.862 37.9825,-120.873 37.9826,-120.885 37.9828,-120.885 37.9918,-120.884 38.0008,-120.873 38.0007,-120.862 38.0006,-120.862 37.9915))
201806300159,5,2,
Pattern Matcher : 2
201806300159,2,2,
boundary: POLYGON((-120.862 37.9915,-120.862 37.9825,-120.873 37.9826,-120.885 37.9828,-120.885 37.9918,-120.884 38.0008,-120.873 38.0007,-120.862 38.0006,-120.862 37.9915))
201806300259,5,2,
Pattern Matcher : 3
201806301859,2,2,
boundary: POLYGON((-122.298 39.3883,-122.309 39.3793,-122.321 39.3793,-122.333 39.3883,-122.344 39.4063,-122.356 39.4153,-122.368 39.4153,-122.368 39.4243,-122.368 39.4333,-122.356 39.4514,-122.356 39.4604,-122.344 39.4604,-122.333 39.4604,-122.321 39.4514,-122.31 39.4334,-122.298 39.4244,-122.286 39.4244,-122.286 39.4154,-122.286 39.4064,-122.298 39.3883))
201806301859,5,2,
Pattern Matcher : 4
201806301859,2,2,
boundary: POLYGON((-122.368 39.5777,-122.38 39.5777,-122.38 39.5867,-122.403 39.6047,-122.415 39.6137,-122.415 39.6227,-122.403 39.6317,-122.391 39.6227,-122.38 39.6228,-122.38 39.6137,-122.356 39.5957,-122.345 39.5957,-122.345 39.5867,-122.345 39.5777,-122.356 39.5777,-122.368 39.5777))
201806301859,5,2,
Pattern Matcher : 5
201806301859,2,2,
boundary: POLYGON((-122.298 39.3883,-122.309 39.3793,-122.321 39.3793,-122.333 39.3883,-122.344 39.4063,-122.356 39.4153,-122.368 39.4153,-122.368 39.4243,-122.368 39.4333,-122.356 39.4514,-122.356 39.4604,-122.344 39.4604,-122.333 39.4604,-122.321 39.4514,-122.31 39.4334,-122.298 39.4244,-122.286 39.4244,-122.286 39.4154,-122.286 39.4064,-122.298 39.3883))
201806301959,5,2,
Pattern Matcher : 6
201806301859,2,2,
boundary: POLYGON((-122.368 39.5777,-122.38 39.5777,-122.38 39.5867,-122.403 39.6047,-122.415 39.6137,-122.415 39.6227,-122.403 39.6317,-122.391 39.6227,-122.38 39.6228,-122.38 39.6137,-122.356 39.5957,-122.345 39.5957,-122.345 39.5867,-122.345 39.5777,-122.356 39.5777,-122.368 39.5777))
201806301959,5,2,
Pattern Matcher : 7
201806302259,2,2,
boundary: POLYGON((-122.205 38.7749,-122.216 38.7839,-122.228 38.7839,-122.228 38.793,-122.228 38.802,-122.216 38.802,-122.205 38.802,-122.193 38.793,-122.193 38.7839,-122.205 38.7749))
201806302259,5,2,
Pattern Matcher : 8
201806302259,2,2,
boundary: POLYGON((-122.205 38.7749,-122.216 38.7839,-122.228 38.7839,-122.228 38.793,-122.228 38.802,-122.216 38.802,-122.205 38.802,-122.193 38.793,-122.193 38.7839,-122.205 38.7749))
201806302359,5,2,
Pattern Matcher : 9
201806302359,2,2,
boundary: POLYGON((-122.216 38.7479,-122.228 38.7569,-122.239 38.7569,-122.251 38.7569,-122.251 38.7659,-122.239 38.7749,-122.228 38.793,-122.228 38.802,-122.216 38.802,-122.205 38.802,-122.193 38.793,-122.182 38.7749,-122.17 38.7659,-122.17 38.7569,-122.17 38.7479,-122.182 38.7479,-122.193 38.7569,-122.205 38.7569,-122.216 38.7479))
201806302359,5,2,
Pattern Matcher : 10
201806302359,2,2,
boundary: POLYGON((-122.551 39.0179,-122.563 39.0269,-122.574 39.0269,-122.574 39.0359,-122.574 39.0449,-122.563 39.045,-122.551 39.045,-122.54 39.036,-122.54 39.027,-122.551 39.0179))
201806302359,5,2,
Pattern Matcher : 11
201807010059,2,2,
boundary: POLYGON((-122.193 38.7208,-122.216 38.7298,-122.216 38.7388,-122.239 38.7569,-122.251 38.7569,-122.262 38.7569,-122.274 38.7568,-122.285 38.7568,-122.297 38.7659,-122.285 38.7839,-122.274 38.802,-122.262 38.802,-122.251 38.802,-122.239 38.802,-122.228 38.802,-122.216 38.802,-122.205 38.802,-122.193 38.793,-122.182 38.7749,-122.17 38.7659,-122.17 38.7569,-122.17 38.7479,-122.182 38.7298,-122.182 38.7208,-122.193 38.7208))
201807010059,5,2,
Pattern Matcher : 12
201807010059,2,2,
boundary: POLYGON((-122.193 38.7208,-122.216 38.7298,-122.216 38.7388,-122.239 38.7569,-122.251 38.7569,-122.262 38.7569,-122.274 38.7568,-122.285 38.7568,-122.297 38.7659,-122.285 38.7839,-122.274 38.802,-122.262 38.802,-122.251 38.802,-122.239 38.802,-122.228 38.802,-122.216 38.802,-122.205 38.802,-122.193 38.793,-122.182 38.7749,-122.17 38.7659,-122.17 38.7569,-122.17 38.7479,-122.182 38.7298,-122.182 38.7208,-122.193 38.7208))
201807010159,5,2,
Pattern Matcher : 13
201807010159,2,2,
boundary: POLYGON((-122.182 38.7298,-122.182 38.7208,-122.193 38.7208,-122.216 38.7298,-122.228 38.7298,-122.239 38.7298,-122.251 38.7298,-122.262 38.7388,-122.262 38.7478,-122.251 38.7659,-122.239 38.7749,-122.228 38.793,-122.228 38.802,-122.216 38.802,-122.205 38.802,-122.193 38.793,-122.193 38.7839,-122.193 38.7479,-122.182 38.7388,-122.182 38.7298))
201807010159,5,2,
Pattern Matcher : 14
201807010159,2,2,
boundary: POLYGON((-122.182 38.7298,-122.182 38.7208,-122.193 38.7208,-122.216 38.7298,-122.228 38.7298,-122.239 38.7298,-122.251 38.7298,-122.262 38.7388,-122.262 38.7478,-122.251 38.7659,-122.239 38.7749,-122.228 38.793,-122.228 38.802,-122.216 38.802,-122.205 38.802,-122.193 38.793,-122.193 38.7839,-122.193 38.7479,-122.182 38.7388,-122.182 38.7298))
201807010259,5,2,
Pattern Matcher : 15
201807010259,2,2,
boundary: POLYGON((-122.551 39.0179,-122.563 39.0269,-122.574 39.0269,-122.574 39.0359,-122.574 39.0449,-122.563 39.045,-122.551 39.045,-122.54 39.036,-122.54 39.027,-122.551 39.0179))
201807010259,5,2,
Pattern Matcher : 16
201807010259,2,2,
boundary: POLYGON((-122.551 39.0179,-122.563 39.0269,-122.574 39.0269,-122.574 39.0359,-122.574 39.0449,-122.563 39.045,-122.551 39.045,-122.54 39.036,-122.54 39.027,-122.551 39.0179))
201807010359,5,2,
Pattern Matcher : 17
201807010359,2,2,
boundary: POLYGON((-121.59 38.0426,-121.601 38.0337,-121.624 38.0428,-121.624 38.0518,-121.624 38.0608,-121.612 38.0608,-121.59 38.0516,-121.59 38.0426))
201807010359,5,2,
Pattern Matcher : 18
201807010359,2,2,
boundary: POLYGON((-122.182 38.7298,-122.182 38.7208,-122.193 38.7208,-122.216 38.7298,-122.228 38.7298,-122.239 38.7298,-122.251 38.7298,-122.262 38.7388,-122.262 38.7478,-122.251 38.7478,-122.239 38.7478,-122.228 38.7479,-122.205 38.7479,-122.193 38.7479,-122.182 38.7388,-122.182 38.7298))
201807010359,5,2,
Pattern Matcher : 19
201807010359,2,2,
boundary: POLYGON((-121.59 38.0426,-121.601 38.0337,-121.624 38.0428,-121.624 38.0518,-121.624 38.0608,-121.612 38.0608,-121.59 38.0516,-121.59 38.0426))
201807010459,5,2,
Pattern Matcher : 20
201807010359,2,2,
boundary: POLYGON((-122.182 38.7298,-122.182 38.7208,-122.193 38.7208,-122.216 38.7298,-122.228 38.7298,-122.239 38.7298,-122.251 38.7298,-122.262 38.7388,-122.262 38.7478,-122.251 38.7478,-122.239 38.7478,-122.228 38.7479,-122.205 38.7479,-122.193 38.7479,-122.182 38.7388,-122.182 38.7298))
201807010459,5,2,
Pattern Matcher : 21
201807010406,2,2,
boundary: POLYGON((-122.193 38.7028,-122.205 38.6937,-122.228 38.7027,-122.228 38.7118,-122.251 38.7298,-122.262 38.7388,-122.262 38.7478,-122.251 38.7478,-122.239 38.7478,-122.228 38.7479,-122.205 38.7479,-122.193 38.7479,-122.182 38.7388,-122.182 38.7298,-122.182 38.7208,-122.193 38.7028))
201807010459,5,2,
Pattern Matcher : 22
201807010508,2,2,
boundary: POLYGON((-122.205 38.6667,-122.205 38.6937,-122.228 38.7027,-122.228 38.7118,-122.239 38.7208,-122.239 38.7208,-122.216 38.7388,-122.205 38.7479,-122.193 38.7479,-122.182 38.7388,-122.17 38.7208,-122.147 38.7118,-122.147 38.7027,-122.147 38.6937,-122.159 38.6757,-122.17 38.6667,-122.182 38.6667,-122.205 38.6667,-122.205 38.6667))
201807010553,5,2,
Pattern Matcher : 23
201807010607,2,2,
boundary: POLYGON((-122.239 38.6937,-122.228 38.7118,-122.228 38.7208,-122.216 38.7208,-122.205 38.7208,-122.193 38.7118,-122.182 38.6937,-122.159 38.6847,-122.159 38.6757,-122.17 38.6667,-122.182 38.6667,-122.216 38.6667,-122.239 38.6757,-122.239 38.6937))
201807010659,5,2,
Pattern Matcher : 24
201807010711,2,2,
boundary: POLYGON((-122.239 38.6847,-122.239 38.6937,-122.228 38.7118,-122.228 38.7208,-122.216 38.7208,-122.205 38.7208,-122.193 38.7118,-122.17 38.7208,-122.147 38.7118,-122.147 38.7027,-122.147 38.6937,-122.159 38.6757,-122.17 38.6667,-122.182 38.6667,-122.216 38.6667,-122.239 38.6757,-122.239 38.6847))
201807010759,5,2,
Pattern Matcher : 25
201807010807,2,2,
boundary: POLYGON((-122.262 38.7388,-122.262 38.7478,-122.251 38.7478,-122.239 38.7478,-122.228 38.7479,-122.228 38.7388,-122.205 38.7208,-122.193 38.7118,-122.17 38.7208,-122.147 38.7118,-122.147 38.7027,-122.147 38.6937,-122.159 38.6757,-122.17 38.6667,-122.182 38.6667,-122.193 38.6757,-122.205 38.6937,-122.228 38.7027,-122.228 38.7118,-122.251 38.7298,-122.262 38.7388))
201807010855,5,2,
Pattern Matcher : 26
201807010908,2,2,
boundary: POLYGON((-122.274 38.7117,-122.274 38.7208,-122.262 38.7298,-122.251 38.7208,-122.239 38.7208,-122.228 38.7208,-122.216 38.7208,-122.205 38.7208,-122.193 38.7118,-122.193 38.7028,-122.205 38.6937,-122.228 38.7027,-122.239 38.7027,-122.251 38.7027,-122.262 38.7027,-122.274 38.7117))
201807010959,5,2,
Pattern Matcher : 27
201807011007,2,2,
boundary: POLYGON((-122.251 38.7298,-122.262 38.7388,-122.285 38.7568,-122.297 38.7659,-122.285 38.7839,-122.274 38.7749,-122.262 38.7749,-122.251 38.7749,-122.228 38.7479,-122.228 38.7388,-122.228 38.7298,-122.239 38.7298,-122.251 38.7298))
201807011059,5,2,
Pattern Matcher : 28
201807011106,2,2,
boundary: POLYGON((-122.216 38.6576,-122.205 38.6667,-122.193 38.6667,-122.182 38.6576,-122.182 38.6486,-122.182 38.6396,-122.193 38.6396,-122.216 38.6486,-122.216 38.6576))
201807011159,5,2,
Pattern Matcher : 29
201807011206,2,2,
boundary: POLYGON((-122.193 38.6125,-122.193 38.6125,-122.193 38.6396,-122.216 38.6486,-122.216 38.6576,-122.205 38.6667,-122.193 38.6667,-122.182 38.6576,-122.17 38.6396,-122.147 38.6306,-122.147 38.6216,-122.147 38.6125,-122.159 38.6125,-122.17 38.6125,-122.193 38.6125))
201807011259,5,2,
Pattern Matcher : 30
201807011307,2,2,
boundary: POLYGON((-122.228 38.6215,-122.228 38.6306,-122.228 38.6396,-122.216 38.6576,-122.205 38.6667,-122.193 38.6667,-122.182 38.6576,-122.17 38.6396,-122.147 38.6306,-122.147 38.6216,-122.124 38.6035,-122.113 38.6035,-122.113 38.5945,-122.113 38.5854,-122.124 38.5855,-122.136 38.5855,-122.147 38.5855,-122.147 38.5945,-122.17 38.6125,-122.205 38.6125,-122.228 38.6215))
201807011359,5,2,
Pattern Matcher : 31
201807011459,2,2,
boundary: POLYGON((-122.17 38.5855,-122.182 38.5855,-122.193 38.5945,-122.193 38.6035,-122.193 38.6125,-122.193 38.6396,-122.216 38.6486,-122.216 38.6576,-122.239 38.6757,-122.239 38.6847,-122.239 38.6937,-122.228 38.6937,-122.216 38.6937,-122.205 38.6847,-122.193 38.6667,-122.182 38.6576,-122.17 38.6396,-122.147 38.6306,-122.147 38.6216,-122.124 38.6035,-122.113 38.6035,-122.113 38.5945,-122.113 38.5854,-122.124 38.5855,-122.136 38.5855,-122.147 38.5855,-122.17 38.5855))
201807011459,5,2,
Pattern Matcher : 32
201807011459,2,2,
boundary: POLYGON((-122.193 38.5945,-122.193 38.6035,-122.193 38.6125,-122.193 38.6396,-122.216 38.6486,-122.216 38.6576,-122.239 38.6757,-122.239 38.6847,-122.239 38.6937,-122.228 38.6937,-122.216 38.6937,-122.205 38.6847,-122.193 38.6667,-122.182 38.6576,-122.17 38.6396,-122.147 38.6306,-122.147 38.6216,-122.124 38.6035,-122.113 38.6035,-122.113 38.5945,-122.113 38.5854,-122.124 38.5855,-122.136 38.5855,-122.147 38.5855,-122.17 38.5855,-122.182 38.5855,-122.193 38.5945))
201807011559,5,2,
Pattern Matcher : 33
201807011559,2,2,
boundary: POLYGON((-122.193 38.5945,-122.193 38.6035,-122.193 38.6125,-122.193 38.6396,-122.216 38.6486,-122.216 38.6576,-122.239 38.6757,-122.239 38.6847,-122.239 38.6937,-122.228 38.6937,-122.216 38.6937,-122.205 38.6847,-122.193 38.6667,-122.182 38.6576,-122.182 38.6486,-122.182 38.6396,-122.182 38.6125,-122.159 38.6035,-122.147 38.6035,-122.136 38.6035,-122.124 38.6035,-122.113 38.6035,-122.113 38.5945,-122.113 38.5854,-122.124 38.5855,-122.136 38.5855,-122.147 38.5855,-122.17 38.5855,-122.182 38.5855,-122.193 38.5945))
201807011559,5,2,
Pattern Matcher : 34
201807011559,2,2,
boundary: POLYGON((-122.193 38.5945,-122.193 38.6035,-122.193 38.6125,-122.193 38.6396,-122.216 38.6486,-122.216 38.6576,-122.239 38.6757,-122.239 38.6847,-122.239 38.6937,-122.228 38.6937,-122.216 38.6937,-122.205 38.6847,-122.193 38.6667,-122.182 38.6576,-122.182 38.6486,-122.182 38.6396,-122.182 38.6125,-122.159 38.6035,-122.147 38.6035,-122.136 38.6035,-122.124 38.6035,-122.113 38.6035,-122.113 38.5945,-122.113 38.5854,-122.124 38.5855,-122.136 38.5855,-122.147 38.5855,-122.17 38.5855,-122.182 38.5855,-122.193 38.5945))
201807011659,5,2,
Pattern Matcher : 35
201807011659,2,2,
boundary: POLYGON((-122.182 38.6486,-122.182 38.6396,-122.193 38.6396,-122.216 38.6486,-122.216 38.6576,-122.205 38.6667,-122.193 38.6667,-122.182 38.6576,-122.182 38.6486))
201807011659,5,2,
Pattern Matcher : 36
201807011659,2,2,
boundary: POLYGON((-122.182 38.6486,-122.182 38.6396,-122.193 38.6396,-122.216 38.6486,-122.216 38.6576,-122.205 38.6667,-122.193 38.6667,-122.182 38.6576,-122.182 38.6486))
201807011759,5,2,
Pattern Matcher : 37
201807011759,2,2,
boundary: POLYGON((-122.147 38.6937,-122.159 38.6937,-122.17 38.6937,-122.182 38.7028,-122.182 38.7118,-122.17 38.7208,-122.147 38.7118,-122.147 38.7027,-122.147 38.6937))
201807011759,5,2,
Pattern Matcher : 38
201807011759,2,2,
boundary: POLYGON((-122.147 38.6937,-122.159 38.6937,-122.17 38.6937,-122.182 38.7028,-122.182 38.7118,-122.17 38.7208,-122.147 38.7118,-122.147 38.7027,-122.147 38.6937))
201807011859,5,2,
Pattern Matcher : 39
201807011859,2,2,
boundary: POLYGON((-122.321 39.3793,-122.333 39.3883,-122.344 39.4063,-122.356 39.4153,-122.368 39.4153,-122.368 39.4243,-122.368 39.4333,-122.356 39.4514,-122.356 39.4604,-122.344 39.4604,-122.333 39.4604,-122.321 39.4514,-122.321 39.4424,-122.321 39.4063,-122.309 39.3973,-122.298 39.3973,-122.298 39.3883,-122.309 39.3793,-122.321 39.3793))
201807011859,5,2,
Pattern Matcher : 40
201807011859,2,2,
boundary: POLYGON((-122.368 39.5777,-122.38 39.5777,-122.38 39.5867,-122.403 39.6047,-122.415 39.6137,-122.415 39.6227,-122.403 39.6317,-122.391 39.6227,-122.38 39.6228,-122.38 39.6137,-122.356 39.5957,-122.345 39.5957,-122.345 39.5867,-122.345 39.5777,-122.356 39.5777,-122.368 39.5777))
201807011859,5,2,
Pattern Matcher : 41
201807011859,2,2,
boundary: POLYGON((-122.321 39.3793,-122.333 39.3883,-122.344 39.4063,-122.356 39.4153,-122.368 39.4153,-122.368 39.4243,-122.368 39.4333,-122.356 39.4514,-122.356 39.4604,-122.344 39.4604,-122.333 39.4604,-122.321 39.4514,-122.321 39.4424,-122.321 39.4063,-122.309 39.3973,-122.298 39.3973,-122.298 39.3883,-122.309 39.3793,-122.321 39.3793))
201807011959,5,2,
Pattern Matcher : 42
201807011859,2,2,
boundary: POLYGON((-122.368 39.5777,-122.38 39.5777,-122.38 39.5867,-122.403 39.6047,-122.415 39.6137,-122.415 39.6227,-122.403 39.6317,-122.391 39.6227,-122.38 39.6228,-122.38 39.6137,-122.356 39.5957,-122.345 39.5957,-122.345 39.5867,-122.345 39.5777,-122.356 39.5777,-122.368 39.5777))
201807011959,5,2,
Pattern Matcher : 43
201807012259,2,2,
boundary: POLYGON((-122.113 38.5945,-122.113 38.5854,-122.124 38.5855,-122.136 38.5855,-122.147 38.5855,-122.147 38.5945,-122.17 38.6125,-122.182 38.6216,-122.193 38.6396,-122.216 38.6486,-122.216 38.6576,-122.205 38.6667,-122.193 38.6667,-122.159 38.6667,-122.136 38.6576,-122.136 38.6486,-122.136 38.6396,-122.124 38.6035,-122.113 38.6035,-122.113 38.5945))
201807012259,5,2,
Pattern Matcher : 44
201807012259,2,2,
boundary: POLYGON((-122.113 38.5945,-122.113 38.5854,-122.124 38.5855,-122.136 38.5855,-122.147 38.5855,-122.147 38.5945,-122.17 38.6125,-122.182 38.6216,-122.193 38.6396,-122.216 38.6486,-122.216 38.6576,-122.205 38.6667,-122.193 38.6667,-122.159 38.6667,-122.136 38.6576,-122.136 38.6486,-122.136 38.6396,-122.124 38.6035,-122.113 38.6035,-122.113 38.5945))
201807012359,5,2,
Pattern Matcher : 45
201807012359,2,2,
boundary: POLYGON((-122.113 38.5854,-122.124 38.5855,-122.136 38.5855,-122.147 38.5855,-122.147 38.5945,-122.17 38.6125,-122.182 38.6216,-122.193 38.6396,-122.216 38.6486,-122.216 38.6576,-122.205 38.6667,-122.193 38.6847,-122.193 38.6937,-122.182 38.6937,-122.159 38.6847,-122.159 38.6757,-122.136 38.6576,-122.136 38.6486,-122.136 38.6396,-122.124 38.6035,-122.113 38.6035,-122.113 38.5945,-122.113 38.5854))
201807012359,5,2,
Pattern Matcher : 46
201807012359,2,2,
boundary: POLYGON((-122.205 38.7749,-122.216 38.7839,-122.228 38.7839,-122.239 38.7839,-122.251 38.7839,-122.262 38.7839,-122.274 38.7839,-122.274 38.7929,-122.274 38.802,-122.262 38.82,-122.262 38.829,-122.251 38.829,-122.239 38.829,-122.228 38.82,-122.205 38.802,-122.193 38.793,-122.193 38.7839,-122.205 38.7749))
201807012359,5,2,
event stream queue is empty now!
perform 2loadshedding
eventCn 5362
#full Match 46
#high latecny (> 150)29
#NumPartialMatch 57
#NumDropedPM 0
#NumDropedInputEvents 0
avg latency: 910
expression size: 0
