c07
c07MinusC14
c07
c16
c07
c07MinusC14
c16
c07
c07MinusC14
c16
c07
c07
c07
c07MinusC14
c07MinusC14
c07MinusC14
c07
c07MinusC14
c16
c16
c16
c16
Pattern Matcher : 0
201909040031,6,2,201909040044,3,2,
boundary size: 1

boundary: POLYGON((-117.563 35.907,-117.573 35.907,-117.584 35.907,-117.595 35.907,-117.606 35.907,-117.618 35.907,-117.629 35.907,-117.64 35.907,-117.651 35.907,-117.662 35.907,-117.672 35.907,-117.673 35.907,-117.684 35.907,-117.695 35.907,-117.706 35.907,-117.718 35.907,-117.729 35.907,-117.736 35.9069,-117.768 35.9069,-117.773 35.9069,-117.784 35.9069,-117.795 35.9069,-117.806 35.9069,-117.812 35.9069,-117.818 35.9068,-117.829 35.9068,-117.84 35.9068,-117.842 35.9068,-117.851 35.9068,-117.862 35.9068,-117.867 35.9068,-117.873 35.9067,-117.884 35.9067,-117.89 35.9067,-117.895 35.9067,-117.907 35.9067,-117.913 35.9066,-117.918 35.9066,-117.929 35.9066,-117.931 35.9066,-117.94 35.9066,-117.944 35.9066,-117.951 35.9065,-117.962 35.9065,-117.967 35.9065,-117.973 35.9065,-117.976 35.9065,-117.984 35.9064,-117.995 35.9064,-117.999 35.9064,-118.007 35.9064,-118.011 35.9064,-118.018 35.9063,-118.029 35.9063,-118.03 35.9063,-118.04 35.9063,-118.047 35.9062,-118.051 35.9062,-118.057 35.9062,-118.062 35.9062,-118.065 35.9062,-118.073 35.9061,-118.083 35.9061,-118.084 35.9061,-118.095 35.9061,-118.106 35.906,-118.108 35.906,-118.118 35.906,-118.127 35.9059,-118.132 35.9059,-118.14 35.9059,-118.147 35.9058,-118.151 35.9058,-118.155 35.9058,-118.162 35.9058,-118.169 35.9057,-118.173 35.9057,-118.177 35.9057,-118.184 35.9057,-118.194 35.9056,-118.196 35.9056,-118.198 35.9056,-118.207 35.9056,-118.218 35.9055,-118.229 35.9054,-118.237 35.9054,-118.24 35.9054,-118.244 35.9054,-118.251 35.9053,-118.251 35.9143,-118.251 35.9504,-118.252 35.9594,-118.252 35.9684,-118.221 36.3833,-118.156 36.663,-118.156 36.6721,-118.34 37.0857,-118.363 37.1126,-118.397 37.1485,-118.397 37.1575,-118.397 37.1628,-118.397 37.1665,-118.397 37.1755,-118.397 37.1845,-118.397 37.2116,-118.398 37.2166,-118.398 37.2206,-118.398 37.2296,-118.398 37.2386,-118.398 37.2476,-118.398 37.2566,-118.398 37.2604,-118.398 37.2658,-118.387 37.2928,-118.382 37.2928,-118.376 37.2928,-118.24 37.2576,-118.183 37.2488,-117.934 37.2858,-117.889 37.2949,-117.878 37.2949,-117.866 37.295,-117.855 37.295,-117.844 37.295,-117.833 37.295,-117.821 37.2951,-117.789 37.2951,-117.787 37.2951,-117.233 37.1774,-117.222 37.1774,-117.211 37.1774,-117.155 37.0149,-117.155 37.0059,-117.155 36.9969,-117.058 36.4196,-116.947 36.3108,-116.936 36.3017,-116.914 36.2746,-116.914 36.2655,-116.939 35.9051,-116.948 35.9051,-116.953 35.9051,-116.962 35.9052,-116.973 35.9053,-116.984 35.9053,-116.995 35.9054,-117.006 35.9054,-117.017 35.9055,-117.028 35.9056,-117.039 35.9056,-117.051 35.9057,-117.062 35.9057,-117.073 35.9058,-117.084 35.9058,-117.095 35.9059,-117.106 35.9059,-117.117 35.906,-117.128 35.906,-117.14 35.9061,-117.151 35.9061,-117.162 35.9061,-117.173 35.9062,-117.184 35.9062,-117.195 35.9063,-117.206 35.9063,-117.217 35.9063,-117.228 35.9064,-117.24 35.9064,-117.251 35.9064,-117.262 35.9065,-117.273 35.9065,-117.284 35.9065,-117.295 35.9066,-117.306 35.9066,-117.317 35.9066,-117.328 35.9067,-117.345 35.9067,-117.351 35.9067,-117.362 35.9067,-117.368 35.9068,-117.373 35.9068,-117.393 35.9068,-117.395 35.9068,-117.406 35.9068,-117.417 35.9068,-117.424 35.9069,-117.429 35.9069,-117.454 35.9069,-117.462 35.9069,-117.473 35.9069,-117.484 35.9069,-117.495 35.9069,-117.501 35.907,-117.506 35.907,-117.563 35.907))
201909040053,5,2,
Pattern Matcher : 1
201909040140,6,2,201909040153,3,2,
boundary size: 1

boundary: POLYGON((-117.787 37.2951,-117.731 37.2681,-117.719 37.2591,-117.403 37.1418,-116.859 37.2838,-116.848 37.2928,-116.848 37.2928,-116.837 37.2927,-116.837 37.2837,-116.837 37.2747,-116.837 37.2657,-117.045 36.6178,-116.857 36.3824,-116.846 36.3733,-116.846 36.368,-116.847 36.3145,-116.847 36.3102,-116.847 36.2664,-116.847 36.2559,-116.87 36.2112,-116.881 36.1842,-116.904 36.1573,-117.039 35.9417,-117.062 35.9147,-117.073 35.9058,-117.084 35.9058,-117.095 35.9059,-117.106 35.9059,-117.117 35.906,-117.128 35.906,-117.14 35.9061,-117.155 35.9061,-117.168 35.9062,-117.173 35.9062,-117.178 35.9062,-117.184 35.9062,-117.188 35.9062,-117.195 35.9063,-117.205 35.9063,-117.206 35.9063,-117.217 35.9063,-117.224 35.9064,-117.228 35.9064,-117.236 35.9064,-117.24 35.9064,-117.251 35.9064,-117.259 35.9065,-117.262 35.9065,-117.268 35.9065,-117.273 35.9065,-117.284 35.9065,-117.291 35.9066,-117.295 35.9066,-117.304 35.9066,-117.306 35.9066,-117.317 35.9066,-117.322 35.9066,-117.328 35.9067,-117.345 35.9067,-117.351 35.9067,-117.362 35.9067,-117.368 35.9068,-117.373 35.9068,-117.392 35.9068,-117.395 35.9068,-117.406 35.9068,-117.417 35.9068,-117.424 35.9069,-117.429 35.9069,-117.454 35.9069,-117.462 35.9069,-117.473 35.9069,-117.484 35.9069,-117.495 35.9069,-117.784 35.961,-118.178 35.9066,-118.218 35.9145,-118.273 35.9232,-118.296 35.9502,-118.336 36.0437,-118.201 36.5817,-118.212 36.6357,-118.212 36.6447,-118.212 36.6538,-118.382 37.2081,-118.33 37.2931,-118.308 37.2932,-118.308 37.2932,-118.308 37.2932,-118.029 37.2945,-118.025 37.2945,-117.867 37.295,-117.866 37.295,-117.844 37.295,-117.833 37.295,-117.831 37.295,-117.787 37.2951))
201909040158,5,2,
Pattern Matcher : 2
201909040234,6,2,201909040247,3,2,
boundary size: 1

boundary: POLYGON((-117.867 35.9068,-117.873 35.9067,-117.884 35.9067,-117.888 35.9067,-117.895 35.9067,-117.907 35.9067,-117.918 35.9066,-117.919 35.9066,-117.929 35.9066,-117.94 35.9066,-117.951 35.9065,-117.962 35.9065,-117.973 35.9065,-117.984 35.9064,-117.995 35.9064,-118.007 35.9064,-118.018 35.9063,-118.029 35.9063,-118.04 35.9063,-118.051 35.9062,-118.062 35.9062,-118.073 35.9061,-118.084 35.9061,-118.095 35.9061,-118.107 35.906,-118.118 35.915,-118.14 35.9419,-118.14 35.9509,-118.316 36.3117,-118.156 36.618,-118.34 37.0857,-118.363 37.1126,-118.397 37.1485,-118.397 37.1575,-118.397 37.1628,-118.397 37.1665,-118.397 37.1755,-118.397 37.1845,-118.397 37.1972,-118.397 37.2026,-118.397 37.2116,-118.398 37.2386,-117.979 37.2136,-117.957 37.2046,-117.877 37.1778,-117.855 37.1688,-117.448 37.1689,-117.437 37.1689,-117.425 37.1689,-117.403 37.1688,-117.392 37.1688,-117.38 37.1598,-117.358 37.1327,-117.134 36.7805,-116.955 36.6444,-116.956 36.6354,-116.956 36.6264,-116.967 36.5994,-117.08 36.4828,-117.091 36.4738,-117.328 36.0509,-117.328 36.0419,-117.35 36.0149,-117.362 36.0059,-117.54 35.9701,-117.584 35.9521,-117.651 35.925,-117.695 35.907,-117.706 35.907,-117.718 35.907,-117.729 35.907,-117.74 35.9069,-117.751 35.9069,-117.762 35.9069,-117.773 35.9069,-117.784 35.9069,-117.795 35.9069,-117.806 35.9069,-117.818 35.9068,-117.829 35.9068,-117.84 35.9068,-117.851 35.9068,-117.862 35.9068,-117.867 35.9068))
201909040257,5,2,
Pattern Matcher : 3
201909040320,6,2,201909040329,3,2,
boundary size: 1

boundary: POLYGON((-117.472 36.3036,-117.483 36.2946,-117.506 36.3036,-117.528 36.3307,-117.618 36.4119,-117.629 36.4209,-117.629 36.4299,-117.584 36.502,-117.573 36.511,-117.359 36.7992,-117.336 36.8262,-117.1 36.8885,-117.055 36.9063,-117.043 36.9063,-117.032 36.9062,-117.021 36.8971,-117.021 36.8881,-117.09 36.7172,-117.101 36.7082,-117.472 36.3036))
201909040338,5,2,
Pattern Matcher : 4
201909040414,6,2,201909040420,3,2,
boundary size: 1

boundary: POLYGON((-117.673 36.3127,-117.685 36.3127,-117.696 36.3217,-117.696 36.3307,-117.673 36.4209,-117.64 36.484,-117.618 36.511,-117.393 36.6009,-117.382 36.5919,-117.382 36.5829,-117.382 36.5739,-117.506 36.3848,-117.517 36.3758,-117.673 36.3127))
201909040435,5,2,
Pattern Matcher : 5
201909040518,6,2,201909040524,3,2,
boundary size: 1

boundary: POLYGON((-117.373 36.042,-117.384 36.033,-117.395 36.042,-117.395 36.051,-117.417 36.1953,-117.428 36.3035,-117.428 36.3125,-117.663 37.16,-117.674 37.169,-117.674 37.178,-117.674 37.187,-117.663 37.2051,-117.651 37.2141,-117.64 37.2051,-117.64 37.1961,-117.64 37.1871,-117.651 37.169,-117.036 36.4194,-117.025 36.4194,-117.013 36.4103,-117.025 36.3924,-117.127 36.1765,-117.373 36.042))
201909040532,5,2,
Pattern Matcher : 6
201909040618,6,2,201909040632,3,2,
boundary size: 1

boundary: POLYGON((-116.994 36.0857,-117.005 36.0857,-117.016 36.0948,-117.027 36.1129,-117.027 36.1219,-117.027 36.1309,-116.957 36.419,-116.957 36.4281,-116.957 36.4371,-116.946 36.437,-116.935 36.4369,-116.924 36.4279,-116.924 36.4189,-116.915 36.1484,-116.915 36.1393,-116.926 36.1304,-116.994 36.0857))
201909040648,5,2,
Pattern Matcher : 7
201909040618,6,2,201909040635,3,2,
boundary size: 1

boundary: POLYGON((-117.741 36.9076,-117.753 36.9166,-117.753 36.9256,-117.753 36.9346,-117.651 37.0248,-117.64 37.0248,-117.629 37.0248,-117.572 37.0248,-117.561 37.0248,-117.527 37.0248,-117.516 37.0158,-117.516 37.0067,-117.516 36.9977,-116.957 36.4371,-117.64 36.9257,-117.73 36.9076,-117.741 36.9076))
201909040648,5,2,
Pattern Matcher : 8
201909040721,6,2,201909040727,3,2,
boundary size: 1

boundary: POLYGON((-117.348 36.7541,-117.359 36.7541,-117.37 36.7541,-117.37 36.7632,-117.37 36.7722,-117.359 36.7721,-117.348 36.7721,-117.348 36.7631,-117.348 36.7541))
201909040742,5,2,
Pattern Matcher : 9
201909041120,6,2,201909041128,3,2,
boundary size: 1

boundary: POLYGON((-116.849 36.0617,-116.849 36.0132,-116.85 36.0037,-116.85 35.9947,-116.85 35.9857,-116.85 35.9767,-116.95 35.9592,-116.961 35.9593,-116.972 35.9594,-116.983 35.9684,-116.994 35.9865,-116.994 35.9955,-116.994 36.0046,-116.927 36.0493,-116.871 36.076,-116.86 36.0759,-116.849 36.0668,-116.849 36.0617))
201909041143,5,2,
Pattern Matcher : 10
201909041210,6,2,201909041216,3,2,
boundary size: 1

boundary: POLYGON((-117.106 35.9059,-117.117 35.906,-117.128 35.906,-117.14 35.9061,-117.106 35.96,-117.225 36.6185,-117.225 36.6276,-117.202 36.6635,-117.191 36.6635,-117.18 36.6544,-117.18 36.6454,-117.191 36.6184,-116.983 35.9594,-116.972 35.9503,-116.973 35.9413,-116.973 35.9323,-117.017 35.9145,-117.106 35.9059))
201909041234,5,2,
Pattern Matcher : 11
201909041318,6,2,201909041322,3,2,
boundary size: 1

boundary: POLYGON((-117.393 36.7452,-117.404 36.7362,-117.415 36.7362,-117.427 36.7362,-117.427 36.7452,-117.426 36.7542,-117.393 36.7993,-117.325 36.8442,-117.314 36.8532,-117.303 36.8441,-117.303 36.8351,-117.303 36.8261,-117.393 36.7452))
201909041336,5,2,
Pattern Matcher : 12
201909041419,6,2,201909041432,3,2,
boundary size: 1

boundary: POLYGON((-117.247 35.9064,-117.251 35.9064,-117.251 35.9155,-117.239 35.9244,-117.117 35.933,-117.106 35.933,-117.095 35.9329,-117.095 35.9239,-117.106 35.9059,-117.117 35.906,-117.128 35.906,-117.14 35.9061,-117.151 35.9061,-117.162 35.9061,-117.173 35.9062,-117.184 35.9062,-117.195 35.9063,-117.206 35.9063,-117.217 35.9063,-117.228 35.9064,-117.247 35.9064))
201909041452,5,2,
Pattern Matcher : 13
201909041419,6,2,201909041433,3,2,
boundary size: 1

boundary: POLYGON((-118.019 37.2903,-117.719 37.0879,-117.708 37.0789,-117.64 36.9437,-117.64 36.9347,-117.64 36.9257,-117.786 36.8895,-117.843 36.8624,-117.865 36.8713,-117.888 36.8983,-117.91 36.9253,-117.91 36.9343,-117.91 36.9433,-118.032 37.2821,-118.025 37.2855,-118.019 37.2903))
201909041452,5,2,
Pattern Matcher : 14
201909041529,6,2,201909041536,3,2,
boundary size: 1

boundary: POLYGON((-117.251 35.9064,-117.964 36.3573,-117.975 36.3572,-117.986 36.3662,-118.009 36.3932,-118.009 36.4022,-118.125 37.0508,-118.125 37.0598,-118.103 37.0869,-118.035 37.1323,-117.968 37.1775,-117.957 37.1866,-117.911 37.2047,-117.855 37.2229,-117.844 37.2229,-117.832 37.2229,-117.798 37.1419,-117.798 37.1328,-117.798 37.1238,-117.629 36.6372,-116.957 36.4371,-116.946 36.437,-116.935 36.4369,-116.924 36.4279,-116.846 36.3554,-116.846 36.3365,-116.892 36.2384,-116.915 36.1393,-116.926 36.1304,-117.083 35.996,-117.095 35.987,-117.184 35.9062,-117.188 35.9062,-117.195 35.9063,-117.208 35.9063,-117.222 35.9063,-117.228 35.9064,-117.238 35.9064,-117.251 35.9064))
201909041554,5,2,
Pattern Matcher : 15
201909041636,6,2,201909041652,3,2,
boundary size: 1

boundary: POLYGON((-117.199 37.2945,-117.199 37.2945,-117.187 37.2945,-117.178 37.2944,-117.176 37.2944,-117.172 37.2944,-117.165 37.2944,-117.16 37.2944,-117.154 37.2943,-117.146 37.2943,-117.142 37.2943,-117.139 37.2943,-117.131 37.2942,-117.122 37.2942,-117.118 37.2942,-117.108 37.2941,-117.098 37.2941,-117.096 37.2941,-117.086 37.294,-117.075 37.294,-117.074 37.294,-117.073 37.294,-117.063 37.2939,-116.85 37.0764,-116.839 37.0674,-116.839 37.0663,-116.839 37.0583,-116.839 37.0582,-116.851 37.0404,-116.862 37.0314,-116.873 37.0315,-116.884 37.0316,-116.896 37.0317,-116.907 37.0317,-117.64 36.7274,-117.651 36.7183,-117.864 36.5108,-118.231 36.1308,-118.242 36.1127,-118.253 36.0946,-118.264 36.0766,-118.275 36.0585,-118.33 35.977,-118.385 35.9586,-118.385 35.9676,-118.385 35.9767,-118.385 35.9857,-118.385 35.9947,-118.385 36.0037,-118.385 36.0081,-118.386 36.0603,-118.386 36.0668,-118.386 36.0758,-118.386 36.0848,-118.386 36.0939,-118.386 36.101,-118.387 36.1389,-118.387 36.1479,-118.387 36.157,-118.387 36.1629,-118.387 36.166,-118.387 36.175,-118.387 36.184,-118.387 36.193,-118.387 36.202,-118.387 36.211,-118.388 36.2157,-118.388 36.2201,-118.388 36.2291,-118.388 36.2381,-118.388 36.2471,-118.388 36.2561,-118.388 36.2649,-118.388 36.2651,-118.388 36.2741,-118.388 36.2832,-118.388 36.2922,-118.388 36.3012,-118.388 36.3102,-118.388 36.3146,-118.389 36.3192,-118.389 36.3282,-118.389 36.3372,-118.389 36.3463,-118.389 36.3553,-118.389 36.3643,-118.389 36.3664,-118.389 36.3733,-118.389 36.3823,-118.389 36.3913,-118.389 36.4003,-118.389 36.4094,-118.389 36.4136,-118.39 36.4184,-118.39 36.4274,-118.39 36.4364,-118.39 36.4634,-118.39 36.4675,-118.39 36.4725,-118.39 36.4815,-118.39 36.4905,-118.39 36.4995,-118.39 36.5085,-118.39 36.5175,-118.391 36.5224,-118.391 36.5265,-118.391 36.5356,-118.391 36.5681,-118.391 36.5716,-118.391 36.5896,-118.391 36.5987,-118.391 36.6077,-118.391 36.6167,-118.392 36.6215,-118.392 36.6257,-118.392 36.6347,-118.392 36.6683,-118.392 36.6708,-118.146 36.8253,-118.124 36.8525,-117.798 37.1148,-117.787 37.1148,-117.776 37.1148,-117.764 37.1149,-117.753 37.1149,-117.742 37.1149,-117.719 37.1149,-117.708 37.1149,-117.55 37.1239,-117.222 37.2765,-117.21 37.2855,-117.199 37.2945))
201909041659,5,2,
Pattern Matcher : 16
201909041719,6,2,201909041724,3,2,
boundary size: 1

boundary: POLYGON((-118.391 36.568,-118.391 36.5716,-118.391 36.5896,-118.391 36.5987,-118.391 36.6077,-118.391 36.6167,-118.392 36.6215,-118.392 36.6682,-118.392 36.6708,-118.392 36.6798,-118.392 36.6888,-118.392 36.6978,-118.392 36.7068,-118.392 36.7158,-118.393 36.7205,-118.393 36.7248,-118.393 36.7339,-118.393 36.7429,-118.393 36.7519,-118.393 36.7609,-118.393 36.768,-118.393 36.7699,-118.393 36.7789,-118.393 36.7879,-118.393 36.797,-118.393 36.806,-118.393 36.815,-118.394 36.8197,-118.394 36.824,-118.394 36.8601,-118.394 36.8674,-118.394 36.8691,-118.394 36.9051,-118.394 36.9141,-118.395 36.9188,-118.395 36.9231,-118.395 36.9322,-118.395 36.9412,-118.395 36.9502,-118.395 36.9592,-118.395 36.9663,-118.395 36.9682,-118.395 36.9772,-118.395 36.9862,-118.395 36.9953,-118.395 37.0043,-118.395 37.0133,-118.396 37.018,-118.396 37.0223,-118.396 37.0313,-118.396 37.0403,-118.396 37.0493,-118.396 37.0583,-118.396 37.0647,-118.396 37.0674,-118.396 37.0764,-118.396 37.0854,-118.396 37.0944,-118.396 37.1034,-118.396 37.1124,-118.397 37.1172,-118.397 37.1214,-118.397 37.1305,-118.397 37.1395,-118.397 37.1485,-118.397 37.1575,-118.397 37.1628,-118.397 37.1845,-118.397 37.1972,-118.398 37.2206,-118.398 37.2296,-118.398 37.2386,-118.398 37.2387,-118.217 37.2937,-118.21 37.2938,-118.206 37.2938,-118.203 37.2938,-118.195 37.2938,-118.194 37.2938,-117.934 37.2858,-117.776 37.2951,-117.765 37.2951,-117.753 37.2951,-117.742 37.2952,-117.731 37.2952,-117.719 37.2952,-117.708 37.2952,-117.697 37.2952,-117.692 37.2952,-117.685 37.2952,-117.674 37.2952,-117.663 37.2952,-117.651 37.2952,-117.64 37.2952,-117.629 37.2952,-117.618 37.2952,-117.595 37.2862,-117.21 37.2855,-117.199 37.2855,-116.859 37.2838,-116.848 37.2837,-116.837 37.2837,-116.837 37.262,-116.837 37.2296,-116.837 37.2206,-116.837 37.2164,-116.838 37.2116,-116.838 37.1644,-116.838 37.1575,-116.838 37.1485,-116.838 37.1395,-116.838 37.1305,-116.838 37.1298,-116.861 37.0855,-116.873 37.0766,-116.941 37.0229,-117.135 36.6543,-117.146 36.6363,-117.483 36.4118,-117.506 36.3848,-117.517 36.3758,-117.528 36.3848,-118.188 36.4465,-118.378 36.3914,-118.389 36.3913,-118.389 36.4003,-118.389 36.4127,-118.39 36.4634,-118.39 36.4675,-118.39 36.4725,-118.39 36.4815,-118.39 36.5085,-118.39 36.5175,-118.391 36.5224,-118.391 36.568))
201909041735,5,2,
Pattern Matcher : 17
201909041834,6,2,201909041844,3,2,
boundary size: 1

boundary: POLYGON((-117.543 37.2952,-117.538 37.2952,-117.527 37.2952,-117.516 37.2952,-117.504 37.2952,-117.493 37.2952,-117.488 37.2952,-117.482 37.2951,-117.445 37.2951,-117.436 37.2951,-117.425 37.2951,-117.414 37.2951,-117.406 37.295,-117.402 37.295,-117.387 37.295,-117.369 37.295,-117.364 37.295,-117.357 37.2949,-117.339 37.2949,-117.335 37.2949,-117.323 37.2949,-117.312 37.2948,-117.301 37.2948,-117.292 37.2948,-117.244 37.2946,-117.23 37.2946,-117.221 37.2946,-117.216 37.2946,-117.21 37.2945,-117.2 37.2945,-117.199 37.2945,-117.187 37.2945,-117.178 37.2944,-117.176 37.2944,-117.061 37.2939,-117.052 37.2939,-117.05 37.2939,-117.04 37.2938,-117.032 37.2938,-117.029 37.2938,-117.025 37.2938,-117.018 37.2937,-117.012 37.2937,-117.006 37.2937,-116.998 37.2936,-116.995 37.2936,-116.993 37.2936,-116.984 37.2936,-116.972 37.2935,-116.97 37.2935,-116.961 37.2934,-116.955 37.2934,-116.95 37.2934,-116.942 37.2933,-116.939 37.2933,-116.927 37.2932,-116.905 37.2841,-116.839 37.0493,-116.839 37.0403,-116.839 37.0313,-116.839 37.0223,-116.839 37.0179,-116.84 37.0133,-116.84 36.9678,-116.84 36.9592,-116.84 36.9502,-116.84 36.9412,-116.84 36.9322,-116.84 36.9231,-116.84 36.9186,-116.841 36.9141,-116.841 36.869,-116.841 36.8601,-116.841 36.851,-116.841 36.842,-116.841 36.833,-116.841 36.824,-116.841 36.8195,-116.842 36.815,-116.842 36.7697,-116.842 36.7609,-116.842 36.7519,-116.842 36.7429,-116.842 36.7339,-116.842 36.7248,-116.842 36.7203,-116.843 36.7158,-116.843 36.6699,-116.843 36.6617,-116.843 36.6527,-116.843 36.6437,-116.843 36.6347,-116.843 36.6257,-116.843 36.6213,-116.844 36.6167,-116.844 36.5697,-116.844 36.5626,-116.844 36.5536,-116.844 36.5446,-116.844 36.5356,-116.844 36.5265,-116.844 36.5223,-116.845 36.5175,-116.845 36.4691,-116.845 36.4634,-116.845 36.4544,-116.845 36.4454,-116.845 36.4364,-116.845 36.4274,-116.845 36.4233,-116.846 36.4184,-116.846 36.368,-116.846 36.3643,-116.846 36.3553,-116.846 36.3463,-116.846 36.3372,-116.846 36.3282,-116.846 36.3192,-116.847 36.3144,-116.847 36.3102,-116.847 36.2665,-116.847 36.2651,-116.847 36.2561,-116.847 36.2471,-116.847 36.2381,-116.847 36.2291,-116.847 36.2201,-116.848 36.2155,-116.848 36.211,-116.848 36.1645,-116.848 36.157,-116.848 36.1569,-117.184 35.9062,-117.184 35.9062,-117.188 35.9062,-117.195 35.9063,-117.206 35.9063,-117.206 35.9063,-117.217 35.9063,-117.224 35.9064,-117.228 35.9064,-117.236 35.9064,-117.24 35.9064,-117.251 35.9064,-117.251 35.9064,-117.273 35.9336,-117.595 36.1234,-117.651 36.1324,-118.151 35.9419,-118.162 35.9418,-118.174 35.9418,-118.196 35.9687,-118.355 36.2924,-118.377 36.3193,-118.389 36.3368,-118.389 36.3372,-118.389 36.3463,-118.389 36.3553,-118.389 36.3643,-118.358 36.5989,-118.358 36.6079,-118.358 36.6169,-118.358 36.68,-118.371 36.7791,-118.371 36.7881,-118.395 37.0133,-118.396 37.0223,-118.396 37.0313,-118.396 37.0403,-118.396 37.0493,-118.396 37.0583,-118.396 37.0647,-118.396 37.0674,-118.396 37.0764,-118.396 37.0854,-118.396 37.0944,-118.396 37.1034,-118.396 37.1124,-118.397 37.1172,-118.397 37.1214,-118.397 37.1305,-118.397 37.1395,-118.397 37.1485,-118.397 37.1575,-118.397 37.1628,-118.397 37.1845,-118.397 37.2116,-118.364 37.2929,-118.362 37.2929,-118.353 37.293,-118.349 37.293,-118.342 37.293,-118.33 37.2931,-118.328 37.2931,-118.313 37.2932,-118.308 37.2932,-118.298 37.2933,-118.277 37.2934,-118.274 37.2934,-118.27 37.2934,-118.241 37.2936,-118.24 37.2936,-118.239 37.2936,-118.217 37.2937,-118.206 37.2938,-118.195 37.2938,-118.183 37.2939,-118.182 37.2939,-118.172 37.2939,-118.162 37.294,-118.161 37.294,-118.16 37.294,-118.149 37.294,-118.149 37.294,-117.708 37.2681,-117.64 37.2952,-117.543 37.2952))
201909041856,5,2,
Pattern Matcher : 18
201909041918,6,2,201909041924,3,2,
boundary size: 1

boundary: POLYGON((-117.563 35.907,-117.573 35.907,-117.584 35.907,-117.595 35.907,-117.606 35.907,-117.618 35.907,-117.629 35.907,-117.64 35.907,-117.651 35.907,-117.662 35.907,-117.672 35.907,-117.673 35.907,-117.684 35.907,-117.695 35.907,-117.706 35.907,-117.718 35.907,-117.729 35.907,-117.734 35.907,-117.74 35.9069,-117.751 35.9069,-117.762 35.9069,-117.773 35.9069,-117.781 35.9069,-117.784 35.9069,-117.795 35.9069,-117.806 35.9069,-117.811 35.9069,-117.818 35.9068,-117.829 35.9068,-117.84 35.9068,-117.843 35.9068,-117.851 35.9068,-117.862 35.9068,-117.867 35.9068,-117.873 35.9067,-117.884 35.9067,-117.89 35.9067,-117.895 35.9067,-117.907 35.9067,-117.913 35.9066,-117.918 35.9066,-117.929 35.9066,-117.931 35.9066,-117.94 35.9066,-117.944 35.9066,-117.951 35.9065,-117.962 35.9065,-117.967 35.9065,-117.973 35.9065,-117.976 35.9065,-117.984 35.9064,-117.995 35.9064,-118 35.9064,-118.007 35.9064,-118.011 35.9064,-118.018 35.9063,-118.029 35.9063,-118.03 35.9063,-118.04 35.9063,-118.047 35.9062,-118.051 35.9062,-118.057 35.9062,-118.062 35.9062,-118.065 35.9062,-118.073 35.9061,-118.084 35.9061,-118.084 35.9061,-118.095 35.9061,-118.105 35.906,-118.107 35.906,-118.109 35.906,-118.118 35.906,-118.126 35.9059,-118.129 35.9059,-118.129 35.9059,-118.363 35.9317,-118.374 35.9317,-118.385 35.9316,-118.385 35.9406,-118.385 35.9496,-118.385 35.9576,-118.385 35.9586,-118.385 35.9676,-118.385 35.9767,-118.385 35.9857,-118.385 35.9947,-118.385 36.0037,-118.385 36.0081,-118.386 36.0127,-118.386 36.0217,-118.386 36.0308,-118.386 36.0398,-118.386 36.0488,-118.386 36.0578,-118.386 36.0605,-118.386 36.0668,-118.386 36.0758,-118.386 36.0848,-118.386 36.0939,-118.386 36.1029,-118.386 36.107,-118.387 36.1119,-118.387 36.1209,-118.387 36.1299,-118.387 36.1389,-118.387 36.1479,-118.387 36.157,-118.387 36.1629,-118.387 36.166,-118.387 36.175,-118.387 36.184,-118.387 36.193,-118.387 36.202,-118.387 36.2104,-118.388 36.2381,-118.388 36.2471,-118.388 36.2561,-118.388 36.2649,-118.388 36.2651,-118.388 36.2741,-118.388 36.2832,-118.388 36.2922,-118.388 36.3012,-118.388 36.3102,-118.388 36.3146,-118.389 36.3372,-118.389 36.3463,-118.389 36.3553,-118.389 36.3643,-118.389 36.3664,-118.389 36.3733,-118.389 36.3913,-118.389 36.4003,-118.389 36.4127,-118.39 36.4674,-118.39 36.4725,-118.39 36.4815,-118.39 36.5085,-118.39 36.5175,-118.391 36.5224,-118.391 36.5265,-118.391 36.5356,-118.391 36.568,-118.391 36.5716,-118.391 36.5896,-118.391 36.5987,-118.391 36.6077,-118.391 36.6167,-118.392 36.6215,-118.392 36.6681,-118.392 36.6708,-118.392 36.6798,-118.392 36.6888,-118.392 36.6978,-118.392 36.7068,-118.392 36.7158,-118.393 36.7205,-118.393 36.7248,-118.393 36.7339,-118.393 36.7429,-118.393 36.768,-118.393 36.7699,-118.393 36.7789,-118.393 36.7879,-118.393 36.797,-118.393 36.806,-118.393 36.815,-118.394 36.8197,-118.394 36.824,-118.384 37.0134,-118.384 37.0224,-118.384 37.0314,-118.398 37.2476,-118.398 37.2566,-118.398 37.2604,-118.398 37.2657,-118.342 37.293,-118.296 37.2933,-118.295 37.2933,-118.278 37.2934,-118.274 37.2934,-118.269 37.2934,-118.22 37.2937,-118.217 37.2937,-118.213 37.2937,-118.201 37.2938,-118.195 37.2938,-118.141 37.2941,-118.138 37.2941,-118.137 37.2941,-118.127 37.2941,-118.116 37.2942,-118.115 37.2942,-118.104 37.2942,-118.093 37.2943,-118.081 37.2943,-118.059 37.2944,-118.048 37.2945,-118.036 37.2945,-118.035 37.2945,-118.025 37.2945,-117.923 37.2948,-117.918 37.2948,-117.912 37.2949,-117.9 37.2949,-117.896 37.2949,-117.889 37.2949,-117.878 37.2949,-117.871 37.295,-117.866 37.295,-117.855 37.295,-117.849 37.295,-117.844 37.295,-117.833 37.295,-117.828 37.295,-117.821 37.2951,-117.81 37.2951,-117.799 37.2951,-117.787 37.2951,-117.776 37.2951,-117.765 37.2951,-117.753 37.2951,-117.744 37.2952,-117.685 37.2952,-117.543 37.2952,-117.538 37.2952,-117.527 37.2952,-117.516 37.2952,-117.504 37.2952,-117.493 37.2952,-117.488 37.2952,-117.482 37.2951,-117.47 37.2951,-117.459 37.2951,-117.244 37.2946,-117.23 37.2946,-117.221 37.2946,-117.216 37.2946,-117.21 37.2945,-117.2 37.2945,-117.199 37.2945,-117.187 37.2945,-117.178 37.2944,-117.176 37.2944,-117.172 37.2944,-117.165 37.2944,-117.16 37.2944,-117.154 37.2943,-117.146 37.2943,-117.142 37.2943,-117.139 37.2943,-117.131 37.2942,-117.121 37.2942,-117.12 37.2942,-117.119 37.2942,-117.108 37.2941,-117.098 37.2941,-117.097 37.2941,-117.096 37.2941,-117.086 37.294,-117.075 37.294,-117.074 37.294,-117.073 37.294,-117.063 37.2939,-117.054 37.2939,-117.049 37.2939,-117.04 37.2938,-117.034 37.2938,-117.023 37.2937,-117.018 37.2937,-117.014 37.2937,-116.997 37.2936,-116.995 37.2936,-116.994 37.2936,-116.972 37.2935,-116.97 37.2935,-116.961 37.2934,-116.927 37.2932,-116.898 37.2931,-116.893 37.293,-116.882 37.293,-116.873 37.2929,-116.871 37.2929,-116.859 37.2928,-116.837 37.2566,-116.837 37.2476,-116.837 37.2386,-116.837 37.2164,-116.838 37.2116,-116.838 37.1643,-116.838 37.1214,-116.838 37.1171,-116.839 37.1124,-116.839 37.0663,-116.839 37.0583,-116.839 37.0493,-116.839 37.0403,-116.839 37.0313,-116.839 37.0223,-116.839 37.0179,-116.84 37.0133,-116.84 36.9678,-116.84 36.9592,-116.84 36.9502,-116.84 36.9412,-116.84 36.9322,-116.84 36.9231,-116.84 36.9186,-116.841 36.9141,-116.841 36.869,-116.841 36.8601,-116.841 36.851,-116.841 36.842,-116.841 36.833,-116.841 36.824,-116.841 36.8195,-116.842 36.815,-116.842 36.7697,-116.842 36.7609,-116.842 36.7519,-116.842 36.7429,-116.842 36.7339,-116.842 36.7248,-116.843 36.7158,-116.843 36.7149,-116.843 36.7068,-116.843 36.6699,-116.843 36.6617,-116.843 36.6527,-116.843 36.6437,-116.843 36.6347,-116.843 36.6257,-116.843 36.6213,-116.844 36.6167,-116.844 36.5697,-116.844 36.5626,-116.844 36.5536,-116.844 36.5446,-116.844 36.5356,-116.844 36.5265,-116.844 36.5223,-116.845 36.5175,-116.845 36.4691,-116.845 36.4634,-116.845 36.4544,-116.845 36.4454,-116.845 36.4364,-116.845 36.4274,-116.846 36.4184,-116.846 36.4121,-116.846 36.4003,-116.846 36.368,-116.846 36.3643,-116.846 36.3553,-116.846 36.3463,-116.846 36.3372,-116.846 36.3282,-116.846 36.3192,-116.847 36.3144,-116.847 36.3102,-116.847 36.2665,-116.847 36.2651,-116.847 36.2561,-116.847 36.2471,-116.847 36.2381,-116.847 36.2291,-116.847 36.2201,-116.848 36.211,-116.848 36.2086,-116.848 36.193,-116.848 36.1645,-116.848 36.157,-116.848 36.1479,-116.848 36.1389,-116.848 36.1389,-116.849 36.1119,-116.849 36.0621,-116.849 36.0578,-116.849 36.0488,-116.849 36.0398,-116.849 36.0308,-116.849 36.0217,-116.849 36.0127,-116.85 36.008,-116.85 36.0037,-116.85 35.9592,-116.85 35.9586,-116.85 35.9496,-116.85 35.9406,-116.85 35.9316,-116.85 35.9315,-116.939 35.9051,-116.943 35.9051,-116.951 35.9051,-116.962 35.9052,-116.964 35.9052,-116.973 35.9053,-116.979 35.9053,-116.984 35.9053,-116.991 35.9054,-116.995 35.9054,-116.998 35.9054,-117.006 35.9054,-117.017 35.9055,-117.017 35.9055,-117.028 35.9056,-117.037 35.9056,-117.039 35.9056,-117.041 35.9056,-117.051 35.9057,-117.058 35.9057,-117.062 35.9057,-117.066 35.9057,-117.073 35.9058,-117.08 35.9058,-117.084 35.9058,-117.088 35.9058,-117.095 35.9059,-117.103 35.9059,-117.106 35.9059,-117.109 35.9059,-117.117 35.906,-117.126 35.906,-117.128 35.906,-117.13 35.906,-117.14 35.9061,-117.151 35.9061,-117.162 35.9061,-117.17 35.9062,-117.173 35.9062,-117.178 35.9062,-117.184 35.9062,-117.188 35.9062,-117.195 35.9063,-117.206 35.9063,-117.206 35.9063,-117.217 35.9063,-117.224 35.9064,-117.228 35.9064,-117.236 35.9064,-117.24 35.9064,-117.251 35.9064,-117.259 35.9065,-117.262 35.9065,-117.268 35.9065,-117.273 35.9065,-117.284 35.9065,-117.291 35.9066,-117.295 35.9066,-117.304 35.9066,-117.306 35.9066,-117.317 35.9066,-117.322 35.9066,-117.328 35.9067,-117.345 35.9067,-117.351 35.9067,-117.362 35.9067,-117.368 35.9068,-117.373 35.9068,-117.392 35.9068,-117.395 35.9068,-117.406 35.9068,-117.417 35.9068,-117.424 35.9069,-117.429 35.9069,-117.454 35.9069,-117.462 35.9069,-117.473 35.9069,-117.484 35.9069,-117.495 35.9069,-117.501 35.907,-117.506 35.907,-117.563 35.907))
201909041938,5,2,
Pattern Matcher : 19
201909042039,6,2,201909042047,3,2,
boundary size: 1

boundary: POLYGON((-117.672 35.907,-117.673 35.907,-117.684 35.907,-117.695 35.907,-117.706 35.907,-117.718 35.907,-117.729 35.907,-117.734 35.907,-117.74 35.9069,-117.751 35.9069,-117.762 35.9069,-117.773 35.9069,-117.781 35.9069,-117.784 35.9069,-117.795 35.9069,-117.806 35.9069,-117.811 35.9069,-117.818 35.9068,-117.829 35.9068,-117.84 35.9068,-117.843 35.9068,-117.851 35.9068,-117.862 35.9068,-117.867 35.9068,-117.873 35.9067,-117.884 35.9067,-117.89 35.9067,-117.895 35.9067,-117.907 35.9067,-117.913 35.9066,-117.918 35.9066,-117.929 35.9066,-117.931 35.9066,-117.94 35.9066,-117.944 35.9066,-117.951 35.9065,-117.962 35.9065,-117.967 35.9065,-117.973 35.9065,-117.976 35.9065,-117.984 35.9064,-117.995 35.9064,-118 35.9064,-118.007 35.9064,-118.011 35.9064,-118.018 35.9063,-118.029 35.9063,-118.03 35.9063,-118.04 35.9063,-118.047 35.9062,-118.051 35.9062,-118.057 35.9062,-118.062 35.9062,-118.065 35.9062,-118.073 35.9061,-118.084 35.9061,-118.084 35.9061,-118.095 35.9061,-118.105 35.906,-118.107 35.906,-118.109 35.906,-118.118 35.906,-118.127 35.9059,-118.131 35.9059,-118.14 35.9059,-118.148 35.9058,-118.154 35.9058,-118.162 35.9058,-118.17 35.9057,-118.176 35.9057,-118.184 35.9057,-118.194 35.9056,-118.196 35.9056,-118.198 35.9056,-118.207 35.9056,-118.218 35.9055,-118.229 35.9054,-118.237 35.9054,-118.24 35.9054,-118.244 35.9054,-118.251 35.9053,-118.387 36.1385,-118.387 36.157,-118.387 36.1629,-118.387 36.166,-118.387 36.175,-118.387 36.184,-118.387 36.193,-118.387 36.202,-118.387 36.2104,-118.387 36.211,-118.388 36.2201,-118.388 36.2291,-118.388 36.2649,-118.388 36.2651,-118.388 36.2741,-118.388 36.2832,-118.388 36.2922,-118.388 36.3012,-118.388 36.3102,-118.388 36.3146,-118.389 36.3192,-118.389 36.3282,-118.389 36.3372,-118.389 36.3463,-118.389 36.3553,-118.389 36.3643,-118.389 36.3664,-118.389 36.3733,-118.389 36.3823,-118.389 36.3913,-118.389 36.4003,-118.389 36.4127,-118.39 36.4184,-118.39 36.4274,-118.39 36.4364,-118.39 36.4454,-118.39 36.4544,-118.39 36.4634,-118.39 36.4675,-118.39 36.4959,-118.381 36.7069,-118.381 36.7159,-118.394 36.8601,-118.394 36.8674,-118.394 36.8691,-118.394 36.8961,-118.363 37.1938,-118.33 37.2571,-118.308 37.2842,-118.296 37.2933,-118.293 37.2933,-118.285 37.2934,-118.28 37.2934,-118.274 37.2934,-118.265 37.2935,-118.263 37.2935,-118.251 37.2936,-118.242 37.2936,-118.24 37.2936,-118.237 37.2936,-118.229 37.2937,-118.222 37.2937,-118.217 37.2937,-118.212 37.2937,-118.2 37.2938,-118.195 37.2938,-118.188 37.2939,-118.178 37.2939,-118.172 37.2939,-118.165 37.294,-118.157 37.294,-118.149 37.294,-118.141 37.2941,-118.135 37.2941,-118.127 37.2941,-118.118 37.2942,-118.113 37.2942,-118.104 37.2942,-118.096 37.2943,-118.093 37.2943,-118.089 37.2943,-118.081 37.2943,-117.835 37.295,-117.833 37.295,-117.821 37.2951,-117.81 37.2951,-117.799 37.2951,-117.79 37.2951,-117.787 37.2951,-117.312 37.2948,-117.298 37.2948,-117.289 37.2948,-117.285 37.2948,-117.278 37.2947,-117.263 37.2947,-117.255 37.2947,-117.244 37.2946,-117.233 37.2946,-117.221 37.2946,-117.21 37.2945,-117.199 37.2945,-117.187 37.2945,-117.178 37.2944,-117.176 37.2944,-117.173 37.2944,-117.159 37.2943,-117.154 37.2943,-117.147 37.2943,-117.138 37.2943,-117.131 37.2942,-117.121 37.2942,-117.12 37.2942,-117.119 37.2942,-117.108 37.2941,-117.098 37.2941,-117.097 37.2941,-117.096 37.2941,-117.086 37.294,-117.075 37.294,-117.074 37.294,-117.073 37.294,-117.063 37.2939,-117.054 37.2939,-117.049 37.2939,-117.04 37.2938,-117.034 37.2938,-117.023 37.2937,-117.018 37.2937,-117.014 37.2937,-116.997 37.2936,-116.995 37.2936,-116.994 37.2936,-116.972 37.2935,-116.961 37.2934,-116.957 37.2934,-116.927 37.2932,-116.898 37.2931,-116.893 37.293,-116.837 37.2837,-116.837 37.262,-116.837 37.2566,-116.837 37.2476,-116.837 37.2386,-116.837 37.2296,-116.837 37.2206,-116.837 37.2164,-116.838 37.2116,-116.838 37.1644,-116.838 37.1485,-116.838 37.1395,-116.838 37.1305,-116.838 37.1214,-116.838 37.1171,-116.839 37.1124,-116.839 37.0663,-116.839 37.0583,-116.839 37.0493,-116.839 37.0403,-116.839 37.0313,-116.839 37.0223,-116.839 37.0179,-116.84 37.0133,-116.84 36.9678,-116.84 36.9186,-116.841 36.9141,-116.841 36.8688,-116.841 36.8195,-116.842 36.815,-116.842 36.7696,-116.843 36.7158,-116.843 36.7149,-116.843 36.7068,-116.843 36.6699,-116.843 36.6617,-116.843 36.6527,-116.843 36.6437,-116.843 36.6347,-116.843 36.6257,-116.843 36.6213,-116.844 36.6167,-116.844 36.5697,-116.844 36.5626,-116.844 36.5536,-116.844 36.5446,-116.844 36.5356,-116.844 36.5265,-116.844 36.5223,-116.845 36.5175,-116.845 36.4691,-116.845 36.4634,-116.845 36.4544,-116.845 36.4454,-116.845 36.4364,-116.845 36.4274,-116.846 36.4184,-116.846 36.4121,-116.846 36.4003,-116.846 36.368,-116.846 36.3643,-116.846 36.3636,-116.859 36.166,-116.859 36.157,-116.85 35.9441,-116.85 35.9406,-116.85 35.9316,-116.85 35.9226,-116.85 35.9136,-116.85 35.9092,-116.851 35.9045,-116.862 35.9046,-116.868 35.9047,-116.873 35.9047,-116.884 35.9048,-116.891 35.9048,-116.895 35.9048,-116.902 35.9049,-116.906 35.9049,-116.917 35.905,-116.925 35.905,-116.928 35.905,-116.933 35.905,-116.939 35.9051,-116.942 35.9051,-116.951 35.9051,-116.962 35.9052,-116.964 35.9052,-116.973 35.9053,-116.979 35.9053,-116.984 35.9053,-116.991 35.9054,-116.995 35.9054,-116.998 35.9054,-117.006 35.9054,-117.017 35.9055,-117.017 35.9055,-117.028 35.9056,-117.037 35.9056,-117.039 35.9056,-117.041 35.9056,-117.051 35.9057,-117.058 35.9057,-117.062 35.9057,-117.066 35.9057,-117.073 35.9058,-117.08 35.9058,-117.084 35.9058,-117.088 35.9058,-117.095 35.9059,-117.103 35.9059,-117.106 35.9059,-117.109 35.9059,-117.117 35.906,-117.126 35.906,-117.128 35.906,-117.13 35.906,-117.14 35.9061,-117.151 35.9061,-117.162 35.9061,-117.17 35.9062,-117.173 35.9062,-117.178 35.9062,-117.184 35.9062,-117.188 35.9062,-117.195 35.9063,-117.206 35.9063,-117.206 35.9063,-117.217 35.9063,-117.224 35.9064,-117.228 35.9064,-117.236 35.9064,-117.259 35.9065,-117.262 35.9065,-117.268 35.9065,-117.273 35.9065,-117.284 35.9065,-117.291 35.9066,-117.295 35.9066,-117.304 35.9066,-117.306 35.9066,-117.317 35.9066,-117.322 35.9066,-117.328 35.9067,-117.345 35.9067,-117.351 35.9067,-117.362 35.9067,-117.368 35.9068,-117.373 35.9068,-117.393 35.9068,-117.395 35.9068,-117.406 35.9068,-117.417 35.9068,-117.424 35.9069,-117.429 35.9069,-117.454 35.9069,-117.462 35.9069,-117.473 35.9069,-117.484 35.9069,-117.495 35.9069,-117.501 35.907,-117.506 35.907,-117.563 35.907,-117.573 35.907,-117.618 35.907,-117.629 35.907,-117.64 35.907,-117.651 35.907,-117.662 35.907,-117.672 35.907))
201909042056,5,2,
Pattern Matcher : 20
201909042130,6,2,201909042139,3,2,
boundary size: 1

boundary: POLYGON((-117.165 37.2944,-117.165 37.2944,-117.16 37.2944,-117.154 37.2943,-117.146 37.2943,-117.142 37.2943,-117.139 37.2943,-117.131 37.2942,-117.121 37.2942,-117.12 37.2942,-117.119 37.2942,-117.108 37.2941,-117.098 37.2941,-117.097 37.2941,-117.086 37.294,-117.074 37.294,-117.063 37.2939,-117.052 37.2939,-117.05 37.2939,-117.04 37.2938,-117.032 37.2938,-117.029 37.2938,-117.025 37.2938,-117.018 37.2937,-117.012 37.2937,-117.006 37.2937,-116.998 37.2936,-116.995 37.2936,-116.993 37.2936,-116.984 37.2936,-116.838 37.1219,-116.838 37.1214,-116.838 37.1171,-116.839 37.1124,-116.839 37.0663,-116.839 37.0583,-116.839 37.0493,-116.839 37.0403,-116.839 37.0313,-116.839 37.0223,-116.84 37.0133,-116.84 37.0124,-116.84 37.0043,-116.898 36.7793,-116.888 36.6079,-116.856 36.4815,-116.856 36.4725,-116.856 36.4635,-116.858 36.3013,-116.858 36.2922,-116.858 36.2832,-116.849 36.1029,-116.849 36.0621,-116.849 36.0578,-116.849 36.0488,-116.849 36.0398,-116.849 36.0308,-116.849 36.0217,-116.849 36.0131,-116.85 36.0037,-116.85 35.9592,-116.85 35.9586,-116.85 35.9496,-116.85 35.9406,-116.85 35.9316,-116.85 35.9226,-116.85 35.9136,-116.85 35.9092,-116.851 35.9045,-116.862 35.9046,-116.867 35.9046,-116.873 35.9047,-116.884 35.9048,-116.892 35.9048,-116.9 35.9048,-116.906 35.9049,-116.917 35.905,-116.926 35.905,-116.933 35.905,-116.939 35.9051,-116.942 35.9051,-116.951 35.9051,-116.962 35.9052,-116.964 35.9052,-116.973 35.9053,-116.98 35.9053,-116.99 35.9054,-116.995 35.9054,-116.999 35.9054,-117.015 35.9055,-117.017 35.9055,-117.028 35.9056,-117.038 35.9056,-117.039 35.9056,-117.041 35.9056,-117.051 35.9057,-117.058 35.9057,-117.062 35.9057,-117.066 35.9057,-117.073 35.9058,-117.08 35.9058,-117.084 35.9058,-117.088 35.9058,-117.095 35.9059,-117.103 35.9059,-117.106 35.9059,-117.109 35.9059,-117.117 35.906,-117.126 35.906,-117.128 35.906,-117.13 35.906,-117.14 35.9061,-117.151 35.9061,-117.162 35.9061,-117.17 35.9062,-117.173 35.9062,-117.178 35.9062,-117.184 35.9062,-117.188 35.9062,-117.195 35.9063,-117.205 35.9063,-117.206 35.9063,-117.217 35.9063,-117.223 35.9064,-117.228 35.9064,-117.237 35.9064,-117.258 35.9065,-117.262 35.9065,-117.27 35.9065,-117.291 35.9066,-117.295 35.9066,-117.304 35.9066,-117.306 35.9066,-117.317 35.9066,-117.322 35.9066,-117.328 35.9067,-117.345 35.9067,-117.351 35.9067,-117.367 35.9067,-117.373 35.9068,-117.384 35.9068,-117.473 35.9159,-117.495 35.916,-117.506 35.916,-117.551 35.925,-117.673 35.934,-117.684 35.934,-117.695 35.934,-117.862 35.9068,-117.862 35.9068,-117.867 35.9068,-117.873 35.9067,-117.884 35.9067,-117.89 35.9067,-117.895 35.9067,-117.907 35.9067,-117.913 35.9066,-117.918 35.9066,-117.929 35.9066,-117.931 35.9066,-117.94 35.9066,-117.944 35.9066,-117.951 35.9065,-117.962 35.9065,-117.967 35.9065,-117.973 35.9065,-117.976 35.9065,-117.984 35.9064,-117.995 35.9064,-117.999 35.9064,-118.007 35.9064,-118.011 35.9064,-118.018 35.9063,-118.029 35.9063,-118.03 35.9063,-118.04 35.9063,-118.047 35.9062,-118.051 35.9062,-118.057 35.9062,-118.062 35.9062,-118.065 35.9062,-118.073 35.9061,-118.084 35.9061,-118.084 35.9061,-118.095 35.9061,-118.105 35.906,-118.107 35.906,-118.109 35.906,-118.118 35.906,-118.126 35.9059,-118.129 35.9059,-118.132 35.9059,-118.14 35.9059,-118.147 35.9058,-118.151 35.9058,-118.155 35.9058,-118.162 35.9058,-118.169 35.9057,-118.173 35.9057,-118.177 35.9057,-118.184 35.9057,-118.194 35.9056,-118.196 35.9056,-118.198 35.9056,-118.207 35.9056,-118.307 35.923,-118.329 35.95,-118.386 36.0127,-118.386 36.0217,-118.386 36.0308,-118.386 36.0398,-118.386 36.0488,-118.386 36.0604,-118.386 36.0668,-118.386 36.0758,-118.386 36.0878,-118.386 36.0939,-118.386 36.101,-118.386 36.1029,-118.387 36.1389,-118.387 36.1479,-118.387 36.157,-118.387 36.1629,-118.387 36.166,-118.387 36.175,-118.387 36.184,-118.387 36.193,-118.387 36.202,-118.387 36.2104,-118.388 36.2648,-118.388 36.2651,-118.388 36.2741,-118.388 36.2832,-118.388 36.3102,-118.389 36.3464,-118.389 36.3663,-118.389 36.3733,-118.389 36.3913,-118.389 36.4003,-118.389 36.4127,-118.39 36.4454,-118.39 36.4544,-118.39 36.4674,-118.39 36.4725,-118.39 36.4815,-118.39 36.5085,-118.39 36.5175,-118.391 36.5225,-118.391 36.5675,-118.391 36.5716,-118.391 36.5896,-118.391 36.5987,-118.391 36.6077,-118.391 36.6167,-118.392 36.6216,-118.392 36.6676,-118.392 36.6708,-118.392 36.6798,-118.392 36.6888,-118.392 36.6978,-118.392 36.7068,-118.392 36.7158,-118.393 36.7206,-118.393 36.7678,-118.393 36.7789,-118.393 36.7879,-118.393 36.797,-118.393 36.806,-118.393 36.815,-118.394 36.8197,-118.394 36.824,-118.394 36.8515,-118.263 37.2935,-118.263 37.2935,-118.251 37.2936,-118.242 37.2936,-118.24 37.2936,-118.237 37.2936,-118.229 37.2937,-118.222 37.2937,-118.217 37.2937,-118.211 37.2938,-118.201 37.2938,-118.195 37.2938,-118.187 37.2939,-118.18 37.2939,-118.172 37.2939,-118.163 37.294,-118.159 37.294,-118.149 37.294,-118.093 37.2943,-118.093 37.2943,-118.081 37.2943,-118.059 37.2944,-118.048 37.2945,-118.036 37.2945,-118.025 37.2945,-118.014 37.2946,-118.002 37.2946,-117.991 37.2946,-117.983 37.2947,-117.923 37.2948,-117.918 37.2948,-117.912 37.2949,-117.9 37.2949,-117.896 37.2949,-117.889 37.2949,-117.878 37.2949,-117.871 37.295,-117.866 37.295,-117.866 37.295,-117.685 37.2141,-117.21 37.2855,-117.165 37.2944))
201909042154,5,2,
Pattern Matcher : 21
201909042339,6,2,201909042346,3,2,
boundary size: 1

boundary: POLYGON((-117.563 35.907,-117.573 35.907,-117.584 35.907,-117.595 35.907,-117.606 35.907,-117.618 35.907,-117.629 35.907,-117.64 35.907,-117.651 35.907,-117.662 35.907,-117.672 35.907,-117.673 35.907,-117.684 35.907,-117.695 35.907,-117.706 35.907,-117.718 35.907,-117.729 35.907,-117.734 35.907,-117.74 35.9069,-117.751 35.9069,-117.762 35.9069,-117.773 35.9069,-117.781 35.9069,-117.784 35.9069,-117.795 35.9069,-117.806 35.9069,-117.811 35.9069,-117.818 35.9068,-117.829 35.9068,-117.84 35.9068,-117.843 35.9068,-117.851 35.9068,-117.862 35.9068,-117.867 35.9068,-117.873 35.9067,-117.884 35.9067,-117.89 35.9067,-117.895 35.9067,-117.907 35.9067,-117.913 35.9066,-117.918 35.9066,-117.929 35.9066,-117.931 35.9066,-117.94 35.9066,-117.944 35.9066,-117.951 35.9065,-117.962 35.9065,-117.967 35.9065,-117.973 35.9065,-117.976 35.9065,-117.984 35.9064,-117.995 35.9064,-117.999 35.9064,-118.007 35.9064,-118.011 35.9064,-118.018 35.9063,-118.029 35.9063,-118.03 35.9063,-118.04 35.9063,-118.047 35.9062,-118.057 35.9062,-118.062 35.9062,-118.066 35.9062,-118.084 35.9061,-118.084 35.9061,-118.095 35.9061,-118.105 35.906,-118.107 35.906,-118.109 35.906,-118.118 35.906,-118.126 35.9059,-118.129 35.9059,-118.132 35.9059,-118.14 35.9059,-118.147 35.9058,-118.151 35.9058,-118.155 35.9058,-118.162 35.9058,-118.169 35.9057,-118.173 35.9057,-118.177 35.9057,-118.184 35.9057,-118.194 35.9056,-118.196 35.9056,-118.198 35.9056,-118.207 35.9056,-118.218 35.9055,-118.229 35.9054,-118.237 35.9054,-118.24 35.9054,-118.244 35.9054,-118.251 35.9053,-118.256 35.9053,-118.262 35.9053,-118.27 35.9052,-118.273 35.9052,-118.284 35.9051,-118.374 35.9587,-118.385 35.985,-118.385 35.9857,-118.385 35.9947,-118.385 36.0037,-118.385 36.0081,-118.386 36.0127,-118.386 36.0217,-118.386 36.0308,-118.386 36.0398,-118.386 36.0488,-118.386 36.0604,-118.386 36.0668,-118.386 36.0758,-118.367 36.3915,-118.367 36.4005,-118.367 36.4095,-118.376 36.486,-118.358 36.68,-118.395 36.9846,-118.395 36.9862,-118.395 36.9953,-118.395 37.0043,-118.395 37.0133,-118.396 37.018,-118.396 37.0223,-118.396 37.0646,-118.396 37.0674,-118.396 37.0764,-118.396 37.0854,-118.396 37.0944,-118.396 37.1034,-118.396 37.1124,-118.397 37.1172,-118.397 37.1576,-118.375 37.1847,-118.217 37.2937,-118.212 37.2937,-118.2 37.2938,-118.195 37.2938,-118.188 37.2939,-118.178 37.2939,-118.172 37.2939,-118.165 37.294,-118.157 37.294,-118.149 37.294,-117.923 37.2948,-117.918 37.2948,-117.896 37.2949,-117.889 37.2949,-117.878 37.2949,-117.871 37.295,-117.866 37.295,-117.866 37.295,-117.731 37.2681,-117.176 37.2764,-117.165 37.2763,-117.154 37.2763,-117.131 37.2492,-117.109 37.222,-117.109 37.213,-117.109 37.204,-117.123 36.8075,-117.112 36.6992,-117.112 36.6902,-117.102 36.5189,-117.025 36.3383,-116.85 35.9676,-116.85 35.9592,-116.85 35.9586,-116.85 35.9496,-116.861 35.9226,-116.873 35.9047,-116.873 35.9047,-116.884 35.9048,-116.891 35.9048,-116.895 35.9048,-116.902 35.9049,-116.906 35.9049,-116.917 35.905,-116.925 35.905,-116.928 35.905,-116.933 35.905,-116.939 35.9051,-116.942 35.9051,-116.951 35.9051,-116.962 35.9052,-116.964 35.9052,-116.973 35.9053,-116.979 35.9053,-116.984 35.9053,-116.991 35.9054,-116.995 35.9054,-116.998 35.9054,-117.006 35.9054,-117.017 35.9055,-117.017 35.9055,-117.028 35.9056,-117.037 35.9056,-117.039 35.9056,-117.041 35.9056,-117.051 35.9057,-117.058 35.9057,-117.062 35.9057,-117.065 35.9057,-117.073 35.9058,-117.082 35.9058,-117.086 35.9058,-117.095 35.9059,-117.106 35.9059,-117.117 35.906,-117.128 35.906,-117.14 35.9061,-117.154 35.9061,-117.169 35.9062,-117.173 35.9062,-117.178 35.9062,-117.184 35.9062,-117.188 35.9062,-117.195 35.9063,-117.205 35.9063,-117.206 35.9063,-117.217 35.9063,-117.224 35.9064,-117.228 35.9064,-117.236 35.9064,-117.24 35.9064,-117.251 35.9064,-117.259 35.9065,-117.262 35.9065,-117.268 35.9065,-117.273 35.9065,-117.284 35.9065,-117.291 35.9066,-117.295 35.9066,-117.304 35.9066,-117.306 35.9066,-117.317 35.9066,-117.322 35.9066,-117.328 35.9067,-117.345 35.9067,-117.351 35.9067,-117.362 35.9067,-117.368 35.9068,-117.373 35.9068,-117.392 35.9068,-117.395 35.9068,-117.406 35.9068,-117.417 35.9068,-117.424 35.9069,-117.429 35.9069,-117.454 35.9069,-117.462 35.9069,-117.473 35.9069,-117.484 35.9069,-117.495 35.9069,-117.501 35.907,-117.506 35.907,-117.563 35.907))
201909042359,5,2,
Pattern Matcher : 22
201909050032,6,2,201909050044,3,2,
boundary size: 1

boundary: POLYGON((-118.115 37.2942,-118.058 37.2313,-117.539 37.0789,-117.064 37.1407,-116.852 37.2899,-116.838 37.2843,-116.897 36.9235,-116.897 36.9145,-116.897 36.9055,-117.002 36.4373,-117.002 36.4283,-116.981 36.2839,-116.849 36.0668,-116.849 36.0621,-116.849 36.0578,-116.849 36.0488,-116.849 36.0398,-116.849 36.0308,-116.849 36.0217,-116.849 36.0131,-116.85 36.0037,-116.85 35.9592,-116.85 35.9226,-116.85 35.9136,-116.85 35.9092,-116.851 35.9045,-116.862 35.9046,-116.868 35.9047,-116.873 35.9047,-116.884 35.9048,-116.891 35.9048,-116.895 35.9048,-116.902 35.9049,-116.906 35.9049,-116.917 35.905,-116.925 35.905,-116.928 35.905,-116.933 35.905,-116.939 35.9051,-116.942 35.9051,-116.951 35.9051,-116.962 35.9052,-116.964 35.9052,-116.973 35.9053,-116.979 35.9053,-116.984 35.9053,-116.991 35.9054,-116.995 35.9054,-116.998 35.9054,-117.006 35.9054,-117.017 35.9055,-117.017 35.9055,-117.028 35.9056,-117.038 35.9056,-117.04 35.9056,-117.051 35.9057,-117.06 35.9057,-117.064 35.9057,-117.073 35.9058,-117.081 35.9058,-117.087 35.9058,-117.095 35.9059,-117.103 35.9059,-117.106 35.9059,-117.109 35.9059,-117.117 35.906,-117.126 35.906,-117.128 35.906,-117.13 35.906,-117.14 35.9061,-117.151 35.9061,-117.162 35.9061,-117.17 35.9062,-117.173 35.9062,-117.178 35.9062,-117.184 35.9062,-117.188 35.9062,-117.195 35.9063,-117.206 35.9063,-117.206 35.9063,-117.217 35.9063,-117.224 35.9064,-117.228 35.9064,-117.235 35.9064,-117.24 35.9064,-117.251 35.9064,-117.259 35.9065,-117.262 35.9065,-117.268 35.9065,-117.273 35.9065,-117.284 35.9065,-117.291 35.9066,-117.295 35.9066,-117.304 35.9066,-117.306 35.9066,-117.317 35.9066,-117.322 35.9066,-117.328 35.9067,-117.345 35.9067,-117.351 35.9067,-117.362 35.9067,-117.368 35.9068,-117.373 35.9068,-117.394 35.9068,-117.423 35.9069,-117.429 35.9069,-117.454 35.9069,-117.462 35.9069,-117.473 35.9069,-117.484 35.9069,-117.495 35.9069,-117.501 35.907,-117.506 35.907,-117.563 35.907,-117.573 35.907,-117.584 35.907,-117.595 35.907,-117.606 35.907,-117.618 35.907,-117.629 35.907,-117.64 35.907,-117.962 35.9245,-118.018 35.9063,-118.029 35.9063,-118.03 35.9063,-118.04 35.9063,-118.047 35.9062,-118.057 35.9062,-118.062 35.9062,-118.066 35.9062,-118.084 35.9061,-118.084 35.9061,-118.095 35.9061,-118.105 35.906,-118.107 35.906,-118.109 35.906,-118.118 35.906,-118.126 35.9059,-118.129 35.9059,-118.129 35.9059,-118.285 35.9232,-118.296 35.9231,-118.307 35.923,-118.329 35.9229,-118.351 35.9318,-118.363 36.0309,-118.364 36.0399,-118.364 36.0489,-118.365 36.2112,-118.365 36.2202,-118.365 36.2292,-118.323 36.4639,-118.384 36.6723,-118.382 36.752,-118.382 36.761,-118.382 36.77,-118.396 37.1011,-118.396 37.1034,-118.263 37.2935,-118.218 37.2937,-118.217 37.2937,-118.216 37.2937,-118.197 37.2938,-118.195 37.2938,-118.193 37.2938,-118.176 37.2939,-118.172 37.2939,-118.168 37.2939,-118.154 37.294,-118.149 37.294,-118.143 37.2941,-118.133 37.2941,-118.127 37.2941,-118.118 37.2942,-118.115 37.2942))
201909050059,5,2,
Pattern Matcher : 23
201909050134,6,2,201909050144,3,2,
boundary size: 1

boundary: POLYGON((-118.391 36.6415,-118.382 36.8331,-118.382 36.8421,-118.249 37.0412,-118.238 37.0683,-118.227 37.0864,-118.216 37.0954,-118.002 37.2945,-117.64 37.2952,-117.629 37.2952,-117.618 37.2952,-117.606 37.2952,-117.595 37.2952,-117.584 37.2952,-117.572 37.2952,-117.561 37.2862,-117.55 37.2772,-117.245 37.0783,-116.839 37.0493,-116.839 37.0304,-116.874 36.9414,-116.908 36.8785,-116.848 36.175,-116.848 36.1645,-116.848 36.1389,-116.849 36.1119,-116.849 36.1029,-116.849 36.0939,-116.849 36.0848,-116.849 36.0758,-117.317 35.9337,-117.328 35.9337,-117.34 35.9337,-117.673 35.9521,-117.684 35.9611,-118.03 36.1587,-118.264 36.1487,-118.32 36.1574,-118.32 36.1664,-118.32 36.1754,-118.311 36.3648,-118.311 36.3738,-118.391 36.6415))
201909050156,5,2,
Pattern Matcher : 24
201909050231,6,2,201909050242,3,2,
boundary size: 1

boundary: POLYGON((-118.396 37.0584,-118.325 37.2251,-118.239 37.2671,-118.069 37.1411,-118.047 37.1322,-117.855 37.0967,-117.843 37.0967,-117.809 37.0968,-117.787 37.0878,-117.18 36.6905,-117.157 36.6814,-117.091 36.5459,-117.091 36.5369,-117.204 36.357,-117.215 36.3571,-117.249 36.3572,-117.271 36.3663,-117.483 36.4568,-117.718 36.5741,-117.853 36.5829,-117.864 36.5829,-117.875 36.5828,-118.101 36.7264,-118.112 36.7353,-118.134 36.7623,-118.157 36.7892,-118.361 36.9324,-118.396 37.0303,-118.396 37.0584))
201909050258,5,2,
Pattern Matcher : 25
201909050318,6,2,201909050329,3,2,
boundary size: 1

boundary: POLYGON((-118.396 37.0647,-118.396 37.0674,-118.396 37.0764,-118.385 37.0855,-118.362 37.0766,-118.339 37.0497,-117.831 36.7362,-117.775 36.7272,-117.696 36.7003,-117.674 36.6913,-117.348 36.673,-117.326 36.6639,-117.303 36.6368,-117.315 36.6188,-117.371 36.6279,-117.707 36.6282,-117.718 36.6282,-117.73 36.6281,-117.831 36.628,-117.853 36.637,-118.351 37.0316,-118.362 37.0315,-118.396 37.0313,-118.396 37.0313,-118.396 37.0403,-118.396 37.0493,-118.396 37.0583,-118.396 37.0647))
201909050346,5,2,
Pattern Matcher : 26
201909050427,6,2,201909050433,3,2,
boundary size: 1

boundary: POLYGON((-118.396 37.0647,-118.396 37.0674,-118.396 37.0764,-118.385 37.0855,-118.362 37.0766,-118.306 37.0499,-117.786 36.6822,-117.741 36.6732,-117.73 36.6642,-117.73 36.6552,-117.741 36.6281,-117.763 36.6011,-117.775 36.6011,-117.786 36.61,-118.236 36.7618,-118.258 36.7707,-118.281 36.7976,-118.396 37.0306,-118.396 37.0313,-118.396 37.0403,-118.396 37.0493,-118.396 37.0583,-118.396 37.0647))
201909050445,5,2,
Pattern Matcher : 27
201909050527,6,2,201909050534,3,2,
boundary size: 1

boundary: POLYGON((-117.603 35.9185,-117.595 35.925,-117.417 36.015,-117.261 36.1499,-117.238 36.1769,-117.081 36.3656,-116.98 36.3921,-116.958 36.383,-116.847 36.3289,-116.883 36.0753,-117.094 35.9151,-117.529 35.925,-117.54 35.925,-117.551 35.925,-117.603 35.9185))
201909050552,5,2,
Pattern Matcher : 28
201909050527,6,2,201909050536,3,2,
boundary size: 1

boundary: POLYGON((-118.396 37.0647,-118.396 37.0674,-118.396 37.0764,-118.385 37.0855,-118.362 37.0766,-118.339 37.0497,-118.339 37.0407,-118.351 37.0316,-118.362 37.0315,-118.396 37.0313,-118.396 37.0313,-118.396 37.0403,-118.396 37.0493,-118.396 37.0583,-118.396 37.0647))
201909050552,5,2,
Pattern Matcher : 29
201909050620,6,2,201909050630,3,2,
boundary size: 1

boundary: POLYGON((-116.846 36.509,-116.857 36.3463,-116.849 36.2016,-116.926 36.1845,-116.937 36.1845,-117.462 36.0241,-117.473 36.0151,-117.522 35.978,-117.573 36.3848,-117.573 36.3938,-117.561 36.511,-117.561 36.52,-117.561 36.529,-117.438 36.601,-117.427 36.601,-117.393 36.6009,-116.978 36.6445,-116.967 36.6445,-116.955 36.6444,-116.856 36.5631,-116.846 36.509))
201909050644,5,2,
Pattern Matcher : 30
201909050620,6,2,201909050633,3,2,
boundary size: 1

boundary: POLYGON((-118.396 37.0583,-118.362 37.0586,-118.339 37.0497,-118.339 37.0407,-117.561 36.529,-118.351 37.0316,-118.362 37.0315,-118.396 37.0313,-118.396 37.0313,-118.396 37.0403,-118.396 37.0493,-118.396 37.0583))
201909050644,5,2,
Pattern Matcher : 31
201909050712,6,2,201909050718,3,2,
boundary size: 1

boundary: POLYGON((-116.844 36.5692,-116.844 36.5223,-116.845 36.5175,-116.845 36.4685,-116.845 36.4234,-116.846 36.4184,-116.846 36.3677,-116.846 36.3282,-116.846 36.3192,-116.847 36.3144,-116.847 36.3102,-116.847 36.3092,-116.858 36.2832,-116.869 36.2653,-116.936 35.9216,-117.073 35.9058,-117.084 35.9058,-117.095 35.9059,-117.106 35.9059,-117.117 35.906,-117.128 35.906,-117.14 35.9061,-117.151 35.9061,-117.162 35.9061,-117.173 35.9062,-117.184 35.9062,-117.195 35.9063,-117.206 35.9063,-117.217 35.9063,-117.228 35.9064,-117.24 35.9064,-117.251 35.9064,-117.262 35.9065,-117.273 35.9065,-117.284 35.9065,-117.295 35.9066,-117.306 35.9066,-117.317 35.9066,-117.328 35.9067,-117.34 35.9067,-117.351 35.9067,-117.362 35.9067,-117.373 35.9068,-117.384 35.9068,-117.395 35.9068,-117.406 35.9068,-117.417 35.9068,-117.429 35.9069,-117.44 35.9069,-117.451 35.9069,-117.462 35.9069,-117.473 35.9069,-117.484 35.9069,-117.495 35.9069,-117.506 35.916,-117.517 35.925,-117.517 35.934,-117.484 36.0422,-117.45 36.2134,-117.439 36.2945,-117.314 36.8622,-117.314 36.8712,-117.302 36.8712,-117.291 36.8711,-117.28 36.8711,-117.269 36.8711,-117.257 36.871,-117.246 36.871,-116.91 36.7162,-116.844 36.6077,-116.844 36.5692))
201909050738,5,2,
Pattern Matcher : 32
201909050712,6,2,201909050726,3,2,
boundary size: 1

boundary: POLYGON((-118.396 37.0583,-118.362 37.0586,-118.339 37.0497,-118.339 37.0407,-118.351 37.0316,-118.362 37.0315,-118.396 37.0313,-118.396 37.0583))
201909050738,5,2,
Pattern Matcher : 33
201909050816,6,2,201909050821,3,2,
boundary size: 1

boundary: POLYGON((-117.439 36.0428,-117.439 36.0511,-117.417 36.0871,-117.406 36.1052,-117.395 36.1142,-117.35 36.1321,-117.261 36.1499,-117.25 36.1499,-117.238 36.1498,-117.216 36.1497,-117.209 36.1522,-117.439 36.0428))
201909050831,5,2,
Pattern Matcher : 34
201909050910,6,2,201909050916,3,2,
boundary size: 1

boundary: POLYGON((-117.175 36.0702,-117.539 36.3307,-117.55 36.3307,-117.562 36.3307,-117.584 36.3307,-117.606 36.3397,-117.595 36.4299,-117.584 36.538,-117.584 36.5471,-117.584 36.5561,-117.336 36.8983,-117.302 36.9523,-117.018 37.2126,-117.007 37.2216,-116.962 37.2394,-116.95 37.2393,-116.939 37.2302,-116.939 37.2212,-116.997 37.0683,-117.225 36.5825,-116.906 36.2146,-116.915 36.2024,-116.949 36.1395,-116.971 36.1126,-116.982 36.1127,-116.993 36.1127,-117.016 36.1128,-117.027 36.1129,-117.175 36.0702))
201909050934,5,2,
Pattern Matcher : 35
201909051019,6,2,201909051027,3,2,
boundary size: 1

boundary: POLYGON((-116.891 37.1642,-116.873 37.0225,-116.873 37.0135,-116.873 37.0045,-117.099 36.8083,-117.055 36.9063,-116.895 37.1578,-116.891 37.1642))
201909051044,5,2,
Pattern Matcher : 36
201909051118,6,2,201909051125,3,2,
boundary size: 1

boundary: POLYGON((-117.137 36.5844,-117.09 36.636,-117.168 36.7716,-117.168 36.7806,-117.157 36.7896,-117.1 36.7803,-117.044 36.753,-117 36.6987,-116.888 36.6079,-116.889 36.5989,-116.878 36.5391,-116.902 36.4007,-116.902 36.3917,-116.913 36.3917,-116.924 36.3918,-116.935 36.3919,-117.137 36.5844))
201909051140,5,2,
Pattern Matcher : 37
201909051224,6,2,201909051228,3,2,
boundary size: 0
201909051242,5,2,
Pattern Matcher : 38
201909051318,6,2,201909051327,3,2,
boundary size: 1

boundary: POLYGON((-117.988 36.2507,-118.02 36.321,-118.087 36.4019,-118.087 36.4109,-118.076 36.411,-118.065 36.411,-118.054 36.4111,-117.213 36.8258,-117.213 36.8348,-117.201 36.8528,-117.19 36.8708,-117.1 36.8614,-117.089 36.8524,-117.078 36.7532,-117.078 36.7442,-117.078 36.7352,-117.105 36.6013,-117.203 36.6094,-117.259 36.6186,-117.315 36.6458,-117.988 36.2507))
201909051343,5,2,
Pattern Matcher : 39
201909051421,6,2,201909051428,3,2,
boundary size: 1

boundary: POLYGON((-118.179 36.6932,-118.294 37.0319,-118.317 37.0588,-118.34 37.0857,-118.34 37.0948,-118.34 37.1038,-118.265 37.1255,-118.204 37.0955,-117.97 37.1563,-117.843 37.1688,-117.765 37.2095,-117.517 37.2738,-117.278 37.2494,-117.324 37.1687,-117.459 37.1509,-117.471 37.1509,-117.482 37.1509,-118.112 36.8165,-118.135 36.7803,-118.146 36.7622,-118.157 36.7442,-118.179 36.6932))
201909051441,5,2,
Pattern Matcher : 40
201909051537,6,2,201909051544,3,2,
boundary size: 1

boundary: POLYGON((-118.387 36.1629,-118.387 36.166,-118.387 36.175,-118.387 36.184,-118.387 36.193,-118.387 36.202,-118.387 36.211,-118.388 36.2157,-118.388 36.2201,-118.388 36.2291,-118.388 36.2381,-118.388 36.2471,-118.388 36.2561,-118.382 36.8331,-118.388 36.8451,-118.284 37.1852,-118.284 37.1942,-118.273 37.2033,-118.262 37.2034,-117.994 37.2867,-117.991 37.2856,-117.991 37.2766,-117.991 37.2676,-118.101 36.8526,-118.101 36.8436,-118.101 36.8345,-118.112 36.8165,-118.124 36.8074,-118.298 36.2206,-118.298 36.2116,-118.309 36.1935,-118.331 36.1573,-118.342 36.1392,-118.353 36.1301,-118.364 36.1301,-118.376 36.139,-118.387 36.157,-118.387 36.1629))
201909051551,5,2,
Pattern Matcher : 41
201909051622,6,2,201909051631,3,2,
boundary size: 1

boundary: POLYGON((-117.295 35.9066,-117.304 35.9066,-117.306 35.9066,-117.317 35.9066,-117.322 35.9066,-117.328 35.9067,-117.345 35.9067,-117.351 35.9067,-117.362 35.9067,-117.368 35.9068,-117.373 35.9068,-117.392 35.9068,-117.395 35.9068,-117.406 35.9068,-117.417 35.9068,-117.424 35.9069,-117.429 35.9069,-117.454 35.9069,-117.462 35.9069,-117.473 35.9069,-117.484 35.9069,-117.495 35.9069,-117.501 35.907,-117.506 35.907,-117.517 35.907,-117.529 35.907,-117.54 35.907,-117.551 35.907,-117.562 35.907,-117.573 35.907,-117.584 35.907,-117.595 35.907,-117.606 35.907,-117.618 35.907,-117.629 35.907,-117.64 35.907,-117.651 35.907,-117.662 35.907,-117.673 35.907,-117.684 35.907,-117.695 35.907,-117.706 35.907,-117.718 35.907,-117.729 35.907,-117.74 35.9069,-117.751 35.9069,-117.762 35.9069,-117.773 35.9069,-117.784 35.9069,-117.795 35.9069,-117.806 35.9069,-117.812 35.9068,-117.818 35.9068,-117.829 35.9068,-117.84 35.9068,-117.843 35.9068,-117.851 35.9068,-117.862 35.9068,-117.868 35.9067,-117.887 35.9067,-117.895 35.9067,-117.907 35.9067,-117.914 35.9066,-117.93 35.9066,-117.94 35.9066,-117.944 35.9066,-117.951 35.9065,-117.962 35.9065,-117.966 35.9065,-117.973 35.9065,-117.977 35.9065,-117.997 35.9064,-118.007 35.9064,-118.013 35.9063,-118.028 35.9063,-118.029 35.9063,-118.04 35.9063,-118.047 35.9062,-118.051 35.9062,-118.057 35.9062,-118.062 35.9062,-118.065 35.9062,-118.073 35.9061,-118.083 35.9061,-118.084 35.9061,-118.095 35.9061,-118.107 35.906,-118.118 35.906,-118.129 35.9059,-118.129 35.9059,-118.14 35.9059,-118.15 35.9058,-118.153 35.9058,-118.162 35.9058,-118.17 35.9057,-118.176 35.9057,-118.184 35.9057,-118.194 35.9056,-118.196 35.9056,-118.198 35.9056,-118.207 35.9056,-118.218 35.9055,-118.229 35.9054,-118.237 35.9054,-118.24 35.9054,-118.244 35.9054,-118.251 35.9053,-118.256 35.9053,-118.262 35.9053,-118.27 35.9052,-118.273 35.9052,-118.284 35.9051,-118.292 35.9051,-118.296 35.9051,-118.302 35.905,-118.307 35.905,-118.31 35.905,-118.318 35.905,-118.333 35.9049,-118.34 35.9048,-118.344 35.9048,-118.351 35.9048,-118.362 35.9047,-118.362 35.9047,-118.385 35.9316,-118.385 35.9406,-118.385 35.9496,-118.385 35.9576,-118.385 35.9586,-118.385 35.9676,-118.385 35.9767,-118.385 35.9857,-118.385 35.9947,-118.385 36.0037,-118.385 36.0081,-118.386 36.0127,-118.386 36.0217,-118.386 36.0308,-118.386 36.0398,-118.386 36.0488,-118.386 36.0578,-118.386 36.0605,-118.386 36.0758,-118.375 36.0759,-118.364 36.076,-118.342 36.0761,-118.33 36.0762,-118.063 36.0594,-117.974 36.0778,-117.885 36.069,-117.662 36.0062,-117.606 35.9972,-117.283 36.0508,-117.272 36.0508,-117.261 36.0507,-117.239 36.0507,-117.228 36.0506,-117.217 36.0416,-117.217 36.0326,-117.228 35.9515,-117.251 35.9245,-117.295 35.9066))
201909051637,5,2,
Pattern Matcher : 42
201909051721,6,2,201909051725,3,2,
boundary size: 1

boundary: POLYGON((-117.729 35.907,-117.729 35.907,-117.734 35.907,-117.74 35.9069,-117.751 35.9069,-117.762 35.9069,-117.773 35.9069,-117.781 35.9069,-117.784 35.9069,-117.795 35.9069,-117.806 35.9069,-117.811 35.9069,-117.818 35.9068,-117.829 35.9068,-117.84 35.9068,-117.843 35.9068,-117.851 35.9068,-117.862 35.9068,-117.868 35.9067,-117.89 35.9067,-117.895 35.9067,-117.907 35.9067,-117.913 35.9066,-117.918 35.9066,-117.929 35.9066,-117.931 35.9066,-117.94 35.9066,-117.944 35.9066,-117.951 35.9065,-117.962 35.9065,-117.967 35.9065,-117.973 35.9065,-117.976 35.9065,-117.984 35.9064,-117.995 35.9064,-117.999 35.9064,-118.007 35.9064,-118.011 35.9064,-118.018 35.9063,-118.029 35.9063,-118.03 35.9063,-118.04 35.9063,-118.047 35.9062,-118.051 35.9062,-118.057 35.9062,-118.062 35.9062,-118.065 35.9062,-118.073 35.9061,-118.084 35.9061,-118.084 35.9061,-118.095 35.9061,-118.105 35.906,-118.107 35.906,-118.109 35.906,-118.118 35.906,-118.126 35.9059,-118.129 35.9059,-118.132 35.9059,-118.14 35.9059,-118.147 35.9058,-118.151 35.9058,-118.155 35.9058,-118.162 35.9058,-118.169 35.9057,-118.173 35.9057,-118.177 35.9057,-118.184 35.9057,-118.194 35.9056,-118.196 35.9056,-118.198 35.9056,-118.207 35.9056,-118.22 35.9055,-118.235 35.9054,-118.24 35.9054,-118.248 35.9053,-118.253 35.9053,-118.262 35.9053,-118.276 35.9052,-118.289 35.9051,-118.296 35.9051,-118.306 35.905,-118.308 35.905,-118.318 35.905,-118.329 35.9049,-118.384 35.9311,-118.345 36.4457,-118.302 36.6353,-118.291 36.6353,-118.279 36.6264,-118.087 36.3929,-118.076 36.3839,-117.763 36.2675,-117.517 36.2946,-117.506 36.2946,-117.495 36.2946,-117.472 36.2946,-117.461 36.2946,-117.45 36.2855,-117.428 36.2585,-117.428 36.2494,-117.461 36.2044,-117.472 36.1954,-117.595 36.0603,-117.64 35.9881,-117.651 35.9791,-117.729 35.907))
201909051740,5,2,
Pattern Matcher : 43
201909051820,6,2,201909051828,3,2,
boundary size: 1

boundary: POLYGON((-117.672 35.907,-117.673 35.907,-117.684 35.907,-117.695 35.907,-117.706 35.907,-117.718 35.907,-117.729 35.907,-117.734 35.907,-117.74 35.9069,-117.751 35.9069,-117.762 35.9069,-117.773 35.9069,-117.781 35.9069,-117.784 35.9069,-117.795 35.9069,-117.806 35.9069,-117.811 35.9069,-117.818 35.9068,-117.829 35.9068,-117.84 35.9068,-117.843 35.9068,-117.851 35.9068,-117.862 35.9068,-117.867 35.9068,-117.873 35.9067,-117.884 35.9067,-117.89 35.9067,-117.895 35.9067,-117.907 35.9067,-117.913 35.9066,-117.918 35.9066,-117.929 35.9066,-117.93 35.9066,-117.94 35.9066,-117.947 35.9065,-117.958 35.9065,-117.962 35.9065,-117.973 35.9065,-117.984 35.9064,-117.985 35.9064,-117.995 35.9064,-118.007 35.9064,-118.018 35.9063,-118.029 35.9063,-118.04 35.9063,-118.051 35.9062,-118.062 35.9062,-118.073 35.9061,-118.084 35.9061,-118.095 35.9061,-118.107 35.906,-118.118 35.906,-118.129 35.9059,-118.14 35.9059,-118.151 35.9058,-118.162 35.9058,-118.172 35.9057,-118.175 35.9057,-118.184 35.9057,-118.194 35.9056,-118.196 35.9056,-118.198 35.9056,-118.207 35.9056,-118.218 35.9055,-118.229 35.9054,-118.237 35.9054,-118.24 35.9054,-118.244 35.9054,-118.251 35.9053,-118.256 35.9053,-118.262 35.9053,-118.27 35.9052,-118.273 35.9052,-118.284 35.9051,-118.292 35.9051,-118.296 35.9051,-118.304 35.905,-118.309 35.905,-118.318 35.905,-118.336 35.9048,-118.342 35.9048,-118.351 35.9048,-118.362 35.9047,-118.386 36.0292,-118.386 36.0578,-118.386 36.0605,-118.386 36.0668,-118.386 36.0758,-118.386 36.0848,-118.386 36.0939,-118.386 36.101,-118.386 36.1029,-118.387 36.1119,-118.387 36.1209,-118.387 36.1299,-118.387 36.1389,-118.387 36.1479,-118.387 36.157,-118.387 36.1629,-118.387 36.166,-118.387 36.175,-118.387 36.184,-118.387 36.193,-118.387 36.202,-118.387 36.2104,-118.387 36.211,-118.388 36.2201,-118.388 36.2291,-118.388 36.2649,-118.388 36.2839,-118.28 36.7165,-118.28 36.7255,-118.28 36.7345,-118.269 36.7346,-118.258 36.7347,-117.909 36.6098,-117.505 36.6281,-117.494 36.6281,-117.483 36.6281,-117.472 36.6191,-117.104 36.2936,-117.093 36.2845,-117.104 36.2755,-117.495 36.0241,-117.618 35.907,-117.629 35.907,-117.64 35.907,-117.651 35.907,-117.662 35.907,-117.672 35.907))
201909051840,5,2,
Pattern Matcher : 44
201909051917,6,2,201909051928,3,2,
boundary size: 1

boundary: POLYGON((-117.784 35.9069,-117.795 35.9069,-117.806 35.9069,-117.811 35.9069,-117.818 35.9068,-117.829 35.9068,-117.84 35.9068,-117.843 35.9068,-117.851 35.9068,-117.862 35.9068,-117.867 35.9068,-117.873 35.9067,-117.884 35.9067,-118.33 36.0311,-118.341 36.031,-118.352 36.031,-118.363 36.0309,-118.375 36.0308,-118.386 36.0308,-118.386 36.0398,-118.386 36.0488,-118.386 36.0578,-118.386 36.0605,-118.386 36.0668,-118.386 36.0758,-118.386 36.0848,-118.386 36.0939,-118.386 36.1029,-118.386 36.107,-118.387 36.1119,-118.387 36.1209,-118.387 36.1299,-118.387 36.1389,-118.387 36.1479,-118.387 36.157,-118.387 36.1629,-118.387 36.166,-118.387 36.175,-118.387 36.184,-118.387 36.193,-118.387 36.202,-118.387 36.2046,-118.326 36.8515,-118.395 36.9858,-118.395 36.9953,-118.395 37.0043,-118.306 37.095,-118.295 37.104,-118.284 37.1041,-118.238 37.0953,-118.182 37.0686,-117.798 37.0427,-117.775 37.0337,-117.753 37.0067,-117.348 36.673,-117.326 36.6639,-117.001 36.5996,-116.945 36.5902,-116.889 36.5629,-116.867 36.5267,-116.867 36.5177,-116.935 36.473,-116.946 36.4641,-117.227 36.1318,-117.406 36.0421,-117.651 35.9791,-117.784 35.9069))
201909051937,5,2,
Pattern Matcher : 45
201909052026,6,2,201909052032,3,2,
boundary size: 1

boundary: POLYGON((-117.563 35.907,-117.573 35.907,-117.584 35.907,-117.595 35.907,-117.606 35.907,-117.618 35.907,-117.629 35.907,-117.64 35.907,-117.651 35.907,-117.662 35.907,-117.672 35.907,-117.673 35.907,-117.684 35.907,-117.695 35.907,-117.706 35.907,-117.718 35.907,-117.729 35.907,-117.734 35.907,-117.74 35.9069,-117.751 35.9069,-117.762 35.9069,-117.773 35.9069,-117.781 35.9069,-117.784 35.9069,-117.795 35.9069,-117.806 35.9069,-117.811 35.9069,-117.818 35.9068,-117.829 35.9068,-117.84 35.9068,-117.843 35.9068,-117.851 35.9068,-117.862 35.9068,-117.867 35.9068,-117.873 35.9067,-117.884 35.9067,-117.89 35.9067,-117.895 35.9067,-117.907 35.9067,-117.913 35.9066,-117.918 35.9066,-117.929 35.9066,-117.931 35.9066,-117.94 35.9066,-117.944 35.9066,-117.951 35.9065,-117.962 35.9065,-117.967 35.9065,-117.973 35.9065,-117.976 35.9065,-117.984 35.9064,-117.995 35.9064,-117.999 35.9064,-118.007 35.9064,-118.011 35.9064,-118.018 35.9063,-118.029 35.9063,-118.03 35.9063,-118.04 35.9063,-118.047 35.9062,-118.051 35.9062,-118.057 35.9062,-118.062 35.9062,-118.065 35.9062,-118.073 35.9061,-118.084 35.9061,-118.084 35.9061,-118.095 35.9061,-118.105 35.906,-118.107 35.906,-118.109 35.906,-118.118 35.906,-118.126 35.9059,-118.129 35.9059,-118.151 35.9148,-118.374 35.9767,-118.385 35.9855,-118.385 35.9857,-118.385 35.9947,-118.385 36.0037,-118.385 36.0081,-118.386 36.0127,-118.386 36.0217,-118.386 36.0604,-118.386 36.0668,-118.386 36.0758,-118.386 36.0848,-118.386 36.0939,-118.386 36.1029,-118.386 36.107,-118.387 36.1119,-118.387 36.1209,-118.387 36.1299,-118.387 36.1389,-118.387 36.1479,-118.288 36.3469,-118.124 36.8345,-118.124 36.8435,-118.124 36.8525,-117.877 37.0606,-117.866 37.0696,-117.854 37.0696,-117.313 37.1326,-117.301 37.1326,-117.29 37.1325,-117.279 37.1235,-117.211 37.0422,-117.212 37.0331,-117.113 36.6271,-117.124 36.6092,-117.135 36.5912,-117.147 36.5822,-117.417 35.979,-117.395 35.9068,-117.406 35.9068,-117.417 35.9068,-117.424 35.9069,-117.429 35.9069,-117.454 35.9069,-117.462 35.9069,-117.473 35.9069,-117.484 35.9069,-117.495 35.9069,-117.501 35.907,-117.506 35.907,-117.563 35.907))
201909052046,5,2,
Pattern Matcher : 46
201909052128,6,2,201909052141,3,2,
boundary size: 1

boundary: POLYGON((-117.563 35.907,-117.573 35.907,-117.584 35.907,-117.595 35.907,-117.606 35.907,-117.618 35.907,-117.629 35.907,-117.64 35.907,-117.651 35.907,-117.662 35.907,-117.672 35.907,-117.673 35.907,-117.684 35.907,-117.695 35.907,-117.706 35.907,-117.718 35.907,-117.729 35.907,-117.734 35.907,-117.74 35.9069,-117.751 35.9069,-117.762 35.9069,-117.773 35.9069,-117.781 35.9069,-117.784 35.9069,-117.795 35.9069,-117.806 35.9069,-117.811 35.9069,-117.818 35.9068,-117.829 35.9068,-117.84 35.9068,-117.843 35.9068,-117.851 35.9068,-117.862 35.9068,-117.867 35.9068,-117.873 35.9067,-117.884 35.9067,-117.89 35.9067,-117.895 35.9067,-117.907 35.9067,-117.913 35.9066,-117.918 35.9066,-117.929 35.9066,-117.931 35.9066,-117.94 35.9066,-117.944 35.9066,-117.951 35.9065,-117.962 35.9065,-117.967 35.9065,-117.973 35.9065,-117.976 35.9065,-117.984 35.9064,-117.995 35.9064,-117.999 35.9064,-118.007 35.9064,-118.011 35.9064,-118.018 35.9063,-118.029 35.9063,-118.03 35.9063,-118.04 35.9063,-118.047 35.9062,-118.051 35.9062,-118.057 35.9062,-118.062 35.9062,-118.065 35.9062,-118.073 35.9061,-118.084 35.9061,-118.084 35.9061,-118.095 35.9061,-118.105 35.906,-118.107 35.906,-118.109 35.906,-118.118 35.906,-118.126 35.9059,-118.129 35.9059,-118.132 35.9059,-118.14 35.9059,-118.147 35.9058,-118.151 35.9058,-118.155 35.9058,-118.162 35.9058,-118.169 35.9057,-118.173 35.9057,-118.177 35.9057,-118.184 35.9057,-118.194 35.9056,-118.196 35.9056,-118.198 35.9056,-118.207 35.9056,-118.218 35.9055,-118.229 35.9054,-118.237 35.9054,-118.24 35.9054,-118.244 35.9054,-118.251 35.9053,-118.256 35.9053,-118.262 35.9053,-118.27 35.9052,-118.273 35.9052,-118.284 35.9051,-118.292 35.9051,-118.296 35.9051,-118.302 35.905,-118.307 35.905,-118.31 35.905,-118.318 35.905,-118.329 35.9049,-118.351 35.9318,-118.374 35.9587,-118.374 35.9677,-118.387 36.157,-118.387 36.1629,-118.387 36.1843,-118.376 36.2021,-118.3 36.455,-118.179 36.6449,-118.124 36.8525,-117.81 37.2951,-117.799 37.2951,-117.79 37.2951,-117.787 37.2951,-117.776 37.2951,-117.765 37.2951,-117.753 37.2951,-117.747 37.2952,-117.742 37.2952,-117.731 37.2952,-117.719 37.2952,-117.708 37.2952,-117.697 37.2952,-117.692 37.2952,-117.651 37.2952,-117.459 37.2771,-117.448 37.2771,-117.301 37.2678,-117.21 37.2585,-117.199 37.2494,-116.964 37.005,-116.964 36.996,-116.964 36.987,-117.093 36.2845,-117.059 36.2393,-117.037 36.2121,-117.026 36.158,-117.016 36.1038,-117.028 36.0228,-117.039 36.0138,-117.05 36.0138,-117.072 36.0139,-117.384 35.9068,-117.392 35.9068,-117.395 35.9068,-117.406 35.9068,-117.417 35.9068,-117.424 35.9069,-117.429 35.9069,-117.454 35.9069,-117.462 35.9069,-117.473 35.9069,-117.484 35.9069,-117.495 35.9069,-117.501 35.907,-117.506 35.907,-117.563 35.907))
201909052159,5,2,
Pattern Matcher : 47
201909052219,6,2,201909052228,3,2,
boundary size: 1

boundary: POLYGON((-117.563 35.907,-117.573 35.907,-117.584 35.907,-117.595 35.907,-117.606 35.907,-117.618 35.907,-117.629 35.907,-117.64 35.907,-117.651 35.907,-117.662 35.907,-117.672 35.907,-117.673 35.907,-117.684 35.907,-117.695 35.907,-117.706 35.907,-117.718 35.907,-117.729 35.907,-117.734 35.907,-117.74 35.9069,-117.751 35.9069,-117.762 35.9069,-117.773 35.9069,-117.781 35.9069,-117.784 35.9069,-117.795 35.9069,-117.806 35.9069,-117.811 35.9069,-117.818 35.9068,-117.829 35.9068,-117.84 35.9068,-117.843 35.9068,-117.851 35.9068,-117.862 35.9068,-117.867 35.9068,-117.873 35.9067,-117.884 35.9067,-117.89 35.9067,-117.895 35.9067,-117.907 35.9067,-117.913 35.9066,-117.918 35.9066,-117.929 35.9066,-117.931 35.9066,-117.94 35.9066,-117.944 35.9066,-117.951 35.9065,-117.962 35.9065,-117.967 35.9065,-117.973 35.9065,-117.976 35.9065,-117.984 35.9064,-117.995 35.9064,-117.999 35.9064,-118.007 35.9064,-118.011 35.9064,-118.018 35.9063,-118.029 35.9063,-118.03 35.9063,-118.04 35.9063,-118.047 35.9062,-118.051 35.9062,-118.057 35.9062,-118.062 35.9062,-118.065 35.9062,-118.073 35.9061,-118.084 35.9061,-118.084 35.9061,-118.095 35.9061,-118.105 35.906,-118.107 35.906,-118.109 35.906,-118.118 35.906,-118.126 35.9059,-118.129 35.9059,-118.132 35.9059,-118.14 35.9059,-118.148 35.9058,-118.154 35.9058,-118.162 35.9058,-118.17 35.9057,-118.176 35.9057,-118.184 35.9057,-118.194 35.9056,-118.196 35.9056,-118.198 35.9056,-118.207 35.9056,-118.218 35.9055,-118.229 35.9054,-118.237 35.9054,-118.24 35.9054,-118.244 35.9054,-118.251 35.9053,-118.256 35.9053,-118.262 35.9053,-118.27 35.9052,-118.273 35.9052,-118.284 35.9051,-118.292 35.9051,-118.296 35.9051,-118.302 35.905,-118.307 35.905,-118.31 35.905,-118.318 35.905,-118.329 35.9049,-118.351 35.9318,-118.351 35.9408,-118.365 36.0424,-118.166 36.4106,-118.179 36.69,-118.179 36.699,-118.179 36.7711,-118.168 36.7802,-117.889 37.2859,-117.889 37.2949,-117.889 37.2949,-117.878 37.2949,-117.871 37.295,-117.866 37.295,-117.014 37.2937,-116.978 37.2935,-116.972 37.2935,-116.961 37.2934,-116.95 37.2844,-116.95 37.2753,-116.95 37.2663,-117.011 36.6717,-116.979 36.5363,-116.968 36.4822,-116.968 36.4732,-116.937 36.2296,-116.937 36.2206,-116.948 36.2116,-117.362 35.9067,-117.368 35.9068,-117.373 35.9068,-117.392 35.9068,-117.395 35.9068,-117.406 35.9068,-117.417 35.9068,-117.424 35.9069,-117.429 35.9069,-117.454 35.9069,-117.462 35.9069,-117.473 35.9069,-117.484 35.9069,-117.495 35.9069,-117.501 35.907,-117.506 35.907,-117.563 35.907))
201909052243,5,2,
Pattern Matcher : 48
201909052326,6,2,201909052332,3,2,
boundary size: 1

boundary: POLYGON((-117.563 35.907,-117.573 35.907,-117.584 35.907,-117.595 35.907,-117.606 35.907,-117.618 35.907,-117.629 35.907,-117.64 35.907,-117.651 35.907,-117.662 35.907,-117.672 35.907,-117.673 35.907,-117.684 35.907,-117.695 35.907,-117.706 35.907,-117.718 35.907,-117.729 35.907,-117.734 35.907,-117.74 35.9069,-117.751 35.9069,-117.762 35.9069,-117.773 35.9069,-117.781 35.9069,-117.784 35.9069,-117.795 35.9069,-117.806 35.9069,-117.811 35.9069,-117.818 35.9068,-117.829 35.9068,-117.84 35.9068,-117.843 35.9068,-117.851 35.9068,-117.862 35.9068,-117.867 35.9068,-117.873 35.9067,-117.884 35.9067,-117.89 35.9067,-117.895 35.9067,-117.907 35.9067,-117.913 35.9066,-117.918 35.9066,-117.929 35.9066,-117.931 35.9066,-117.94 35.9066,-117.944 35.9066,-117.951 35.9065,-117.962 35.9065,-117.967 35.9065,-117.973 35.9065,-117.976 35.9065,-117.984 35.9064,-117.995 35.9064,-117.999 35.9064,-118.007 35.9064,-118.011 35.9064,-118.018 35.9063,-118.029 35.9063,-118.03 35.9063,-118.04 35.9063,-118.047 35.9062,-118.051 35.9062,-118.057 35.9062,-118.062 35.9062,-118.065 35.9062,-118.073 35.9061,-118.084 35.9061,-118.084 35.9061,-118.129 35.969,-118.152 35.996,-118.331 36.1303,-118.331 36.1393,-118.331 36.1483,-117.865 36.7451,-117.978 37.0062,-118.001 37.0332,-118.024 37.1413,-118.024 37.1503,-118.024 37.1954,-118.024 37.2044,-118.024 37.2134,-117.946 37.2767,-117.934 37.2858,-117.923 37.2948,-117.923 37.2948,-117.918 37.2948,-117.912 37.2949,-117.9 37.2949,-117.844 37.277,-117.753 37.2501,-117.459 37.2771,-117.448 37.2771,-117.007 37.2937,-116.984 37.2936,-116.863 36.9684,-116.863 36.9593,-116.855 36.6077,-116.855 36.5987,-116.855 36.5897,-116.847 36.3108,-116.847 36.3102,-116.847 36.2665,-116.847 36.2471,-116.847 36.2381,-116.848 36.2086,-116.848 36.193,-116.848 36.1644,-116.848 36.1389,-116.849 36.1119,-116.849 36.0757,-116.973 35.9323,-116.984 35.9324,-117.017 35.9325,-117.184 35.9062,-117.188 35.9062,-117.195 35.9063,-117.206 35.9063,-117.206 35.9063,-117.217 35.9063,-117.223 35.9064,-117.228 35.9064,-117.243 35.9064,-117.254 35.9064,-117.262 35.9065,-117.273 35.9065,-117.284 35.9065,-117.295 35.9066,-117.306 35.9066,-117.317 35.9066,-117.328 35.9067,-117.34 35.9067,-117.351 35.9067,-117.362 35.9067,-117.373 35.9068,-117.414 35.9068,-117.418 35.9068,-117.429 35.9069,-117.457 35.9069,-117.462 35.9069,-117.473 35.9069,-117.484 35.9069,-117.495 35.9069,-117.501 35.907,-117.506 35.907,-117.563 35.907))
201909052339,5,2,
Pattern Matcher : 49
201909060019,6,2,201909060025,3,2,
boundary size: 1

boundary: POLYGON((-117.563 35.907,-117.573 35.907,-117.584 35.907,-117.595 35.907,-117.606 35.907,-117.618 35.907,-117.629 35.907,-117.64 35.907,-117.651 35.907,-117.662 35.907,-117.672 35.907,-117.673 35.907,-117.684 35.907,-117.695 35.907,-117.706 35.907,-117.718 35.907,-117.729 35.907,-117.734 35.907,-117.74 35.9069,-117.751 35.9069,-117.762 35.9069,-117.773 35.9069,-117.781 35.9069,-117.784 35.9069,-117.795 35.9069,-117.806 35.9069,-117.811 35.9069,-117.818 35.9068,-117.829 35.9068,-117.84 35.9068,-117.843 35.9068,-117.851 35.9068,-117.862 35.9068,-117.867 35.9068,-117.873 35.9067,-117.884 35.9067,-117.89 35.9067,-117.895 35.9067,-117.907 35.9067,-117.913 35.9066,-117.918 35.9066,-117.929 35.9066,-117.931 35.9066,-117.94 35.9066,-117.944 35.9066,-117.951 35.9065,-117.962 35.9065,-117.967 35.9065,-117.973 35.9065,-117.976 35.9065,-117.984 35.9064,-117.995 35.9064,-118 35.9064,-118.007 35.9064,-118.029 35.9333,-118.051 35.9603,-118.051 35.9693,-117.985 36.1228,-117.974 36.1499,-117.952 36.177,-117.852 36.2674,-117.696 36.7544,-117.696 36.7634,-117.696 36.7724,-117.719 37.169,-117.719 37.178,-117.719 37.187,-117.651 37.2141,-117.527 37.2952,-117.516 37.2952,-117.504 37.2952,-117.493 37.2952,-117.488 37.2952,-117.482 37.2951,-117.445 37.2951,-117.436 37.2951,-117.425 37.2951,-117.414 37.2951,-117.402 37.295,-117.391 37.295,-117.38 37.295,-117.369 37.295,-117.368 37.295,-117.346 37.2949,-117.339 37.2949,-117.335 37.2949,-117.331 37.2949,-117.312 37.2948,-117.3 37.2948,-117.284 37.2948,-117.278 37.2947,-117.264 37.2947,-117.244 37.2946,-117.24 37.2946,-116.927 37.2932,-116.905 37.2841,-116.848 37.2567,-116.837 37.2304,-116.837 37.2164,-116.838 37.2116,-116.838 37.1644,-116.838 37.1575,-116.838 37.1485,-116.838 37.1395,-116.838 37.1305,-116.838 37.1214,-116.838 37.1171,-116.839 37.1124,-116.839 37.0661,-116.84 36.9969,-116.84 36.9862,-116.84 36.9676,-116.84 36.9186,-116.841 36.9141,-116.841 36.869,-116.841 36.8195,-116.842 36.815,-116.842 36.7696,-116.842 36.7339,-116.842 36.7248,-116.843 36.7149,-116.843 36.7068,-116.843 36.6698,-116.843 36.6213,-116.844 36.6167,-116.844 36.5697,-116.844 36.5536,-116.844 36.5446,-116.844 36.5356,-116.844 36.5265,-116.844 36.5223,-116.845 36.5175,-116.845 36.4691,-116.846 36.4121,-116.846 36.4003,-116.846 36.368,-116.846 36.3643,-116.846 36.3553,-116.846 36.3463,-116.846 36.3372,-116.846 36.3282,-116.846 36.3192,-116.847 36.3144,-116.847 36.3102,-116.847 36.2665,-116.847 36.2651,-116.847 36.2561,-116.847 36.2471,-116.847 36.2381,-116.847 36.2291,-116.847 36.2201,-116.848 36.2155,-116.848 36.211,-116.848 36.1645,-116.848 36.157,-116.848 36.1479,-116.848 36.1389,-116.848 36.1389,-116.849 36.1119,-116.849 36.062,-116.849 36.0131,-116.85 36.0037,-116.85 35.9592,-116.85 35.9586,-116.85 35.9496,-116.85 35.9406,-116.85 35.9316,-116.873 35.9047,-116.873 35.9047,-116.884 35.9048,-116.891 35.9048,-116.895 35.9048,-116.902 35.9049,-116.906 35.9049,-116.917 35.905,-116.925 35.905,-116.928 35.905,-116.933 35.905,-116.939 35.9051,-116.943 35.9051,-116.951 35.9051,-116.962 35.9052,-116.964 35.9052,-116.973 35.9053,-116.979 35.9053,-116.984 35.9053,-116.991 35.9054,-116.995 35.9054,-116.998 35.9054,-117.006 35.9054,-117.017 35.9055,-117.017 35.9055,-117.028 35.9056,-117.037 35.9056,-117.039 35.9056,-117.041 35.9056,-117.051 35.9057,-117.058 35.9057,-117.062 35.9057,-117.066 35.9057,-117.073 35.9058,-117.08 35.9058,-117.084 35.9058,-117.088 35.9058,-117.095 35.9059,-117.103 35.9059,-117.106 35.9059,-117.109 35.9059,-117.117 35.906,-117.126 35.906,-117.128 35.906,-117.13 35.906,-117.14 35.9061,-117.151 35.9061,-117.162 35.9061,-117.17 35.9062,-117.173 35.9062,-117.178 35.9062,-117.184 35.9062,-117.188 35.9062,-117.195 35.9063,-117.206 35.9063,-117.206 35.9063,-117.217 35.9063,-117.224 35.9064,-117.228 35.9064,-117.236 35.9064,-117.24 35.9064,-117.251 35.9064,-117.259 35.9065,-117.262 35.9065,-117.268 35.9065,-117.273 35.9065,-117.284 35.9065,-117.291 35.9066,-117.295 35.9066,-117.304 35.9066,-117.306 35.9066,-117.317 35.9066,-117.322 35.9066,-117.328 35.9067,-117.345 35.9067,-117.351 35.9067,-117.362 35.9067,-117.368 35.9068,-117.373 35.9068,-117.392 35.9068,-117.395 35.9068,-117.406 35.9068,-117.417 35.9068,-117.424 35.9069,-117.429 35.9069,-117.454 35.9069,-117.462 35.9069,-117.473 35.9069,-117.484 35.9069,-117.495 35.9069,-117.501 35.907,-117.506 35.907,-117.563 35.907))
201909060032,5,2,
Pattern Matcher : 50
201909060136,6,2,201909060147,3,2,
boundary size: 1

boundary: POLYGON((-117.407 37.1701,-117.403 37.1688,-117.392 37.1688,-117.358 37.1688,-117.01 37.2922,-116.837 37.2566,-116.837 37.2476,-116.837 37.2386,-116.837 37.2296,-116.837 37.2206,-116.837 37.2164,-116.838 37.2116,-116.838 37.1644,-116.838 37.1575,-116.838 37.1485,-116.838 37.1395,-116.838 37.1305,-116.838 37.1171,-116.839 37.1124,-116.839 37.0663,-116.839 37.0583,-116.84 36.9968,-116.84 36.9862,-116.84 36.9678,-116.84 36.9412,-116.84 36.9322,-116.84 36.9186,-116.841 36.9141,-116.841 36.8686,-116.841 36.8196,-116.842 36.815,-116.842 36.7692,-116.843 36.715,-116.843 36.7068,-116.843 36.6697,-116.843 36.6347,-116.843 36.6257,-116.843 36.6213,-116.844 36.6167,-116.844 36.5697,-116.844 36.5626,-116.844 36.5536,-116.844 36.5446,-116.844 36.5356,-116.844 36.5265,-116.844 36.5223,-116.845 36.5175,-116.845 36.4691,-116.845 36.4634,-116.846 36.4121,-116.846 36.4003,-116.846 36.368,-116.846 36.3643,-116.846 36.3553,-116.846 36.3463,-116.846 36.3372,-116.846 36.3282,-116.846 36.3192,-116.847 36.3144,-116.847 36.3102,-116.847 36.2665,-116.847 36.2651,-116.847 36.2561,-116.847 36.2471,-116.847 36.2381,-116.847 36.2291,-116.847 36.2201,-116.848 36.2155,-116.848 36.211,-116.848 36.1645,-116.848 36.157,-116.848 36.1479,-116.848 36.1389,-116.848 36.1299,-116.848 36.1209,-116.848 36.1167,-116.849 36.1119,-116.849 36.0621,-116.849 36.0578,-116.849 36.0488,-116.849 36.0398,-116.849 36.0308,-116.849 36.0217,-116.849 36.0131,-116.85 36.0037,-116.85 36.0034,-116.973 35.9053,-116.973 35.9053,-116.979 35.9053,-116.984 35.9053,-116.991 35.9054,-116.995 35.9054,-116.998 35.9054,-117.006 35.9054,-117.017 35.9055,-117.017 35.9055,-117.028 35.9056,-117.037 35.9056,-117.039 35.9056,-117.041 35.9056,-117.051 35.9057,-117.058 35.9057,-117.062 35.9057,-117.066 35.9057,-117.073 35.9058,-117.08 35.9058,-117.084 35.9058,-117.088 35.9058,-117.095 35.9059,-117.103 35.9059,-117.106 35.9059,-117.109 35.9059,-117.117 35.906,-117.126 35.906,-117.128 35.906,-117.13 35.906,-117.14 35.9061,-117.152 35.9061,-117.17 35.9062,-117.173 35.9062,-117.178 35.9062,-117.184 35.9062,-117.188 35.9062,-117.195 35.9063,-117.206 35.9063,-117.206 35.9063,-117.217 35.9063,-117.224 35.9064,-117.228 35.9064,-117.236 35.9064,-117.24 35.9064,-117.251 35.9064,-117.259 35.9065,-117.262 35.9065,-117.268 35.9065,-117.273 35.9065,-117.284 35.9065,-117.291 35.9066,-117.295 35.9066,-117.304 35.9066,-117.306 35.9066,-117.317 35.9066,-117.322 35.9066,-117.328 35.9067,-117.345 35.9067,-117.351 35.9067,-117.362 35.9067,-117.368 35.9068,-117.373 35.9068,-117.392 35.9068,-117.395 35.9068,-117.406 35.9068,-117.417 35.9068,-117.424 35.9069,-117.429 35.9069,-117.454 35.9069,-117.462 35.9069,-117.473 35.9069,-117.484 35.9069,-117.495 35.9069,-117.501 35.907,-117.506 35.907,-117.563 35.907,-117.573 35.907,-117.673 36.1143,-117.662 36.1324,-117.651 36.1504,-117.64 36.1685,-117.606 36.8265,-117.606 36.8355,-117.606 36.8445,-117.407 37.1701))
201909060158,5,2,
Pattern Matcher : 51
201909060231,6,2,201909060244,3,2,
boundary size: 1

boundary: POLYGON((-117.406 36.9869,-116.889 36.5358,-116.878 36.5358,-116.869 36.528,-116.868 36.5177,-116.878 36.5177,-116.889 36.5178,-116.889 36.5268,-117.408 36.9796,-117.406 36.9869))
201909060252,5,2,
Pattern Matcher : 52
201909060320,6,2,201909060332,3,2,
boundary size: 1

boundary: POLYGON((-117.393 36.5331,-117.034 36.6718,-117.023 36.6718,-117.011 36.6717,-117.011 36.6627,-117.012 36.6537,-117.023 36.6538,-117.034 36.6538,-117.403 36.511,-117.393 36.5331))
201909060347,5,2,
Pattern Matcher : 53
201909060421,6,2,201909060430,3,2,
boundary size: 1

boundary: POLYGON((-117.257 36.8938,-117.246 36.898,-117.235 36.898,-117.224 36.889,-117.201 36.8618,-117.235 36.7989,-117.272 36.7445,-117.257 36.8938))
201909060442,5,2,
Pattern Matcher : 54
201909060521,6,2,201909060533,3,2,
boundary size: 0
201909060551,5,2,
event stream queue is empty now!
perform 0loadshedding
eventCn 610
#full Match 55
#high latecny (> 150)8
#NumPartialMatch 56
#NumDropedPM 0
#NumDropedInputEvents 0
avg latency: 999
expression size: 0



********   Event Pattern    ********
TYPE Satellite {
    time,
    channelID,
    level,
    boundary
};

QUERY fail3
EVENT SEQ(Satellite c07,Satellite c07MinusC14,Satellite c16)
WHERE c07.boundary /\ c07MinusC14.boundary && c07.boundary /\ c16.boundary
    && c07.channelID == 6 && c07MinusC14.channelID == 3
    && c16.channelID == 5
    && c07.level == 2 && c07MinusC14.level == 2 && c16.level == 2
WITHIN 1h
RETURN Fire(c07.time,c07.channelID,c07.level,
    c07MinusC14.time,c07MinusC14.channelID,c07MinusC14.level,
    INTERSECT(c07.boundary,c07MinusC14.boundary,c16.boundary),
    c16.time,c16.channelID,c16.level
);