c06
c16
c06
c16
c06
c16
c06
c06
c06
c06
c16
c16
c16
c16
Pattern Matcher : 0
201909040000,2,2,
boundary: POLYGON((-117.651 35.907,-117.662 35.907,-117.673 35.907,-117.684 35.907,-117.695 35.907,-117.706 35.907,-117.718 35.907,-117.729 35.907,-117.74 35.9069,-117.751 35.9069,-117.762 35.9069,-117.773 35.9069,-117.784 35.9069,-117.795 35.9069,-117.806 35.9069,-117.81 35.9069,-117.818 35.9068,-117.829 35.9068,-117.84 35.9068,-117.851 35.9068,-117.862 35.9068,-117.873 35.9067,-117.884 35.9067,-117.895 35.9067,-117.907 35.9067,-117.918 35.9066,-117.929 35.9066,-117.94 35.9066,-117.951 35.9065,-117.962 35.9065,-117.973 35.9065,-117.984 35.9064,-117.995 35.9064,-118.007 35.9064,-118.018 35.9063,-118.029 35.9063,-118.04 35.9063,-118.051 35.9062,-118.062 35.9062,-118.073 35.9061,-118.114 35.906,-118.118 35.906,-118.129 35.9059,-118.132 35.9059,-118.14 35.9059,-118.151 35.9058,-118.162 35.9058,-118.173 35.9057,-118.184 35.9057,-118.196 35.9056,-118.207 35.9056,-118.218 35.9055,-118.229 35.9054,-118.24 35.9054,-118.251 35.9053,-118.251 35.9143,-118.251 35.9504,-118.252 35.9594,-118.252 35.9684,-118.221 36.3833,-118.156 36.663,-118.156 36.6721,-118.34 37.0857,-118.363 37.1126,-118.397 37.1485,-118.397 37.1575,-118.397 37.1665,-118.397 37.1755,-118.397 37.1845,-118.398 37.2206,-118.398 37.2296,-118.398 37.2386,-118.398 37.2476,-118.398 37.2566,-118.398 37.2657,-118.387 37.2928,-118.376 37.2928,-118.24 37.2576,-118.183 37.2488,-117.934 37.2858,-117.889 37.2949,-117.878 37.2949,-117.866 37.295,-117.855 37.295,-117.844 37.295,-117.833 37.295,-117.821 37.2951,-117.786 37.2951,-117.448 37.2951,-117.436 37.2951,-117.425 37.2951,-117.414 37.2951,-117.402 37.295,-117.391 37.295,-117.38 37.295,-117.165 37.2042,-116.962 37.1672,-116.94 37.1581,-116.917 37.1309,-116.917 37.1219,-116.94 37.086,-116.857 36.4275,-116.857 36.4184,-116.857 36.4094,-116.847 36.2291,-116.848 36.202,-116.848 36.193,-116.848 36.1884,-116.848 36.175,-116.848 36.166,-116.848 36.157,-116.973 35.9053,-116.984 35.9053,-116.995 35.9054,-117.006 35.9054,-117.017 35.9055,-117.028 35.9056,-117.039 35.9056,-117.051 35.9057,-117.062 35.9057,-117.073 35.9058,-117.084 35.9058,-117.095 35.9059,-117.106 35.9059,-117.117 35.906,-117.128 35.906,-117.14 35.9061,-117.151 35.9061,-117.162 35.9061,-117.173 35.9062,-117.184 35.9062,-117.195 35.9063,-117.206 35.9063,-117.217 35.9063,-117.228 35.9064,-117.24 35.9064,-117.251 35.9064,-117.262 35.9065,-117.273 35.9065,-117.284 35.9065,-117.295 35.9066,-117.306 35.9066,-117.317 35.9066,-117.328 35.9067,-117.34 35.9067,-117.351 35.9067,-117.362 35.9067,-117.373 35.9068,-117.384 35.9068,-117.395 35.9068,-117.406 35.9068,-117.417 35.9068,-117.429 35.9069,-117.44 35.9069,-117.451 35.9069,-117.462 35.9069,-117.473 35.9069,-117.484 35.9069,-117.495 35.9069,-117.506 35.907,-117.517 35.907,-117.529 35.907,-117.54 35.907,-117.551 35.907,-117.562 35.907,-117.573 35.907,-117.584 35.907,-117.595 35.907,-117.606 35.907,-117.618 35.907,-117.629 35.907,-117.64 35.907,-117.651 35.907))
201909040000,5,2,
Pattern Matcher : 1
201909040100,2,2,
boundary: POLYGON((-117.787 37.2951,-117.731 37.2681,-117.719 37.2591,-117.403 37.1418,-116.859 37.2838,-116.848 37.2928,-116.837 37.2927,-116.837 37.2837,-116.837 37.2747,-116.837 37.2657,-116.868 36.3554,-116.857 36.3463,-116.846 36.3282,-116.846 36.3192,-116.847 36.3102,-116.847 36.3012,-116.847 36.2922,-116.847 36.2832,-116.937 36.1665,-117.039 35.9417,-117.062 35.9147,-117.073 35.9058,-117.084 35.9058,-117.095 35.9059,-117.106 35.9059,-117.117 35.906,-117.128 35.906,-117.14 35.9061,-117.151 35.9061,-117.162 35.9061,-117.173 35.9062,-117.176 35.9062,-117.184 35.9062,-117.195 35.9063,-117.206 35.9063,-117.217 35.9063,-117.228 35.9064,-117.24 35.9064,-117.251 35.9064,-117.262 35.9065,-117.273 35.9065,-117.284 35.9065,-117.295 35.9066,-117.306 35.9066,-117.317 35.9066,-117.328 35.9067,-117.34 35.9067,-117.351 35.9067,-117.362 35.9067,-117.373 35.9068,-117.384 35.9068,-117.395 35.9068,-117.406 35.9068,-117.417 35.9068,-117.429 35.9069,-117.44 35.9069,-117.451 35.9069,-117.462 35.9069,-117.473 35.9069,-117.484 35.9069,-117.495 35.9069,-117.784 35.961,-118.178 35.9065,-118.273 35.9232,-118.296 35.9502,-118.343 36.0196,-118.341 36.022,-118.201 36.5817,-118.212 36.6357,-118.212 36.6447,-118.212 36.6538,-118.383 37.2084,-118.33 37.2931,-118.017 37.2946,-117.86 37.295,-117.787 37.2951))
201909040100,5,2,
Pattern Matcher : 2
201909040200,2,2,
boundary: POLYGON((-118.305 36.3319,-118.156 36.618,-118.256 36.8716,-118.225 36.8881,-117.911 37.2047,-117.9 37.2048,-117.877 37.1958,-117.403 37.2229,-117.391 37.2139,-116.954 36.8517,-116.943 36.8426,-116.943 36.8336,-116.954 36.8247,-117.315 36.4926,-117.326 36.4746,-117.417 36.1593,-117.417 36.1503,-117.517 35.9971,-117.584 35.9521,-117.695 35.907,-117.706 35.907,-117.718 35.907,-117.729 35.907,-117.74 35.9069,-117.751 35.9069,-117.762 35.9069,-117.773 35.9069,-117.826 35.9068,-117.862 35.9068,-117.873 35.9067,-117.884 35.9067,-118.018 35.9063,-118.084 35.9061,-118.095 35.9061,-118.107 35.906,-118.118 35.906,-118.129 35.9059,-118.14 35.9419,-118.152 35.996,-118.305 36.3319))
201909040200,5,2,
Pattern Matcher : 3
201909041500,2,2,
boundary: POLYGON((-117.64 37.2952,-117.629 37.2952,-117.618 37.2952,-117.606 37.2952,-117.595 37.2952,-117.584 37.2952,-117.572 37.2952,-117.561 37.2952,-117.55 37.2952,-117.538 37.2952,-117.527 37.2952,-117.516 37.2952,-117.504 37.2952,-117.493 37.2952,-117.482 37.2951,-117.47 37.2951,-117.459 37.2951,-117.448 37.2951,-117.436 37.2951,-117.425 37.2951,-117.414 37.2951,-117.323 37.2949,-117.312 37.2948,-117.301 37.2948,-117.289 37.2948,-117.278 37.2947,-117.267 37.2947,-117.255 37.2947,-117.244 37.2946,-117.233 37.2946,-117.221 37.2946,-117.21 37.2945,-117.199 37.2945,-117.187 37.2945,-117.176 37.2944,-117.165 37.2944,-117.154 37.2943,-117.142 37.2943,-117.131 37.2942,-117.12 37.2942,-117.108 37.2941,-117.097 37.2941,-117.086 37.294,-117.074 37.294,-117.063 37.2939,-117.052 37.2939,-117.04 37.2938,-117.029 37.2938,-117.018 37.2937,-117.006 37.2937,-116.995 37.2936,-116.984 37.2936,-116.972 37.2935,-116.961 37.2934,-116.95 37.2934,-116.939 37.2933,-116.927 37.2932,-116.916 37.2932,-116.905 37.2931,-116.893 37.293,-116.848 37.2928,-116.837 37.2927,-116.837 37.2837,-116.837 37.2747,-116.837 37.2657,-116.837 37.2566,-116.837 37.2476,-116.837 37.2386,-116.837 37.2296,-116.837 37.2206,-116.838 37.2116,-116.838 37.2026,-116.838 37.1935,-116.838 37.1845,-116.838 37.1755,-116.838 37.1665,-116.838 37.1575,-116.838 37.1395,-116.838 37.1305,-116.838 37.1214,-116.839 37.1124,-116.839 37.1034,-116.839 37.0944,-116.839 37.0854,-116.839 37.0764,-116.839 37.0674,-116.839 37.0403,-116.839 37.0313,-116.84 36.9953,-116.84 36.9862,-116.84 36.9772,-116.84 36.9682,-116.84 36.9592,-116.84 36.9502,-116.84 36.9412,-116.84 36.9231,-116.841 36.9141,-116.841 36.9051,-116.841 36.8781,-116.841 36.8691,-116.841 36.8601,-116.841 36.851,-116.841 36.842,-116.841 36.833,-116.841 36.824,-116.842 36.815,-116.842 36.806,-116.842 36.7879,-116.842 36.7789,-116.842 36.7609,-116.842 36.7429,-116.842 36.7339,-116.842 36.7248,-116.843 36.7068,-116.843 36.6978,-116.843 36.6888,-116.856 36.4815,-116.846 36.3733,-116.846 36.3643,-116.846 36.3553,-116.846 36.3463,-116.846 36.3372,-116.846 36.3282,-116.846 36.3192,-116.847 36.3102,-116.847 36.2741,-116.847 36.2651,-116.847 36.2561,-116.847 36.2471,-116.847 36.2381,-116.847 36.2291,-116.848 36.193,-116.848 36.184,-116.848 36.175,-116.848 36.166,-116.848 36.157,-116.848 36.1479,-116.849 36.1119,-116.849 36.1029,-116.849 36.0939,-116.849 36.0848,-116.849 36.0758,-116.849 36.0668,-116.849 36.0578,-116.849 36.0488,-116.849 36.0398,-116.849 36.0308,-116.849 36.0217,-116.85 36.0037,-116.861 35.9767,-116.883 35.9498,-117.006 35.9054,-117.017 35.9055,-117.028 35.9056,-117.039 35.9056,-117.051 35.9057,-117.062 35.9057,-117.073 35.9058,-117.084 35.9058,-117.095 35.9059,-117.106 35.9059,-117.117 35.906,-117.128 35.906,-117.14 35.9061,-117.151 35.9061,-117.162 35.9061,-117.173 35.9062,-117.176 35.9062,-117.184 35.9062,-117.195 35.9063,-117.206 35.9063,-117.217 35.9063,-117.228 35.9064,-117.24 35.9064,-117.251 35.9064,-117.256 35.9065,-117.262 35.9065,-117.273 35.9065,-117.284 35.9065,-117.295 35.9066,-117.306 35.9066,-117.317 35.9066,-117.328 35.9067,-117.34 35.9067,-117.351 35.9067,-117.362 35.9067,-117.373 35.9068,-117.384 35.9068,-117.395 35.9068,-117.406 35.9068,-117.417 35.9068,-117.429 35.9069,-117.44 35.9069,-117.451 35.9069,-117.462 35.9069,-117.473 35.9069,-117.484 35.9069,-117.495 35.9069,-117.506 35.907,-117.517 35.907,-117.529 35.907,-117.54 35.907,-117.551 35.907,-117.562 35.907,-117.573 35.907,-117.584 35.907,-117.595 35.907,-117.606 35.907,-117.618 35.907,-117.629 35.907,-117.64 35.907,-117.651 35.907,-117.662 35.907,-117.673 35.907,-117.684 35.907,-117.695 35.907,-117.706 35.907,-117.718 35.907,-117.729 35.907,-117.74 35.9069,-117.751 35.9069,-117.762 35.9069,-117.773 35.9069,-117.784 35.9069,-117.795 35.9069,-117.806 35.9069,-117.818 35.9068,-117.829 35.9068,-117.84 35.9068,-117.851 35.9068,-117.862 35.9068,-117.873 35.9067,-117.884 35.9067,-117.895 35.9067,-117.907 35.9067,-117.918 35.9066,-117.929 35.9066,-117.94 35.9066,-117.951 35.9065,-117.962 35.9065,-117.973 35.9065,-117.984 35.9064,-117.995 35.9064,-118.007 35.9064,-118.018 35.9063,-118.029 35.9063,-118.04 35.9063,-118.051 35.9062,-118.062 35.9062,-118.073 35.9061,-118.084 35.9061,-118.095 35.9061,-118.107 35.906,-118.118 35.906,-118.129 35.9059,-118.14 35.9059,-118.151 35.9058,-118.162 35.9058,-118.173 35.9057,-118.184 35.9057,-118.196 35.9056,-118.207 35.9056,-118.218 35.9055,-118.229 35.9054,-118.24 35.9054,-118.251 35.9053,-118.251 35.9143,-118.251 35.9504,-118.252 35.9594,-118.252 35.9684,-118.334 36.5179,-118.357 36.5448,-118.38 36.5717,-118.392 36.6437,-118.392 36.6527,-118.392 36.6617,-118.392 36.6707,-118.392 36.6798,-118.392 36.6888,-118.392 36.6978,-118.392 36.7068,-118.392 36.7158,-118.393 36.7248,-118.393 36.7339,-118.393 36.7519,-118.393 36.7789,-118.393 36.7879,-118.393 36.797,-118.393 36.806,-118.393 36.815,-118.394 36.824,-118.394 36.833,-118.394 36.842,-118.394 36.8601,-118.394 36.8691,-118.394 36.9051,-118.394 36.9141,-118.395 36.9412,-118.395 36.9502,-118.395 36.9592,-118.395 36.9682,-118.395 36.9772,-118.395 36.9953,-118.396 37.0223,-118.396 37.0313,-118.396 37.0403,-118.396 37.0583,-118.396 37.0674,-118.396 37.0764,-118.396 37.0854,-118.396 37.0944,-118.396 37.1034,-118.396 37.1124,-118.397 37.1214,-118.397 37.1305,-118.397 37.1485,-118.397 37.1845,-118.398 37.2206,-118.398 37.2296,-118.398 37.2386,-118.398 37.2476,-118.398 37.2566,-118.398 37.2657,-118.398 37.2747,-118.398 37.2837,-118.138 37.2941,-118.127 37.2941,-118.115 37.2942,-118.014 37.2946,-118.002 37.2946,-117.991 37.2946,-117.98 37.2947,-117.968 37.2947,-117.957 37.2947,-117.946 37.2948,-117.934 37.2948,-117.923 37.2948,-117.912 37.2949,-117.9 37.2949,-117.889 37.2949,-117.878 37.2949,-117.866 37.295,-117.855 37.295,-117.844 37.295,-117.833 37.295,-117.821 37.2951,-117.685 37.2952,-117.64 37.2952))
201909041500,5,2,
Pattern Matcher : 4
201909041600,2,2,
boundary: POLYGON((-117.595 35.907,-117.606 35.907,-117.618 35.907,-117.629 35.907,-117.64 35.907,-117.651 35.907,-117.662 35.907,-117.673 35.907,-117.684 35.907,-117.695 35.907,-117.706 35.907,-117.718 35.907,-117.729 35.907,-117.74 35.9069,-117.751 35.9069,-117.762 35.9069,-117.773 35.9069,-117.784 35.9069,-117.795 35.9069,-117.806 35.9069,-117.818 35.9068,-117.829 35.9068,-117.84 35.9068,-117.851 35.9068,-117.862 35.9068,-117.873 35.9067,-117.884 35.9067,-117.895 35.9067,-117.907 35.9067,-117.918 35.9066,-117.929 35.9066,-117.94 35.9066,-117.951 35.9065,-117.962 35.9065,-117.973 35.9065,-117.984 35.9064,-117.995 35.9064,-118.007 35.9064,-118.018 35.9063,-118.029 35.9063,-118.04 35.9063,-118.051 35.9062,-118.062 35.9062,-118.073 35.9061,-118.084 35.9061,-118.095 35.9061,-118.107 35.906,-118.118 35.906,-118.129 35.9059,-118.14 35.9059,-118.151 35.9058,-118.162 35.9058,-118.173 35.9057,-118.184 35.9057,-118.196 35.9056,-118.207 35.9056,-118.218 35.9055,-118.229 35.9054,-118.24 35.9054,-118.251 35.9053,-118.262 35.9053,-118.273 35.9052,-118.284 35.9051,-118.296 35.9051,-118.307 35.905,-118.318 35.905,-118.329 35.9049,-118.34 35.9048,-118.351 35.9048,-118.362 35.9047,-118.385 35.9316,-118.385 35.9406,-118.385 35.9496,-118.385 35.9586,-118.385 35.9676,-118.385 35.9767,-118.385 35.9857,-118.385 35.9947,-118.385 36.0037,-118.386 36.0127,-118.386 36.0217,-118.386 36.0308,-118.386 36.0398,-118.386 36.0488,-118.386 36.0578,-118.386 36.0668,-118.386 36.0758,-118.386 36.0848,-118.386 36.0939,-118.386 36.1029,-118.387 36.1119,-118.387 36.1389,-118.387 36.1479,-118.387 36.157,-118.387 36.166,-118.387 36.175,-118.387 36.184,-118.387 36.193,-118.387 36.202,-118.388 36.2201,-118.388 36.2291,-118.388 36.2381,-118.388 36.2471,-118.388 36.2561,-118.388 36.2592,-118.388 36.2651,-118.388 36.2741,-118.388 36.2832,-118.388 36.2851,-118.388 36.2922,-118.388 36.3012,-118.388 36.3102,-118.389 36.3192,-118.389 36.3282,-118.389 36.3372,-118.389 36.3463,-118.389 36.3553,-118.389 36.3643,-118.389 36.3733,-118.389 36.3823,-118.389 36.3913,-118.389 36.4003,-118.389 36.4094,-118.39 36.4184,-118.39 36.4274,-118.39 36.4364,-118.39 36.4634,-118.39 36.4725,-118.39 36.4815,-118.39 36.5085,-118.39 36.5175,-118.391 36.5265,-118.391 36.5356,-118.391 36.5372,-118.391 36.5446,-118.391 36.5536,-118.391 36.5626,-118.391 36.5716,-118.391 36.5806,-118.391 36.5896,-118.391 36.5987,-118.391 36.6077,-118.391 36.6167,-118.392 36.6257,-118.392 36.6347,-118.392 36.6437,-118.392 36.6527,-118.392 36.6617,-118.392 36.6707,-118.392 36.6798,-118.392 36.6888,-118.392 36.6978,-118.392 36.7068,-118.392 36.7158,-118.393 36.7248,-118.393 36.7339,-118.393 36.7519,-118.393 36.7789,-118.393 36.7879,-118.393 36.797,-118.393 36.806,-118.393 36.815,-118.394 36.824,-118.394 36.833,-118.394 36.842,-118.394 36.8601,-118.394 36.8691,-118.394 36.9051,-118.394 36.9141,-118.395 36.9412,-118.395 36.9502,-118.395 36.9592,-118.395 36.9682,-118.395 36.9772,-118.395 36.9953,-118.396 37.0223,-118.396 37.0313,-118.396 37.0403,-118.396 37.0583,-118.396 37.0674,-118.396 37.0764,-118.396 37.0854,-118.396 37.0944,-118.396 37.1034,-118.396 37.1124,-118.397 37.1214,-118.397 37.1305,-118.397 37.1485,-118.397 37.1845,-118.398 37.2206,-118.398 37.2296,-118.398 37.2386,-118.398 37.2476,-118.398 37.2566,-118.398 37.2657,-118.398 37.2747,-118.398 37.2837,-118.398 37.2927,-118.387 37.2928,-118.376 37.2928,-118.364 37.2929,-118.353 37.293,-118.342 37.293,-118.33 37.2931,-118.319 37.2932,-118.308 37.2932,-118.296 37.2933,-118.285 37.2934,-118.274 37.2934,-118.263 37.2935,-118.251 37.2936,-118.24 37.2936,-118.229 37.2937,-118.217 37.2937,-118.206 37.2938,-118.195 37.2938,-118.183 37.2939,-118.172 37.2939,-118.161 37.294,-118.149 37.294,-118.138 37.2941,-118.127 37.2941,-118.115 37.2942,-118.104 37.2942,-118.093 37.2943,-118.081 37.2943,-118.07 37.2944,-118.059 37.2944,-118.048 37.2945,-118.036 37.2945,-118.025 37.2945,-118.014 37.2946,-118.002 37.2946,-117.991 37.2946,-117.98 37.2947,-117.968 37.2947,-117.957 37.2947,-117.946 37.2948,-117.934 37.2948,-117.923 37.2948,-117.912 37.2949,-117.9 37.2949,-117.889 37.2949,-117.878 37.2949,-117.866 37.295,-117.855 37.295,-117.844 37.295,-117.833 37.295,-117.821 37.2951,-117.81 37.2951,-117.799 37.2951,-117.787 37.2951,-117.776 37.2951,-117.765 37.2951,-117.753 37.2951,-117.742 37.2952,-117.731 37.2952,-117.719 37.2952,-117.708 37.2952,-117.697 37.2952,-117.685 37.2952,-117.674 37.2952,-117.663 37.2952,-117.651 37.2952,-117.64 37.2952,-117.629 37.2952,-117.618 37.2952,-117.606 37.2952,-117.595 37.2952,-117.584 37.2952,-117.572 37.2952,-117.561 37.2952,-117.55 37.2952,-117.538 37.2952,-117.527 37.2952,-117.516 37.2952,-117.504 37.2952,-117.493 37.2952,-117.482 37.2951,-117.47 37.2951,-117.459 37.2951,-117.448 37.2951,-117.436 37.2951,-117.425 37.2951,-117.414 37.2951,-117.402 37.295,-117.391 37.295,-117.38 37.295,-117.369 37.295,-117.357 37.2949,-117.346 37.2949,-117.335 37.2949,-117.323 37.2949,-117.312 37.2948,-117.301 37.2948,-117.289 37.2948,-117.278 37.2947,-117.267 37.2947,-117.255 37.2947,-117.244 37.2946,-117.233 37.2946,-117.221 37.2946,-117.21 37.2945,-117.199 37.2945,-117.187 37.2945,-117.176 37.2944,-117.165 37.2944,-117.154 37.2943,-117.142 37.2943,-117.131 37.2942,-117.086 37.294,-117.074 37.294,-117.063 37.2939,-117.052 37.2939,-117.04 37.2938,-117.029 37.2938,-117.018 37.2937,-117.006 37.2937,-116.995 37.2936,-116.984 37.2936,-116.972 37.2935,-116.961 37.2934,-116.95 37.2934,-116.939 37.2933,-116.927 37.2932,-116.916 37.2932,-116.905 37.2931,-116.893 37.293,-116.882 37.293,-116.871 37.2929,-116.859 37.2928,-116.848 37.2928,-116.837 37.2927,-116.837 37.2837,-116.837 37.2747,-116.837 37.2657,-116.837 37.2566,-116.837 37.2476,-116.837 37.2386,-116.837 37.2296,-116.837 37.2206,-116.838 37.2116,-116.838 37.2026,-116.838 37.1935,-116.838 37.1845,-116.838 37.1755,-116.838 37.1665,-116.838 37.1575,-116.838 37.1395,-116.838 37.1305,-116.838 37.1214,-116.839 37.1124,-116.839 37.1034,-116.839 37.0944,-116.839 37.0854,-116.839 37.0764,-116.839 37.0674,-116.839 37.0403,-116.839 37.0313,-116.839 37.0223,-116.84 36.9862,-116.84 36.9772,-116.84 36.9682,-116.84 36.9592,-116.84 36.9502,-116.84 36.9412,-116.84 36.9231,-116.841 36.9141,-116.841 36.9051,-116.841 36.8781,-116.841 36.8691,-116.841 36.8601,-116.841 36.851,-116.841 36.842,-116.841 36.833,-116.841 36.824,-116.842 36.815,-116.842 36.806,-116.842 36.7879,-116.842 36.7789,-116.842 36.7609,-116.842 36.7429,-116.842 36.7339,-116.842 36.7248,-116.843 36.7068,-116.843 36.6978,-116.843 36.6888,-116.843 36.6798,-116.843 36.6708,-116.843 36.6617,-116.843 36.6527,-116.843 36.6347,-116.843 36.6257,-116.844 36.6167,-116.844 36.5987,-116.844 36.5896,-116.844 36.5806,-116.844 36.5716,-116.844 36.5626,-116.844 36.5536,-116.844 36.5446,-116.844 36.5356,-116.844 36.5265,-116.845 36.5175,-116.845 36.5085,-116.845 36.4815,-116.845 36.4725,-116.845 36.4634,-116.845 36.4544,-116.845 36.4454,-116.845 36.4364,-116.845 36.4274,-116.846 36.4003,-116.846 36.3913,-116.846 36.3733,-116.846 36.3643,-116.846 36.3553,-116.846 36.3463,-116.846 36.3372,-116.846 36.3282,-116.846 36.3192,-116.847 36.3102,-116.847 36.2741,-116.847 36.2651,-116.847 36.2561,-116.847 36.2471,-116.847 36.2381,-116.847 36.2291,-116.848 36.193,-116.848 36.184,-116.848 36.175,-116.848 36.166,-116.848 36.157,-116.848 36.1479,-116.849 36.1119,-116.849 36.1029,-116.849 36.0939,-116.849 36.0848,-116.849 36.0758,-116.849 36.0668,-116.849 36.0578,-116.849 36.0488,-116.849 36.0398,-116.849 36.0308,-116.849 36.0217,-116.85 36.0037,-116.85 35.9947,-116.85 35.9857,-116.85 35.9767,-116.85 35.9676,-116.85 35.9496,-116.85 35.9406,-116.85 35.9316,-116.85 35.9226,-116.85 35.9136,-116.851 35.9045,-116.862 35.9046,-116.873 35.9047,-116.884 35.9048,-116.895 35.9048,-116.906 35.9049,-116.917 35.905,-116.928 35.905,-116.939 35.9051,-116.951 35.9051,-116.962 35.9052,-116.973 35.9053,-116.984 35.9053,-116.995 35.9054,-117.006 35.9054,-117.017 35.9055,-117.028 35.9056,-117.039 35.9056,-117.051 35.9057,-117.062 35.9057,-117.073 35.9058,-117.084 35.9058,-117.095 35.9059,-117.106 35.9059,-117.117 35.906,-117.128 35.906,-117.14 35.9061,-117.151 35.9061,-117.162 35.9061,-117.173 35.9062,-117.184 35.9062,-117.195 35.9063,-117.206 35.9063,-117.217 35.9063,-117.228 35.9064,-117.24 35.9064,-117.251 35.9064,-117.262 35.9065,-117.273 35.9065,-117.284 35.9065,-117.295 35.9066,-117.306 35.9066,-117.317 35.9066,-117.328 35.9067,-117.34 35.9067,-117.351 35.9067,-117.362 35.9067,-117.373 35.9068,-117.384 35.9068,-117.395 35.9068,-117.406 35.9068,-117.417 35.9068,-117.429 35.9069,-117.44 35.9069,-117.451 35.9069,-117.462 35.9069,-117.473 35.9069,-117.484 35.9069,-117.495 35.9069,-117.506 35.907,-117.517 35.907,-117.529 35.907,-117.54 35.907,-117.551 35.907,-117.562 35.907,-117.573 35.907,-117.584 35.907,-117.595 35.907))
201909041600,5,2,
Pattern Matcher : 5
201909041700,2,2,
boundary: POLYGON((-117.595 35.907,-117.606 35.907,-117.618 35.907,-117.629 35.907,-117.64 35.907,-117.651 35.907,-117.662 35.907,-117.673 35.907,-117.684 35.907,-117.695 35.907,-117.706 35.907,-117.718 35.907,-117.729 35.907,-117.74 35.9069,-117.751 35.9069,-117.762 35.9069,-117.773 35.9069,-117.784 35.9069,-117.795 35.9069,-117.806 35.9069,-117.818 35.9068,-117.829 35.9068,-117.84 35.9068,-117.851 35.9068,-117.862 35.9068,-117.873 35.9067,-117.884 35.9067,-117.895 35.9067,-117.907 35.9067,-117.918 35.9066,-117.929 35.9066,-117.94 35.9066,-117.951 35.9065,-117.962 35.9065,-117.973 35.9065,-117.984 35.9064,-117.995 35.9064,-118.007 35.9064,-118.018 35.9063,-118.029 35.9063,-118.04 35.9063,-118.051 35.9062,-118.062 35.9062,-118.073 35.9061,-118.084 35.9061,-118.095 35.9061,-118.107 35.906,-118.118 35.906,-118.129 35.9059,-118.14 35.9059,-118.151 35.9058,-118.162 35.9058,-118.173 35.9057,-118.184 35.9057,-118.196 35.9056,-118.207 35.9056,-118.218 35.9055,-118.229 35.9054,-118.24 35.9054,-118.251 35.9053,-118.262 35.9053,-118.273 35.9052,-118.284 35.9051,-118.296 35.9051,-118.307 35.905,-118.318 35.905,-118.329 35.9049,-118.34 35.9048,-118.351 35.9048,-118.362 35.9047,-118.373 35.9046,-118.384 35.9045,-118.385 35.9136,-118.385 35.9226,-118.385 35.9406,-118.385 35.9496,-118.385 35.9586,-118.385 35.9676,-118.385 35.9767,-118.385 35.9857,-118.385 35.9947,-118.385 36.0037,-118.386 36.0127,-118.386 36.0217,-118.386 36.0308,-118.386 36.0578,-118.386 36.0668,-118.386 36.0758,-118.386 36.0848,-118.386 36.0939,-118.387 36.1119,-118.387 36.1389,-118.387 36.1479,-118.387 36.157,-118.387 36.166,-118.387 36.175,-118.387 36.184,-118.387 36.193,-118.387 36.202,-118.388 36.2201,-118.388 36.2291,-118.388 36.2381,-118.388 36.2561,-118.388 36.2651,-118.388 36.2741,-118.388 36.2832,-118.388 36.3102,-118.389 36.3553,-118.389 36.3643,-118.389 36.3733,-118.389 36.3823,-118.389 36.3823,-118.389 36.3913,-118.389 36.4003,-118.389 36.4094,-118.39 36.4184,-118.39 36.4274,-118.39 36.4364,-118.39 36.4634,-118.39 36.4725,-118.39 36.4815,-118.39 36.5085,-118.39 36.5175,-118.391 36.5265,-118.391 36.5356,-118.391 36.5446,-118.391 36.5536,-118.391 36.5626,-118.391 36.5716,-118.391 36.5806,-118.391 36.5896,-118.391 36.5987,-118.391 36.6077,-118.391 36.6167,-118.392 36.6257,-118.392 36.6347,-118.392 36.6437,-118.392 36.6527,-118.392 36.6617,-118.392 36.6708,-118.392 36.6798,-118.392 36.6888,-118.392 36.6978,-118.392 36.7068,-118.392 36.7158,-118.393 36.7248,-118.393 36.7339,-118.393 36.7519,-118.393 36.7789,-118.393 36.7879,-118.393 36.797,-118.393 36.806,-118.393 36.815,-118.394 36.824,-118.394 36.833,-118.394 36.842,-118.394 36.8601,-118.394 36.8691,-118.394 36.9051,-118.394 36.9141,-118.395 36.9412,-118.395 36.9502,-118.395 36.9592,-118.395 36.9682,-118.395 36.9772,-118.395 36.9953,-118.396 37.0223,-118.396 37.0313,-118.396 37.0403,-118.396 37.0583,-118.396 37.0674,-118.396 37.0764,-118.396 37.0854,-118.396 37.0944,-118.396 37.1034,-118.396 37.1124,-118.397 37.1214,-118.397 37.1305,-118.397 37.1485,-118.397 37.1845,-118.398 37.2206,-118.398 37.2296,-118.398 37.2386,-118.398 37.2476,-118.398 37.2566,-118.398 37.2657,-118.398 37.2747,-118.398 37.2837,-118.398 37.2927,-118.387 37.2928,-118.376 37.2928,-118.364 37.2929,-118.353 37.293,-118.342 37.293,-118.33 37.2931,-118.319 37.2932,-118.308 37.2932,-118.296 37.2933,-118.285 37.2934,-118.274 37.2934,-118.263 37.2935,-118.251 37.2936,-118.24 37.2936,-118.229 37.2937,-118.217 37.2937,-118.206 37.2938,-118.195 37.2938,-117.934 37.2858,-117.776 37.2951,-117.765 37.2951,-117.753 37.2951,-117.742 37.2952,-117.731 37.2952,-117.719 37.2952,-117.708 37.2952,-117.697 37.2952,-117.674 37.2952,-117.663 37.2952,-117.651 37.2952,-117.64 37.2952,-117.629 37.2952,-117.618 37.2952,-117.606 37.2952,-117.595 37.2952,-117.584 37.2952,-117.572 37.2952,-117.561 37.2952,-117.55 37.2952,-117.538 37.2952,-117.527 37.2952,-117.516 37.2952,-117.504 37.2952,-117.493 37.2952,-117.482 37.2951,-117.47 37.2951,-117.459 37.2951,-117.448 37.2951,-117.436 37.2951,-117.425 37.2951,-117.414 37.2951,-117.402 37.295,-117.391 37.295,-117.38 37.295,-117.369 37.295,-117.357 37.2949,-117.346 37.2949,-117.335 37.2949,-117.323 37.2949,-117.312 37.2948,-117.301 37.2948,-117.289 37.2948,-117.278 37.2947,-117.267 37.2947,-117.255 37.2947,-117.244 37.2946,-117.233 37.2946,-117.221 37.2946,-117.21 37.2945,-117.199 37.2945,-117.187 37.2945,-117.176 37.2944,-117.165 37.2944,-117.154 37.2943,-117.142 37.2943,-117.131 37.2942,-117.12 37.2942,-117.108 37.2941,-117.097 37.2941,-117.086 37.294,-117.074 37.294,-117.063 37.2939,-117.052 37.2939,-117.04 37.2938,-117.029 37.2938,-117.018 37.2937,-117.006 37.2937,-116.995 37.2936,-116.984 37.2936,-116.972 37.2935,-116.961 37.2934,-116.95 37.2934,-116.939 37.2933,-116.927 37.2932,-116.916 37.2932,-116.905 37.2931,-116.893 37.293,-116.882 37.293,-116.871 37.2929,-116.859 37.2928,-116.848 37.2928,-116.837 37.2927,-116.837 37.2837,-116.837 37.2747,-116.837 37.2657,-116.837 37.2566,-116.837 37.2476,-116.837 37.2386,-116.837 37.2296,-116.837 37.2206,-116.838 37.2116,-116.838 37.2026,-116.838 37.1935,-116.838 37.1845,-116.838 37.1755,-116.838 37.1665,-116.838 37.1575,-116.838 37.1395,-116.838 37.1305,-116.838 37.1214,-116.839 37.1124,-116.839 37.1034,-116.839 37.0944,-116.839 37.0854,-116.839 37.0764,-116.839 37.0674,-116.839 37.0403,-116.839 37.0313,-116.839 37.0223,-116.84 36.9862,-116.84 36.9772,-116.84 36.9682,-116.84 36.9592,-116.84 36.9502,-116.84 36.9412,-116.84 36.9231,-116.841 36.9141,-116.841 36.9051,-116.841 36.8781,-116.841 36.8691,-116.841 36.8601,-116.841 36.851,-116.841 36.842,-116.841 36.833,-116.841 36.824,-116.842 36.815,-116.842 36.806,-116.842 36.7879,-116.842 36.7789,-116.842 36.7609,-116.842 36.7429,-116.842 36.7339,-116.842 36.7248,-116.843 36.7068,-116.843 36.6978,-116.843 36.6888,-116.843 36.6798,-116.843 36.6708,-116.843 36.6617,-116.843 36.6527,-116.843 36.6347,-116.843 36.6257,-116.844 36.6167,-116.844 36.5987,-116.844 36.5896,-116.844 36.5806,-116.844 36.5716,-116.844 36.5626,-116.844 36.5536,-116.844 36.5446,-116.844 36.5356,-116.844 36.5265,-116.845 36.5175,-116.845 36.5085,-116.845 36.4815,-116.845 36.4725,-116.845 36.4634,-116.845 36.4544,-116.845 36.4454,-116.845 36.4364,-116.845 36.4274,-116.846 36.4003,-116.846 36.3913,-116.846 36.3733,-116.846 36.3643,-116.846 36.3553,-116.846 36.3463,-116.846 36.3372,-116.846 36.3282,-116.846 36.3192,-116.847 36.3102,-116.847 36.2741,-116.847 36.2651,-116.847 36.2561,-116.847 36.2471,-116.847 36.2381,-116.847 36.2291,-116.848 36.193,-116.848 36.184,-116.848 36.175,-116.848 36.166,-116.848 36.157,-116.848 36.1479,-116.849 36.1119,-116.849 36.1029,-116.849 36.0939,-116.849 36.0848,-116.849 36.0758,-116.849 36.0668,-116.849 36.0578,-116.849 36.0488,-116.849 36.0398,-116.849 36.0308,-116.849 36.0217,-116.85 36.0037,-116.85 35.9947,-116.85 35.9857,-116.85 35.9767,-116.85 35.9676,-116.85 35.9496,-116.85 35.9406,-116.85 35.9316,-116.85 35.9226,-116.85 35.9136,-116.851 35.9045,-116.862 35.9046,-116.873 35.9047,-116.884 35.9048,-116.895 35.9048,-116.906 35.9049,-116.917 35.905,-116.928 35.905,-116.939 35.9051,-116.951 35.9051,-116.962 35.9052,-116.973 35.9053,-116.984 35.9053,-116.995 35.9054,-117.006 35.9054,-117.017 35.9055,-117.028 35.9056,-117.039 35.9056,-117.051 35.9057,-117.062 35.9057,-117.073 35.9058,-117.084 35.9058,-117.095 35.9059,-117.106 35.9059,-117.117 35.906,-117.128 35.906,-117.14 35.9061,-117.151 35.9061,-117.162 35.9061,-117.173 35.9062,-117.184 35.9062,-117.195 35.9063,-117.206 35.9063,-117.217 35.9063,-117.228 35.9064,-117.24 35.9064,-117.251 35.9064,-117.262 35.9065,-117.273 35.9065,-117.284 35.9065,-117.295 35.9066,-117.306 35.9066,-117.317 35.9066,-117.328 35.9067,-117.34 35.9067,-117.351 35.9067,-117.362 35.9067,-117.373 35.9068,-117.384 35.9068,-117.395 35.9068,-117.406 35.9068,-117.417 35.9068,-117.429 35.9069,-117.44 35.9069,-117.451 35.9069,-117.462 35.9069,-117.473 35.9069,-117.484 35.9069,-117.495 35.9069,-117.506 35.907,-117.517 35.907,-117.529 35.907,-117.54 35.907,-117.551 35.907,-117.562 35.907,-117.573 35.907,-117.584 35.907,-117.595 35.907))
201909041700,5,2,
Pattern Matcher : 6
201909041800,2,2,
boundary: POLYGON((-117.64 37.2952,-117.629 37.2952,-117.618 37.2952,-117.606 37.2952,-117.595 37.2952,-117.584 37.2952,-117.572 37.2952,-117.561 37.2952,-117.55 37.2952,-117.538 37.2952,-117.527 37.2952,-117.516 37.2952,-117.504 37.2952,-117.493 37.2952,-117.482 37.2951,-117.47 37.2951,-117.459 37.2951,-117.448 37.2951,-117.436 37.2951,-117.425 37.2951,-117.414 37.2951,-117.369 37.295,-117.357 37.2949,-117.346 37.2949,-117.335 37.2949,-117.323 37.2949,-117.312 37.2948,-117.301 37.2948,-117.289 37.2948,-117.278 37.2947,-117.267 37.2947,-117.255 37.2947,-117.244 37.2946,-117.233 37.2946,-117.221 37.2946,-117.21 37.2945,-117.199 37.2945,-117.187 37.2945,-117.176 37.2944,-117.165 37.2944,-117.154 37.2943,-117.142 37.2943,-117.131 37.2942,-117.12 37.2942,-117.108 37.2941,-117.097 37.2941,-117.086 37.294,-117.074 37.294,-117.063 37.2939,-117.052 37.2939,-117.04 37.2938,-117.029 37.2938,-117.018 37.2937,-117.006 37.2937,-116.995 37.2936,-116.984 37.2936,-116.972 37.2935,-116.961 37.2934,-116.95 37.2934,-116.939 37.2933,-116.927 37.2932,-116.905 37.2841,-116.839 37.0493,-116.839 37.0403,-116.839 37.0313,-116.839 37.0223,-116.84 36.9862,-116.84 36.9772,-116.84 36.9682,-116.84 36.9592,-116.84 36.9502,-116.84 36.9412,-116.84 36.9231,-116.841 36.9141,-116.841 36.9051,-116.841 36.8781,-116.841 36.8691,-116.841 36.8601,-116.841 36.851,-116.841 36.842,-116.841 36.833,-116.841 36.824,-116.842 36.815,-116.842 36.806,-116.842 36.7879,-116.842 36.7789,-116.842 36.7609,-116.842 36.7429,-116.842 36.7339,-116.842 36.7248,-116.843 36.7068,-116.843 36.6978,-116.843 36.6888,-116.843 36.6798,-116.843 36.6708,-116.843 36.6617,-116.843 36.6527,-116.843 36.6347,-116.843 36.6257,-116.844 36.6167,-116.844 36.5987,-116.844 36.5896,-116.844 36.5806,-116.844 36.5716,-116.844 36.5626,-116.844 36.5536,-116.844 36.5446,-116.844 36.5356,-116.844 36.5265,-116.845 36.5175,-116.845 36.5085,-116.845 36.4815,-116.845 36.4725,-116.845 36.4634,-116.845 36.4544,-116.845 36.4454,-116.845 36.4364,-116.845 36.4274,-116.846 36.4003,-116.846 36.3913,-116.846 36.3733,-116.846 36.3643,-116.846 36.3553,-116.846 36.3463,-116.846 36.3372,-116.846 36.3282,-116.846 36.3192,-116.847 36.3102,-116.847 36.2741,-116.847 36.2651,-116.847 36.2561,-116.847 36.2471,-116.847 36.2381,-116.847 36.2291,-116.848 36.193,-116.848 36.184,-116.848 36.175,-116.848 36.166,-116.848 36.157,-116.848 36.1479,-116.849 36.1119,-116.849 36.1029,-116.849 36.0939,-116.849 36.0848,-116.849 36.0758,-116.849 36.0668,-116.849 36.0578,-116.849 36.0488,-116.849 36.0398,-116.849 36.0308,-116.849 36.0217,-116.85 36.0037,-116.85 35.9947,-116.85 35.9857,-116.85 35.9767,-116.85 35.9676,-116.85 35.9496,-116.85 35.9406,-116.85 35.9316,-116.85 35.9226,-116.85 35.9136,-116.851 35.9045,-116.862 35.9046,-116.873 35.9047,-116.884 35.9048,-116.895 35.9048,-116.906 35.9049,-116.917 35.905,-116.928 35.905,-116.939 35.9051,-116.951 35.9051,-116.962 35.9052,-116.973 35.9053,-116.984 35.9053,-116.995 35.9054,-117.006 35.9054,-117.017 35.9055,-117.028 35.9056,-117.039 35.9056,-117.051 35.9057,-117.062 35.9057,-117.073 35.9058,-117.084 35.9058,-117.095 35.9059,-117.106 35.9059,-117.117 35.906,-117.128 35.906,-117.14 35.9061,-117.151 35.9061,-117.162 35.9061,-117.173 35.9062,-117.184 35.9062,-117.195 35.9063,-117.206 35.9063,-117.217 35.9063,-117.228 35.9064,-117.24 35.9064,-117.251 35.9064,-117.262 35.9065,-117.273 35.9065,-117.284 35.9065,-117.295 35.9066,-117.306 35.9066,-117.317 35.9066,-117.328 35.9067,-117.34 35.9067,-117.351 35.9067,-117.362 35.9067,-117.373 35.9068,-117.384 35.9068,-117.395 35.9068,-117.406 35.9068,-117.417 35.9068,-117.429 35.9069,-117.44 35.9069,-117.451 35.9069,-117.462 35.9069,-117.473 35.9069,-117.484 35.9069,-117.495 35.9069,-117.506 35.907,-117.517 35.907,-117.529 35.907,-117.54 35.907,-117.551 35.907,-117.562 35.907,-117.573 35.907,-117.584 35.907,-117.595 35.907,-117.606 35.907,-117.618 35.907,-117.629 35.907,-117.64 35.907,-117.651 35.907,-117.662 35.907,-117.673 35.907,-117.684 35.907,-117.695 35.907,-117.706 35.907,-117.718 35.907,-117.729 35.907,-117.74 35.9069,-117.751 35.9069,-117.762 35.9069,-117.773 35.9069,-117.784 35.9069,-117.795 35.9069,-117.806 35.9069,-117.818 35.9068,-117.829 35.9068,-117.84 35.9068,-117.851 35.9068,-117.862 35.9068,-117.873 35.9067,-117.884 35.9067,-117.895 35.9067,-117.907 35.9067,-117.918 35.9066,-117.929 35.9066,-117.94 35.9066,-117.951 35.9065,-117.962 35.9065,-117.973 35.9065,-117.984 35.9064,-117.995 35.9064,-118.007 35.9064,-118.018 35.9063,-118.029 35.9063,-118.04 35.9063,-118.051 35.9062,-118.062 35.9062,-118.073 35.9061,-118.084 35.9061,-118.095 35.9061,-118.107 35.906,-118.118 35.906,-118.129 35.9059,-118.14 35.9059,-118.151 35.9058,-118.162 35.9058,-118.173 35.9057,-118.184 35.9057,-118.196 35.9056,-118.207 35.9056,-118.218 35.9055,-118.229 35.9054,-118.24 35.9054,-118.251 35.9053,-118.262 35.9053,-118.273 35.9052,-118.284 35.9051,-118.296 35.9051,-118.307 35.905,-118.318 35.905,-118.329 35.9049,-118.34 35.9048,-118.351 35.9048,-118.362 35.9047,-118.373 35.9046,-118.384 35.9045,-118.385 35.9136,-118.385 35.9226,-118.385 35.9406,-118.385 35.9496,-118.385 35.9586,-118.385 35.9676,-118.385 35.9767,-118.385 35.9857,-118.385 35.9947,-118.385 36.0037,-118.386 36.0127,-118.386 36.0217,-118.386 36.0308,-118.386 36.0578,-118.386 36.0668,-118.386 36.0758,-118.386 36.0848,-118.386 36.0939,-118.387 36.1119,-118.387 36.1389,-118.387 36.1479,-118.387 36.157,-118.387 36.166,-118.387 36.175,-118.387 36.184,-118.387 36.193,-118.387 36.202,-118.388 36.2201,-118.388 36.2291,-118.388 36.2381,-118.388 36.2561,-118.388 36.2651,-118.388 36.2741,-118.388 36.2832,-118.388 36.3102,-118.389 36.3553,-118.389 36.3643,-118.358 36.5989,-118.358 36.6079,-118.358 36.6169,-118.358 36.68,-118.371 36.7791,-118.371 36.7881,-118.395 37.0133,-118.396 37.0223,-118.396 37.0313,-118.396 37.0403,-118.396 37.0583,-118.396 37.0674,-118.396 37.0764,-118.396 37.0854,-118.396 37.0944,-118.396 37.1034,-118.396 37.1124,-118.397 37.1214,-118.397 37.1305,-118.397 37.1485,-118.397 37.1845,-118.398 37.2206,-118.398 37.2296,-118.398 37.2386,-118.398 37.2476,-118.398 37.2566,-118.398 37.2657,-118.398 37.2747,-118.398 37.2837,-118.398 37.2927,-118.387 37.2928,-118.376 37.2928,-118.364 37.2929,-118.353 37.293,-118.342 37.293,-118.217 37.2937,-118.206 37.2938,-118.195 37.2938,-118.183 37.2939,-118.172 37.2939,-118.161 37.294,-118.149 37.294,-117.708 37.2681,-117.64 37.2952))
201909041800,5,2,
Pattern Matcher : 7
201909041900,2,2,
boundary: POLYGON((-117.595 35.907,-117.606 35.907,-117.618 35.907,-117.629 35.907,-117.64 35.907,-117.651 35.907,-117.662 35.907,-117.673 35.907,-117.684 35.907,-117.695 35.907,-117.706 35.907,-117.718 35.907,-117.729 35.907,-117.74 35.9069,-117.751 35.9069,-117.762 35.9069,-117.773 35.9069,-117.784 35.9069,-117.795 35.9069,-117.806 35.9069,-117.818 35.9068,-117.829 35.9068,-117.84 35.9068,-117.851 35.9068,-117.862 35.9068,-117.873 35.9067,-117.884 35.9067,-117.895 35.9067,-117.907 35.9067,-117.918 35.9066,-117.929 35.9066,-117.94 35.9066,-117.951 35.9065,-117.962 35.9065,-117.973 35.9065,-117.984 35.9064,-117.995 35.9064,-118.007 35.9064,-118.018 35.9063,-118.029 35.9063,-118.04 35.9063,-118.051 35.9062,-118.062 35.9062,-118.073 35.9061,-118.084 35.9061,-118.095 35.9061,-118.107 35.906,-118.118 35.906,-118.129 35.9059,-118.14 35.9059,-118.151 35.9058,-118.162 35.9058,-118.173 35.9057,-118.184 35.9057,-118.196 35.9056,-118.207 35.9056,-118.218 35.9055,-118.229 35.9054,-118.24 35.9054,-118.251 35.9053,-118.262 35.9053,-118.273 35.9052,-118.284 35.9051,-118.296 35.9051,-118.307 35.905,-118.318 35.905,-118.329 35.9049,-118.34 35.9048,-118.351 35.9048,-118.362 35.9047,-118.373 35.9046,-118.384 35.9045,-118.385 35.9136,-118.385 35.9226,-118.385 35.9406,-118.385 35.9496,-118.385 35.9586,-118.385 35.9676,-118.385 35.9767,-118.385 35.9857,-118.385 35.9947,-118.385 36.0037,-118.386 36.0127,-118.386 36.0217,-118.386 36.0308,-118.386 36.0488,-118.386 36.0578,-118.386 36.0668,-118.386 36.0758,-118.386 36.0848,-118.386 36.0939,-118.387 36.1119,-118.387 36.1389,-118.387 36.1479,-118.387 36.157,-118.387 36.166,-118.387 36.175,-118.387 36.184,-118.387 36.193,-118.387 36.202,-118.387 36.211,-118.388 36.2201,-118.388 36.2291,-118.388 36.2381,-118.388 36.2561,-118.388 36.2651,-118.388 36.2741,-118.388 36.2832,-118.388 36.3102,-118.389 36.3553,-118.389 36.3643,-118.389 36.3733,-118.389 36.3823,-118.389 36.3823,-118.389 36.3913,-118.389 36.4003,-118.389 36.4094,-118.39 36.4184,-118.39 36.4274,-118.39 36.4364,-118.39 36.4454,-118.39 36.4544,-118.39 36.4634,-118.39 36.4725,-118.39 36.4815,-118.39 36.4905,-118.39 36.4995,-118.39 36.5085,-118.39 36.5175,-118.391 36.5265,-118.391 36.5356,-118.391 36.5446,-118.391 36.5536,-118.391 36.5626,-118.391 36.5716,-118.391 36.5806,-118.391 36.5896,-118.391 36.5987,-118.391 36.6077,-118.391 36.6167,-118.392 36.6257,-118.392 36.6347,-118.392 36.6437,-118.392 36.6527,-118.392 36.6617,-118.392 36.6708,-118.392 36.6798,-118.392 36.6888,-118.392 36.6978,-118.392 36.7068,-118.392 36.7158,-118.393 36.7248,-118.393 36.7339,-118.393 36.7429,-118.393 36.7519,-118.393 36.7789,-118.393 36.7879,-118.393 36.797,-118.393 36.806,-118.393 36.815,-118.394 36.824,-118.384 37.0134,-118.384 37.0224,-118.384 37.0314,-118.398 37.2476,-118.398 37.2566,-118.398 37.2657,-118.398 37.2747,-118.398 37.2837,-118.398 37.2927,-118.387 37.2928,-118.376 37.2928,-118.364 37.2929,-118.353 37.293,-118.342 37.293,-118.33 37.2931,-118.319 37.2932,-118.308 37.2932,-118.183 37.2939,-118.172 37.2939,-118.161 37.294,-118.149 37.294,-118.138 37.2941,-118.127 37.2941,-118.115 37.2942,-118.104 37.2942,-118.093 37.2943,-118.081 37.2943,-118.059 37.2944,-118.048 37.2945,-118.036 37.2945,-118.025 37.2945,-118.014 37.2946,-118.002 37.2946,-117.991 37.2946,-117.98 37.2947,-117.968 37.2947,-117.957 37.2947,-117.946 37.2948,-117.934 37.2948,-117.923 37.2948,-117.912 37.2949,-117.9 37.2949,-117.889 37.2949,-117.878 37.2949,-117.866 37.295,-117.855 37.295,-117.844 37.295,-117.833 37.295,-117.821 37.2951,-117.81 37.2951,-117.799 37.2951,-117.787 37.2951,-117.776 37.2951,-117.765 37.2951,-117.753 37.2951,-117.742 37.2952,-117.731 37.2952,-117.719 37.2952,-117.708 37.2952,-117.697 37.2952,-117.685 37.2952,-117.674 37.2952,-117.663 37.2952,-117.651 37.2952,-117.64 37.2952,-117.629 37.2952,-117.618 37.2952,-117.606 37.2952,-117.595 37.2952,-117.584 37.2952,-117.572 37.2952,-117.561 37.2952,-117.55 37.2952,-117.538 37.2952,-117.527 37.2952,-117.516 37.2952,-117.504 37.2952,-117.493 37.2952,-117.482 37.2951,-117.47 37.2951,-117.459 37.2951,-117.448 37.2951,-117.436 37.2951,-117.425 37.2951,-117.414 37.2951,-117.402 37.295,-117.391 37.295,-117.38 37.295,-117.369 37.295,-117.357 37.2949,-117.346 37.2949,-117.335 37.2949,-117.323 37.2949,-117.312 37.2948,-117.301 37.2948,-117.289 37.2948,-117.278 37.2947,-117.267 37.2947,-117.255 37.2947,-117.244 37.2946,-117.233 37.2946,-117.221 37.2946,-117.21 37.2945,-117.199 37.2945,-117.187 37.2945,-117.176 37.2944,-117.165 37.2944,-117.154 37.2943,-117.142 37.2943,-117.131 37.2942,-117.12 37.2942,-117.108 37.2941,-117.097 37.2941,-117.086 37.294,-117.074 37.294,-117.063 37.2939,-116.972 37.2935,-116.961 37.2934,-116.95 37.2934,-116.939 37.2933,-116.927 37.2932,-116.916 37.2932,-116.905 37.2931,-116.893 37.293,-116.882 37.293,-116.871 37.2929,-116.859 37.2928,-116.837 37.2566,-116.837 37.2476,-116.837 37.2386,-116.837 37.2296,-116.837 37.2206,-116.838 37.2116,-116.838 37.2026,-116.838 37.1935,-116.838 37.1845,-116.838 37.1755,-116.838 37.1665,-116.838 37.1575,-116.838 37.1485,-116.838 37.1395,-116.838 37.1305,-116.838 37.1214,-116.839 37.1124,-116.839 37.1034,-116.839 37.0944,-116.839 37.0854,-116.839 37.0764,-116.839 37.0674,-116.839 37.0403,-116.839 37.0313,-116.839 37.0223,-116.84 36.9862,-116.84 36.9772,-116.84 36.9682,-116.84 36.9592,-116.84 36.9502,-116.84 36.9412,-116.84 36.9231,-116.841 36.9141,-116.841 36.9051,-116.841 36.8781,-116.841 36.8691,-116.841 36.8601,-116.841 36.851,-116.841 36.842,-116.841 36.833,-116.841 36.824,-116.842 36.815,-116.842 36.806,-116.842 36.7879,-116.842 36.7789,-116.842 36.7609,-116.842 36.7429,-116.842 36.7339,-116.842 36.7248,-116.843 36.7068,-116.843 36.6978,-116.843 36.6888,-116.843 36.6798,-116.843 36.6708,-116.843 36.6617,-116.843 36.6527,-116.843 36.6347,-116.843 36.6257,-116.844 36.6167,-116.844 36.5987,-116.844 36.5896,-116.844 36.5806,-116.844 36.5716,-116.844 36.5626,-116.844 36.5536,-116.844 36.5446,-116.844 36.5356,-116.844 36.5265,-116.845 36.5175,-116.845 36.5085,-116.845 36.4815,-116.845 36.4725,-116.845 36.4634,-116.845 36.4544,-116.845 36.4454,-116.845 36.4364,-116.845 36.4274,-116.846 36.4003,-116.846 36.3913,-116.846 36.3733,-116.846 36.3643,-116.846 36.3553,-116.846 36.3463,-116.846 36.3372,-116.846 36.3282,-116.846 36.3192,-116.847 36.3102,-116.847 36.2741,-116.847 36.2651,-116.847 36.2561,-116.847 36.2471,-116.847 36.2381,-116.847 36.2291,-116.848 36.193,-116.848 36.184,-116.848 36.175,-116.848 36.166,-116.848 36.157,-116.848 36.1479,-116.849 36.1119,-116.849 36.1029,-116.849 36.0939,-116.849 36.0848,-116.849 36.0758,-116.849 36.0668,-116.849 36.0578,-116.849 36.0488,-116.849 36.0398,-116.849 36.0308,-116.849 36.0217,-116.85 36.0037,-116.85 35.9947,-116.85 35.9857,-116.85 35.9767,-116.85 35.9676,-116.85 35.9496,-116.85 35.9406,-116.85 35.9316,-116.85 35.9226,-116.85 35.9136,-116.851 35.9045,-116.862 35.9046,-116.873 35.9047,-116.884 35.9048,-116.895 35.9048,-116.906 35.9049,-116.917 35.905,-116.928 35.905,-116.939 35.9051,-116.951 35.9051,-116.962 35.9052,-116.973 35.9053,-116.984 35.9053,-116.995 35.9054,-117.006 35.9054,-117.017 35.9055,-117.028 35.9056,-117.039 35.9056,-117.051 35.9057,-117.062 35.9057,-117.073 35.9058,-117.084 35.9058,-117.095 35.9059,-117.106 35.9059,-117.117 35.906,-117.128 35.906,-117.14 35.9061,-117.151 35.9061,-117.162 35.9061,-117.173 35.9062,-117.184 35.9062,-117.195 35.9063,-117.206 35.9063,-117.217 35.9063,-117.228 35.9064,-117.24 35.9064,-117.251 35.9064,-117.262 35.9065,-117.273 35.9065,-117.284 35.9065,-117.295 35.9066,-117.306 35.9066,-117.317 35.9066,-117.328 35.9067,-117.34 35.9067,-117.351 35.9067,-117.362 35.9067,-117.373 35.9068,-117.384 35.9068,-117.395 35.9068,-117.406 35.9068,-117.417 35.9068,-117.429 35.9069,-117.44 35.9069,-117.451 35.9069,-117.462 35.9069,-117.473 35.9069,-117.484 35.9069,-117.495 35.9069,-117.506 35.907,-117.517 35.907,-117.529 35.907,-117.54 35.907,-117.551 35.907,-117.562 35.907,-117.573 35.907,-117.584 35.907,-117.595 35.907))
201909041900,5,2,
Pattern Matcher : 8
201909042000,2,2,
boundary: POLYGON((-117.618 35.907,-117.629 35.907,-117.64 35.907,-117.651 35.907,-117.662 35.907,-117.673 35.907,-117.684 35.907,-117.695 35.907,-117.706 35.907,-117.718 35.907,-117.729 35.907,-117.74 35.9069,-117.751 35.9069,-117.762 35.9069,-117.773 35.9069,-117.784 35.9069,-117.795 35.9069,-117.806 35.9069,-117.818 35.9068,-117.829 35.9068,-117.84 35.9068,-117.851 35.9068,-117.862 35.9068,-117.873 35.9067,-117.884 35.9067,-117.895 35.9067,-117.907 35.9067,-117.918 35.9066,-117.929 35.9066,-117.94 35.9066,-117.951 35.9065,-117.962 35.9065,-117.973 35.9065,-117.984 35.9064,-117.995 35.9064,-118.007 35.9064,-118.018 35.9063,-118.029 35.9063,-118.04 35.9063,-118.051 35.9062,-118.062 35.9062,-118.073 35.9061,-118.084 35.9061,-118.095 35.9061,-118.107 35.906,-118.118 35.906,-118.129 35.9059,-118.14 35.9059,-118.151 35.9058,-118.162 35.9058,-118.173 35.9057,-118.184 35.9057,-118.196 35.9056,-118.207 35.9056,-118.218 35.9055,-118.229 35.9054,-118.24 35.9054,-118.251 35.9053,-118.262 35.9053,-118.273 35.9052,-118.284 35.9051,-118.296 35.9051,-118.307 35.905,-118.318 35.905,-118.329 35.9049,-118.34 35.9048,-118.351 35.9048,-118.362 35.9047,-118.385 35.9316,-118.385 35.9406,-118.385 35.9496,-118.385 35.9586,-118.385 35.9676,-118.385 35.9767,-118.385 35.9857,-118.385 35.9947,-118.385 36.0037,-118.386 36.0127,-118.386 36.0217,-118.386 36.0308,-118.386 36.0398,-118.386 36.0488,-118.386 36.0578,-118.386 36.0668,-118.386 36.0758,-118.386 36.0848,-118.386 36.0939,-118.387 36.1119,-118.387 36.1299,-118.387 36.1389,-118.387 36.1435,-118.387 36.157,-118.387 36.166,-118.387 36.175,-118.387 36.184,-118.387 36.193,-118.387 36.202,-118.388 36.2201,-118.388 36.2291,-118.388 36.2381,-118.388 36.2471,-118.388 36.2561,-118.388 36.2651,-118.388 36.2741,-118.388 36.2832,-118.388 36.3102,-118.389 36.3192,-118.389 36.3282,-118.389 36.3372,-118.389 36.3463,-118.389 36.3553,-118.389 36.3643,-118.389 36.3733,-118.389 36.3913,-118.389 36.4003,-118.39 36.4274,-118.39 36.4364,-118.39 36.4634,-118.39 36.4725,-118.39 36.4815,-118.39 36.4905,-118.381 36.7069,-118.381 36.7159,-118.394 36.8601,-118.394 36.8691,-118.394 36.9051,-118.394 36.9141,-118.395 36.9412,-118.395 36.9502,-118.395 36.9592,-118.395 36.9682,-118.395 36.9772,-118.395 36.9862,-118.395 36.9953,-118.395 37.0043,-118.395 37.0133,-118.396 37.0223,-118.396 37.0313,-118.396 37.0403,-118.396 37.0583,-118.396 37.0674,-118.396 37.0764,-118.396 37.0854,-118.396 37.0944,-118.396 37.1034,-118.396 37.1124,-118.397 37.1214,-118.397 37.1305,-118.397 37.1485,-118.397 37.1845,-118.397 37.2116,-118.364 37.2929,-118.353 37.293,-118.342 37.293,-118.33 37.2931,-118.319 37.2932,-118.308 37.2932,-118.296 37.2933,-118.285 37.2934,-118.274 37.2934,-118.263 37.2935,-118.251 37.2936,-118.24 37.2936,-118.229 37.2937,-118.104 37.2942,-118.093 37.2943,-118.081 37.2943,-118.07 37.2944,-118.036 37.2945,-118.025 37.2945,-118.014 37.2946,-118.002 37.2946,-117.991 37.2946,-117.98 37.2947,-117.968 37.2947,-117.957 37.2947,-117.946 37.2948,-117.934 37.2948,-117.923 37.2948,-117.912 37.2949,-117.9 37.2949,-117.889 37.2949,-117.878 37.2949,-117.866 37.295,-117.855 37.295,-117.844 37.295,-117.833 37.295,-117.821 37.2951,-117.81 37.2951,-117.799 37.2951,-117.787 37.2951,-117.776 37.2951,-117.765 37.2951,-117.753 37.2951,-117.742 37.2952,-117.731 37.2952,-117.719 37.2952,-117.708 37.2952,-117.697 37.2952,-117.685 37.2952,-117.674 37.2952,-117.663 37.2952,-117.651 37.2952,-117.64 37.2952,-117.629 37.2952,-117.618 37.2952,-117.606 37.2952,-117.595 37.2952,-117.584 37.2952,-117.572 37.2952,-117.561 37.2952,-117.55 37.2952,-117.538 37.2952,-117.527 37.2952,-117.516 37.2952,-117.504 37.2952,-117.493 37.2952,-117.482 37.2951,-117.47 37.2951,-117.459 37.2951,-117.448 37.2951,-117.436 37.2951,-117.425 37.2951,-117.414 37.2951,-117.402 37.295,-117.391 37.295,-117.38 37.295,-117.369 37.295,-117.357 37.2949,-117.346 37.2949,-117.335 37.2949,-117.323 37.2949,-117.312 37.2948,-117.301 37.2948,-117.289 37.2948,-117.278 37.2947,-117.267 37.2947,-117.255 37.2947,-117.244 37.2946,-117.233 37.2946,-117.221 37.2946,-117.21 37.2945,-117.199 37.2945,-117.187 37.2945,-117.176 37.2944,-117.12 37.2942,-117.108 37.2941,-117.097 37.2941,-117.086 37.294,-117.074 37.294,-117.063 37.2939,-116.972 37.2935,-116.961 37.2934,-116.95 37.2934,-116.939 37.2933,-116.927 37.2932,-116.916 37.2932,-116.905 37.2931,-116.893 37.293,-116.837 37.2837,-116.837 37.2747,-116.837 37.2657,-116.837 37.2566,-116.837 37.2476,-116.837 37.2386,-116.837 37.2296,-116.837 37.2206,-116.838 37.2116,-116.838 37.2026,-116.838 37.1935,-116.838 37.1845,-116.838 37.1755,-116.838 37.1665,-116.838 37.1575,-116.838 37.1395,-116.838 37.1305,-116.838 37.1214,-116.839 37.1124,-116.839 37.1034,-116.839 37.0944,-116.839 37.0854,-116.839 37.0764,-116.839 37.0674,-116.839 37.0403,-116.839 37.0313,-116.839 37.0223,-116.84 36.9862,-116.84 36.9772,-116.84 36.9682,-116.84 36.9592,-116.84 36.9502,-116.84 36.9412,-116.84 36.9322,-116.84 36.9231,-116.841 36.9141,-116.841 36.9051,-116.841 36.8961,-116.841 36.8871,-116.841 36.8781,-116.841 36.8691,-116.841 36.8601,-116.841 36.851,-116.841 36.842,-116.841 36.833,-116.841 36.824,-116.842 36.815,-116.842 36.806,-116.842 36.7879,-116.842 36.7789,-116.842 36.7699,-116.842 36.7609,-116.842 36.7519,-116.842 36.7429,-116.842 36.7339,-116.842 36.7248,-116.843 36.7068,-116.843 36.6978,-116.843 36.6888,-116.843 36.6798,-116.843 36.6708,-116.843 36.6617,-116.843 36.6527,-116.843 36.6347,-116.843 36.6257,-116.844 36.6167,-116.844 36.5987,-116.844 36.5896,-116.844 36.5806,-116.844 36.5716,-116.844 36.5626,-116.844 36.5536,-116.844 36.5446,-116.844 36.5356,-116.844 36.5265,-116.845 36.5175,-116.845 36.5085,-116.845 36.4815,-116.845 36.4725,-116.845 36.4634,-116.845 36.4544,-116.845 36.4454,-116.845 36.4364,-116.845 36.4274,-116.846 36.4003,-116.846 36.3913,-116.846 36.3733,-116.846 36.3643,-116.846 36.3553,-116.846 36.3463,-116.846 36.3372,-116.846 36.3282,-116.846 36.3192,-116.847 36.3102,-116.847 36.2741,-116.847 36.2651,-116.847 36.2561,-116.847 36.2471,-116.847 36.2381,-116.847 36.2291,-116.848 36.193,-116.848 36.184,-116.848 36.175,-116.848 36.166,-116.848 36.157,-116.848 36.1479,-116.849 36.1119,-116.849 36.1029,-116.849 36.0939,-116.849 36.0848,-116.849 36.0758,-116.849 36.0668,-116.849 36.0578,-116.849 36.0488,-116.849 36.0398,-116.849 36.0308,-116.849 36.0217,-116.85 36.0037,-116.85 35.9947,-116.85 35.9857,-116.85 35.9767,-116.85 35.9676,-116.85 35.9496,-116.85 35.9406,-116.85 35.9316,-116.85 35.9226,-116.85 35.9136,-116.851 35.9045,-116.862 35.9046,-116.873 35.9047,-116.884 35.9048,-116.895 35.9048,-116.906 35.9049,-116.917 35.905,-116.928 35.905,-116.939 35.9051,-116.951 35.9051,-116.962 35.9052,-116.973 35.9053,-116.984 35.9053,-116.995 35.9054,-117.006 35.9054,-117.017 35.9055,-117.028 35.9056,-117.039 35.9056,-117.051 35.9057,-117.062 35.9057,-117.073 35.9058,-117.084 35.9058,-117.095 35.9059,-117.106 35.9059,-117.117 35.906,-117.128 35.906,-117.14 35.9061,-117.151 35.9061,-117.162 35.9061,-117.173 35.9062,-117.184 35.9062,-117.195 35.9063,-117.206 35.9063,-117.217 35.9063,-117.228 35.9064,-117.24 35.9064,-117.251 35.9064,-117.262 35.9065,-117.273 35.9065,-117.284 35.9065,-117.295 35.9066,-117.306 35.9066,-117.317 35.9066,-117.328 35.9067,-117.34 35.9067,-117.351 35.9067,-117.362 35.9067,-117.373 35.9068,-117.384 35.9068,-117.395 35.9068,-117.406 35.9068,-117.417 35.9068,-117.429 35.9069,-117.44 35.9069,-117.451 35.9069,-117.462 35.9069,-117.473 35.9069,-117.484 35.9069,-117.495 35.9069,-117.506 35.907,-117.517 35.907,-117.529 35.907,-117.54 35.907,-117.551 35.907,-117.562 35.907,-117.573 35.907,-117.584 35.907,-117.595 35.907,-117.606 35.907,-117.618 35.907))
201909042000,5,2,
Pattern Matcher : 9
201909042100,2,2,
boundary: POLYGON((-117.64 37.2952,-117.629 37.2952,-117.618 37.2952,-117.606 37.2952,-117.595 37.2952,-117.584 37.2952,-117.572 37.2952,-117.561 37.2952,-117.55 37.2952,-117.538 37.2952,-117.527 37.2952,-117.516 37.2952,-117.504 37.2952,-117.493 37.2952,-117.482 37.2951,-117.47 37.2951,-117.459 37.2951,-117.448 37.2951,-117.436 37.2951,-117.425 37.2951,-117.414 37.2951,-117.402 37.295,-117.391 37.295,-117.38 37.295,-117.369 37.295,-117.357 37.2949,-117.346 37.2949,-117.335 37.2949,-117.323 37.2949,-117.312 37.2948,-117.301 37.2948,-117.289 37.2948,-117.278 37.2947,-117.267 37.2947,-117.255 37.2947,-117.244 37.2946,-117.233 37.2946,-117.221 37.2946,-117.21 37.2945,-117.199 37.2945,-117.187 37.2945,-117.176 37.2944,-117.165 37.2944,-117.154 37.2943,-117.142 37.2943,-117.131 37.2942,-117.12 37.2942,-117.108 37.2941,-117.097 37.2941,-117.086 37.294,-117.074 37.294,-117.063 37.2939,-117.052 37.2939,-117.04 37.2938,-117.029 37.2938,-117.018 37.2937,-117.006 37.2937,-116.995 37.2936,-116.984 37.2936,-116.972 37.2935,-116.961 37.2934,-116.95 37.2934,-116.939 37.2933,-116.927 37.2932,-116.916 37.2932,-116.905 37.2931,-116.893 37.293,-116.882 37.293,-116.871 37.2929,-116.859 37.2928,-116.848 37.2928,-116.837 37.2927,-116.837 37.2837,-116.837 37.2747,-116.837 37.2657,-116.837 37.2566,-116.837 37.2476,-116.837 37.2386,-116.837 37.2296,-116.837 37.2206,-116.838 37.2116,-116.838 37.2026,-116.838 37.1935,-116.838 37.1845,-116.838 37.1755,-116.838 37.1665,-116.838 37.1575,-116.838 37.1395,-116.838 37.1305,-116.838 37.1214,-116.839 37.1124,-116.839 37.1034,-116.839 37.0944,-116.839 37.0854,-116.839 37.0764,-116.839 37.0674,-116.839 37.0403,-116.839 37.0313,-116.839 37.0223,-116.84 36.9862,-116.84 36.9772,-116.84 36.9682,-116.84 36.9592,-116.84 36.9502,-116.84 36.9412,-116.84 36.9231,-116.841 36.9141,-116.841 36.9051,-116.841 36.8781,-116.841 36.8691,-116.841 36.8601,-116.841 36.851,-116.841 36.842,-116.841 36.833,-116.841 36.824,-116.842 36.815,-116.842 36.806,-116.842 36.7879,-116.842 36.7789,-116.842 36.7609,-116.842 36.7429,-116.842 36.7339,-116.842 36.7248,-116.843 36.7158,-116.843 36.7068,-116.843 36.6978,-116.843 36.6888,-116.843 36.6798,-116.843 36.6708,-116.843 36.6617,-116.843 36.6527,-116.843 36.6347,-116.843 36.6257,-116.844 36.6167,-116.844 36.5987,-116.844 36.5896,-116.844 36.5806,-116.844 36.5716,-116.844 36.5626,-116.844 36.5536,-116.844 36.5446,-116.844 36.5356,-116.844 36.5265,-116.845 36.5175,-116.845 36.5085,-116.845 36.4815,-116.845 36.4725,-116.845 36.4634,-116.845 36.4544,-116.845 36.4454,-116.845 36.4364,-116.845 36.4274,-116.846 36.4003,-116.846 36.3913,-116.846 36.3733,-116.846 36.3643,-116.846 36.3553,-116.846 36.3463,-116.846 36.3372,-116.846 36.3282,-116.846 36.3192,-116.847 36.3102,-116.847 36.2741,-116.847 36.2651,-116.847 36.2561,-116.847 36.2471,-116.847 36.2381,-116.847 36.2291,-116.848 36.193,-116.848 36.184,-116.848 36.175,-116.848 36.166,-116.848 36.157,-116.848 36.1479,-116.849 36.1119,-116.849 36.1029,-116.849 36.0939,-116.849 36.0848,-116.849 36.0758,-116.849 36.0668,-116.849 36.0578,-116.849 36.0488,-116.849 36.0398,-116.849 36.0308,-116.849 36.0217,-116.85 36.0037,-116.85 35.9947,-116.85 35.9857,-116.85 35.9767,-116.85 35.9676,-116.85 35.9496,-116.85 35.9361,-116.85 35.9316,-116.85 35.9226,-116.85 35.9136,-116.851 35.9045,-116.862 35.9046,-116.873 35.9047,-116.884 35.9048,-116.895 35.9048,-116.906 35.9049,-116.917 35.905,-116.928 35.905,-116.939 35.9051,-116.951 35.9051,-116.962 35.9052,-116.973 35.9053,-116.984 35.9053,-116.995 35.9054,-117.006 35.9054,-117.017 35.9055,-117.028 35.9056,-117.039 35.9056,-117.051 35.9057,-117.062 35.9057,-117.073 35.9058,-117.084 35.9058,-117.095 35.9059,-117.106 35.9059,-117.117 35.906,-117.128 35.906,-117.14 35.9061,-117.151 35.9061,-117.162 35.9061,-117.173 35.9062,-117.184 35.9062,-117.195 35.9063,-117.206 35.9063,-117.217 35.9063,-117.228 35.9064,-117.24 35.9064,-117.251 35.9064,-117.262 35.9065,-117.273 35.9065,-117.284 35.9065,-117.295 35.9066,-117.306 35.9066,-117.317 35.9066,-117.328 35.9067,-117.34 35.9067,-117.351 35.9067,-117.362 35.9067,-117.373 35.9068,-117.384 35.9068,-117.473 35.9159,-117.495 35.916,-117.506 35.916,-117.551 35.925,-117.673 35.934,-117.684 35.934,-117.695 35.934,-117.862 35.9068,-117.873 35.9067,-117.884 35.9067,-117.895 35.9067,-117.907 35.9067,-117.918 35.9066,-117.929 35.9066,-117.94 35.9066,-117.951 35.9065,-117.962 35.9065,-117.973 35.9065,-117.984 35.9064,-117.995 35.9064,-118.007 35.9064,-118.018 35.9063,-118.029 35.9063,-118.04 35.9063,-118.051 35.9062,-118.062 35.9062,-118.073 35.9061,-118.084 35.9061,-118.095 35.9061,-118.107 35.906,-118.118 35.906,-118.129 35.9059,-118.14 35.9059,-118.151 35.9058,-118.162 35.9058,-118.173 35.9057,-118.184 35.9057,-118.196 35.9056,-118.207 35.9056,-118.307 35.923,-118.329 35.95,-118.386 36.0127,-118.386 36.0172,-118.386 36.0308,-118.386 36.0488,-118.386 36.0578,-118.386 36.0668,-118.386 36.0758,-118.386 36.0848,-118.386 36.0939,-118.386 36.1029,-118.387 36.1119,-118.387 36.1389,-118.387 36.1479,-118.387 36.157,-118.387 36.166,-118.387 36.175,-118.387 36.184,-118.387 36.193,-118.387 36.202,-118.387 36.211,-118.388 36.2201,-118.388 36.2291,-118.388 36.2381,-118.388 36.2471,-118.388 36.2561,-118.388 36.2651,-118.388 36.2741,-118.388 36.2832,-118.388 36.2922,-118.388 36.3012,-118.388 36.3102,-118.389 36.3282,-118.389 36.3372,-118.389 36.3463,-118.389 36.3553,-118.389 36.3643,-118.389 36.3733,-118.389 36.3823,-118.389 36.3913,-118.389 36.4003,-118.389 36.4094,-118.39 36.4184,-118.39 36.4274,-118.39 36.4364,-118.39 36.4544,-118.39 36.4634,-118.39 36.4725,-118.39 36.4815,-118.39 36.4905,-118.39 36.4995,-118.39 36.5085,-118.39 36.5175,-118.391 36.5265,-118.391 36.5356,-118.391 36.5446,-118.391 36.5536,-118.391 36.5626,-118.391 36.5716,-118.391 36.5806,-118.391 36.5896,-118.391 36.5987,-118.391 36.6077,-118.391 36.6167,-118.392 36.6257,-118.392 36.6347,-118.392 36.6437,-118.392 36.6527,-118.392 36.6617,-118.392 36.6708,-118.392 36.6798,-118.392 36.6888,-118.392 36.6978,-118.392 36.7068,-118.392 36.7158,-118.393 36.7248,-118.393 36.7339,-118.393 36.7429,-118.393 36.7519,-118.393 36.7609,-118.393 36.7699,-118.393 36.7789,-118.393 36.7879,-118.393 36.797,-118.393 36.806,-118.393 36.806,-118.393 36.815,-118.394 36.824,-118.394 36.8241,-118.394 36.833,-118.394 36.842,-118.394 36.8601,-118.394 36.8691,-118.394 36.8781,-118.394 36.8871,-118.394 36.8961,-118.394 36.9051,-118.394 36.9141,-118.395 36.9231,-118.395 36.9322,-118.395 36.9412,-118.395 36.9502,-118.395 36.9592,-118.395 36.9682,-118.395 36.9772,-118.395 36.9862,-118.395 36.9953,-118.395 37.0043,-118.395 37.0118,-118.395 37.0133,-118.396 37.0223,-118.33 37.2571,-118.33 37.2931,-118.319 37.2932,-118.308 37.2932,-118.296 37.2933,-118.285 37.2934,-118.274 37.2934,-118.263 37.2935,-118.251 37.2936,-118.24 37.2936,-118.229 37.2937,-118.138 37.2941,-118.127 37.2941,-118.115 37.2942,-118.104 37.2942,-118.093 37.2943,-118.081 37.2943,-118.066 37.2944,-118.036 37.2945,-118.025 37.2945,-118.014 37.2946,-117.968 37.2947,-117.957 37.2947,-117.946 37.2948,-117.934 37.2948,-117.923 37.2948,-117.912 37.2949,-117.9 37.2949,-117.889 37.2949,-117.878 37.2949,-117.866 37.295,-117.855 37.295,-117.844 37.295,-117.833 37.295,-117.821 37.2951,-117.685 37.2952,-117.674 37.2952,-117.663 37.2952,-117.651 37.2952,-117.64 37.2952))
201909042100,5,2,
Pattern Matcher : 10
201909042300,2,2,
boundary: POLYGON((-117.618 35.907,-117.629 35.907,-117.64 35.907,-117.651 35.907,-117.662 35.907,-117.673 35.907,-117.684 35.907,-117.695 35.907,-117.706 35.907,-117.718 35.907,-117.729 35.907,-117.74 35.9069,-117.751 35.9069,-117.762 35.9069,-117.773 35.9069,-117.784 35.9069,-117.795 35.9069,-117.806 35.9069,-117.818 35.9068,-117.829 35.9068,-117.84 35.9068,-117.851 35.9068,-117.862 35.9068,-117.873 35.9067,-117.884 35.9067,-117.895 35.9067,-117.907 35.9067,-117.918 35.9066,-117.929 35.9066,-117.94 35.9066,-117.951 35.9065,-117.962 35.9065,-117.973 35.9065,-117.984 35.9064,-117.995 35.9064,-118.007 35.9064,-118.018 35.9063,-118.029 35.9063,-118.04 35.9063,-118.051 35.9062,-118.062 35.9062,-118.073 35.9061,-118.084 35.9061,-118.095 35.9061,-118.107 35.906,-118.118 35.906,-118.129 35.9059,-118.14 35.9059,-118.151 35.9058,-118.162 35.9058,-118.173 35.9057,-118.184 35.9057,-118.196 35.9056,-118.207 35.9056,-118.218 35.9055,-118.229 35.9054,-118.24 35.9054,-118.251 35.9053,-118.262 35.9053,-118.273 35.9052,-118.284 35.9051,-118.374 35.9587,-118.385 35.9857,-118.385 35.9947,-118.385 36.0037,-118.386 36.0127,-118.386 36.0217,-118.386 36.0308,-118.386 36.0398,-118.386 36.0488,-118.386 36.0543,-118.386 36.0578,-118.386 36.0668,-118.386 36.0758,-118.386 36.0768,-118.386 36.0848,-118.386 36.0939,-118.386 36.1029,-118.387 36.1119,-118.387 36.1209,-118.387 36.1299,-118.387 36.157,-118.387 36.166,-118.387 36.175,-118.387 36.184,-118.387 36.211,-118.388 36.2201,-118.388 36.2291,-118.388 36.2381,-118.388 36.2471,-118.388 36.2561,-118.388 36.2922,-118.388 36.3012,-118.388 36.3102,-118.389 36.3192,-118.389 36.3282,-118.389 36.3372,-118.389 36.3463,-118.389 36.3553,-118.389 36.3643,-118.389 36.3733,-118.389 36.3823,-118.389 36.3913,-118.389 36.4003,-118.389 36.4094,-118.379 36.4545,-118.358 36.68,-118.395 36.9862,-118.395 36.9953,-118.395 37.0043,-118.395 37.0133,-118.396 37.0223,-118.396 37.0267,-118.396 37.0313,-118.396 37.0403,-118.396 37.0493,-118.396 37.0583,-118.396 37.0674,-118.396 37.0764,-118.396 37.0854,-118.396 37.0944,-118.396 37.1034,-118.396 37.1124,-118.397 37.1214,-118.397 37.1305,-118.397 37.1395,-118.397 37.1485,-118.397 37.1575,-118.397 37.1643,-118.397 37.1665,-118.397 37.1755,-118.397 37.1845,-118.398 37.2206,-118.398 37.2296,-118.398 37.2386,-118.398 37.2476,-118.398 37.2566,-118.398 37.2657,-118.398 37.2747,-118.398 37.2837,-118.398 37.2927,-118.364 37.2929,-118.353 37.293,-118.342 37.293,-118.223 37.2937,-118.133 37.2941,-117.968 37.2947,-117.957 37.2947,-117.946 37.2948,-117.934 37.2948,-117.889 37.2949,-117.878 37.2949,-117.866 37.295,-117.855 37.295,-117.844 37.295,-117.833 37.295,-117.821 37.2951,-117.81 37.2951,-117.799 37.2951,-117.787 37.2951,-117.776 37.2951,-117.765 37.2951,-117.753 37.2951,-117.742 37.2952,-117.561 37.2952,-117.55 37.2952,-117.538 37.2952,-117.527 37.2952,-117.516 37.2952,-117.504 37.2952,-117.493 37.2952,-117.482 37.2951,-117.47 37.2951,-117.459 37.2951,-117.448 37.2951,-117.436 37.2951,-117.425 37.2951,-117.414 37.2951,-117.402 37.295,-117.391 37.295,-117.38 37.295,-117.244 37.2946,-117.233 37.2946,-117.221 37.2946,-117.21 37.2945,-117.199 37.2945,-117.187 37.2945,-117.176 37.2944,-117.165 37.2944,-117.154 37.2943,-117.142 37.2943,-117.131 37.2942,-117.12 37.2942,-117.108 37.2941,-117.097 37.2941,-117.086 37.294,-117.074 37.294,-117.063 37.2939,-117.052 37.2939,-117.04 37.2938,-117.029 37.2938,-117.018 37.2937,-117.006 37.2937,-116.995 37.2936,-116.984 37.2936,-116.882 37.293,-116.871 37.2929,-116.859 37.2928,-116.837 37.2296,-116.837 37.2206,-116.838 37.2116,-116.838 37.2026,-116.838 37.1935,-116.838 37.1845,-116.838 37.1755,-116.838 37.1665,-116.838 37.1575,-116.838 37.1395,-116.838 37.1305,-116.838 37.1214,-116.839 37.1124,-116.839 37.1034,-116.839 37.0944,-116.839 37.0854,-116.839 37.0764,-116.839 37.0674,-116.839 37.0583,-116.839 37.0493,-116.839 37.0403,-116.839 37.0313,-116.839 37.0223,-116.84 36.9862,-116.84 36.9772,-116.84 36.9682,-116.84 36.9592,-116.84 36.9502,-116.84 36.9412,-116.84 36.9231,-116.841 36.9141,-116.841 36.9051,-116.841 36.8781,-116.841 36.8691,-116.841 36.86,-116.841 36.851,-116.841 36.842,-116.841 36.833,-116.841 36.824,-116.842 36.815,-116.842 36.806,-116.842 36.7879,-116.842 36.7789,-116.842 36.7699,-116.842 36.7609,-116.842 36.7519,-116.842 36.7429,-116.842 36.7339,-116.842 36.7248,-116.843 36.7158,-116.843 36.7068,-116.843 36.6978,-116.843 36.6888,-116.843 36.6798,-116.843 36.6708,-116.843 36.6617,-116.843 36.6527,-116.843 36.6437,-116.843 36.6347,-116.843 36.6257,-116.844 36.6167,-116.844 36.6077,-116.844 36.5987,-116.844 36.5896,-116.844 36.5806,-116.844 36.5716,-116.844 36.5626,-116.844 36.5536,-116.844 36.5446,-116.844 36.5356,-116.844 36.5265,-116.845 36.5175,-116.845 36.5085,-116.845 36.4905,-116.845 36.4815,-116.845 36.4725,-116.845 36.4634,-116.845 36.4544,-116.845 36.4454,-116.845 36.4364,-116.845 36.4274,-116.846 36.4003,-116.846 36.3913,-116.846 36.3823,-116.846 36.3733,-116.846 36.3643,-116.846 36.3553,-116.846 36.3463,-116.846 36.3372,-116.846 36.3282,-116.846 36.3192,-116.847 36.3102,-116.847 36.2741,-116.847 36.2651,-116.847 36.2561,-116.847 36.2471,-116.847 36.2381,-116.847 36.2291,-116.848 36.193,-116.848 36.184,-116.848 36.175,-116.848 36.166,-116.848 36.157,-116.848 36.1479,-116.849 36.1119,-116.849 36.1029,-116.849 36.0939,-116.849 36.0848,-116.849 36.0758,-116.849 36.0668,-116.849 36.0578,-116.849 36.0488,-116.849 36.0398,-116.849 36.0308,-116.849 36.0217,-116.849 36.0127,-116.85 36.0037,-116.85 35.9947,-116.85 35.9857,-116.85 35.9767,-116.85 35.9676,-116.85 35.9496,-116.861 35.9226,-116.873 35.9047,-116.884 35.9048,-116.895 35.9048,-116.906 35.9049,-116.917 35.905,-116.928 35.905,-116.939 35.9051,-116.951 35.9051,-116.962 35.9052,-116.973 35.9053,-116.984 35.9053,-116.995 35.9054,-117.006 35.9054,-117.017 35.9055,-117.028 35.9056,-117.039 35.9056,-117.051 35.9057,-117.062 35.9057,-117.066 35.9057,-117.073 35.9058,-117.084 35.9058,-117.095 35.9059,-117.106 35.9059,-117.117 35.906,-117.128 35.906,-117.14 35.9061,-117.151 35.9061,-117.162 35.9061,-117.173 35.9062,-117.184 35.9062,-117.195 35.9063,-117.206 35.9063,-117.217 35.9063,-117.228 35.9064,-117.24 35.9064,-117.251 35.9064,-117.262 35.9065,-117.273 35.9065,-117.284 35.9065,-117.295 35.9066,-117.306 35.9066,-117.317 35.9066,-117.328 35.9067,-117.34 35.9067,-117.351 35.9067,-117.495 35.916,-117.506 35.916,-117.618 35.907))
201909042300,5,2,
Pattern Matcher : 11
201909050000,2,2,
boundary: POLYGON((-117.645 35.9073,-117.962 35.9245,-118.018 35.9063,-118.029 35.9063,-118.04 35.9063,-118.051 35.9062,-118.062 35.9062,-118.073 35.9061,-118.084 35.9061,-118.095 35.9061,-118.107 35.906,-118.118 35.906,-118.129 35.9059,-118.14 35.9059,-118.151 35.9058,-118.162 35.9058,-118.173 35.9057,-118.184 35.9057,-118.196 35.9056,-118.207 35.9056,-118.218 35.9055,-118.229 35.9054,-118.24 35.9054,-118.251 35.9053,-118.262 35.9053,-118.273 35.9052,-118.284 35.9051,-118.296 35.9051,-118.307 35.905,-118.318 35.905,-118.329 35.9049,-118.351 35.9318,-118.386 36.0127,-118.386 36.0217,-118.386 36.0308,-118.386 36.0398,-118.386 36.0488,-118.386 36.0578,-118.386 36.0668,-118.386 36.0758,-118.387 36.1119,-118.387 36.1209,-118.387 36.1299,-118.387 36.137,-118.387 36.1389,-118.387 36.1435,-118.387 36.1479,-118.377 36.3193,-118.377 36.3283,-118.388 36.5783,-118.382 36.752,-118.382 36.761,-118.382 36.77,-118.396 37.1038,-118.285 37.2573,-118.263 37.2935,-118.111 37.2942,-117.855 37.295,-117.844 37.295,-117.833 37.295,-117.821 37.2951,-117.199 37.2945,-117.187 37.2945,-117.176 37.2944,-116.859 37.2928,-116.839 37.2845,-116.907 37.0227,-116.897 36.9235,-116.897 36.9145,-116.897 36.9055,-117.024 36.4645,-116.981 36.2839,-116.882 36.067,-116.849 36.0217,-116.85 36.0037,-116.85 35.9947,-116.85 35.9857,-116.85 35.9767,-116.85 35.9676,-116.85 35.9586,-116.85 35.9496,-116.85 35.9406,-116.85 35.9316,-116.85 35.9226,-116.85 35.9136,-116.851 35.9045,-116.862 35.9046,-116.873 35.9047,-116.884 35.9048,-116.895 35.9048,-116.906 35.9049,-116.917 35.905,-116.928 35.905,-116.939 35.9051,-116.951 35.9051,-116.962 35.9052,-116.973 35.9053,-116.984 35.9053,-116.995 35.9054,-117.006 35.9054,-117.017 35.9055,-117.028 35.9056,-117.036 35.9056,-117.039 35.9056,-117.051 35.9057,-117.062 35.9057,-117.073 35.9058,-117.084 35.9058,-117.095 35.9059,-117.106 35.9059,-117.117 35.906,-117.128 35.906,-117.14 35.9061,-117.151 35.9061,-117.162 35.9061,-117.173 35.9062,-117.184 35.9062,-117.195 35.9063,-117.206 35.9063,-117.217 35.9063,-117.228 35.9064,-117.24 35.9064,-117.251 35.9064,-117.262 35.9065,-117.273 35.9065,-117.284 35.9065,-117.295 35.9066,-117.306 35.9066,-117.317 35.9066,-117.328 35.9067,-117.34 35.9067,-117.351 35.9067,-117.362 35.9067,-117.373 35.9068,-117.377 35.9068,-117.384 35.9068,-117.395 35.9068,-117.406 35.9068,-117.417 35.9068,-117.473 35.9159,-117.645 35.9073))
201909050000,5,2,
Pattern Matcher : 12
201909050100,2,2,
boundary: POLYGON((-117.606 37.2952,-117.595 37.2952,-117.584 37.2952,-117.572 37.2952,-117.561 37.2862,-117.55 37.2772,-117.211 37.0782,-116.839 37.0493,-116.839 37.0403,-116.839 37.0313,-116.852 36.9142,-116.863 36.8962,-116.848 36.193,-116.848 36.184,-116.848 36.1479,-116.848 36.1389,-116.848 36.1299,-116.848 36.1209,-116.849 36.1119,-116.849 36.1029,-116.849 36.0939,-116.849 36.0848,-116.849 36.0758,-116.849 36.0668,-116.849 36.0578,-116.86 36.0489,-117.317 35.9337,-117.328 35.9337,-117.34 35.9337,-117.651 35.907,-117.662 35.907,-117.673 35.907,-117.684 35.907,-117.985 36.0236,-118.163 36.041,-118.174 36.0409,-118.185 36.0409,-118.197 36.0499,-118.298 36.1305,-118.387 36.211,-118.388 36.2201,-118.388 36.2291,-118.388 36.2299,-118.388 36.2381,-118.388 36.2471,-118.388 36.2561,-118.388 36.2651,-118.388 36.2741,-118.388 36.2832,-118.388 36.2922,-118.388 36.3012,-118.388 36.3102,-118.389 36.3192,-118.389 36.3282,-118.389 36.3733,-118.389 36.3823,-118.39 36.4184,-118.39 36.4274,-118.39 36.4364,-118.39 36.4454,-118.39 36.4544,-118.39 36.4634,-118.39 36.4725,-118.39 36.4815,-118.39 36.4905,-118.39 36.4995,-118.39 36.5085,-118.39 36.5175,-118.391 36.5265,-118.391 36.5356,-118.391 36.5446,-118.391 36.5536,-118.391 36.5626,-118.391 36.5716,-118.391 36.5806,-118.391 36.5896,-118.391 36.5987,-118.391 36.6077,-118.391 36.6167,-118.392 36.6257,-118.392 36.6347,-118.382 36.8331,-118.382 36.8421,-118.249 37.0412,-118.238 37.0683,-118.227 37.0864,-118.216 37.0954,-118.005 37.2923,-117.866 37.2769,-117.855 37.277,-117.844 37.277,-117.64 37.2952,-117.629 37.2952,-117.618 37.2952,-117.606 37.2952))
201909050100,5,2,
Pattern Matcher : 13
201909050200,2,2,
boundary: POLYGON((-117.864 36.655,-117.864 36.646,-117.864 36.637,-117.876 36.6369,-117.887 36.6369,-118.101 36.7264,-118.112 36.7353,-118.134 36.7623,-118.157 36.7892,-118.18 36.8162,-118.203 36.8431,-118.225 36.87,-118.248 36.897,-118.248 36.906,-118.248 36.915,-118.092 37.105,-118.08 37.1141,-118.058 37.1051,-118.058 37.0961,-117.864 36.655))
201909050200,5,2,
Pattern Matcher : 14
201909050400,2,2,
boundary: POLYGON((-118.396 37.0313,-118.396 37.0403,-118.396 37.0583,-118.362 37.0586,-118.339 37.0497,-118.339 37.0407,-118.351 37.0316,-118.362 37.0315,-118.396 37.0313))
201909050400,5,2,
Pattern Matcher : 15
201909050500,2,2,
boundary: POLYGON((-118.339 37.0407,-118.351 37.0316,-118.362 37.0315,-118.373 37.0405,-118.373 37.0495,-118.362 37.0586,-118.339 37.0497,-118.339 37.0407))
201909050500,5,2,
Pattern Matcher : 16
201909051400,2,2,
boundary: POLYGON((-117.615 37.0805,-117.606 37.133,-117.618 37.142,-117.618 37.151,-117.606 37.169,-117.595 37.178,-117.584 37.178,-117.572 37.178,-117.288 37.2328,-117.324 37.1687,-117.459 37.1509,-117.471 37.1509,-117.482 37.1509,-117.615 37.0805))
201909051400,5,2,
Pattern Matcher : 17
201909051500,2,2,
boundary: POLYGON((-118.394 36.8601,-118.394 36.8691,-118.394 36.9051,-118.394 36.9141,-118.395 36.9412,-118.395 36.9502,-118.395 36.9592,-118.395 36.9682,-118.395 36.9772,-118.395 36.9953,-118.396 37.0223,-118.396 37.0313,-118.396 37.0403,-118.396 37.0583,-118.396 37.0674,-118.396 37.0764,-118.396 37.0854,-118.396 37.0944,-118.396 37.1034,-118.396 37.1124,-118.397 37.1214,-118.397 37.1305,-118.397 37.1395,-118.397 37.1485,-118.397 37.1575,-118.397 37.1665,-118.397 37.1755,-118.397 37.1845,-118.398 37.2206,-118.398 37.2296,-118.398 37.2386,-118.138 37.2941,-118.127 37.2941,-118.115 37.2942,-118.013 37.2945,-117.991 37.2856,-117.991 37.2766,-117.991 37.2676,-118.101 36.8526,-118.101 36.8436,-118.101 36.8345,-118.112 36.8165,-118.124 36.8074,-118.298 36.2206,-118.298 36.2116,-118.309 36.1935,-118.331 36.1573,-118.342 36.1392,-118.353 36.1301,-118.364 36.1301,-118.376 36.139,-118.387 36.157,-118.387 36.166,-118.387 36.175,-118.387 36.184,-118.387 36.193,-118.387 36.202,-118.387 36.211,-118.388 36.2201,-118.388 36.2291,-118.388 36.2381,-118.388 36.2471,-118.388 36.2561,-118.382 36.8331,-118.394 36.8601))
201909051500,5,2,
Pattern Matcher : 18
201909051600,2,2,
boundary: POLYGON((-118.385 35.9316,-118.385 35.9406,-118.385 35.9496,-118.385 35.9586,-118.385 35.9676,-118.385 35.9766,-118.385 35.9857,-118.385 35.9947,-118.385 36.0037,-118.386 36.0127,-118.386 36.0217,-118.386 36.0308,-118.386 36.0398,-118.386 36.0488,-118.386 36.0578,-118.386 36.0668,-118.386 36.0758,-118.375 36.0759,-118.364 36.076,-118.342 36.0761,-118.33 36.0762,-118.063 36.0594,-117.974 36.0778,-117.885 36.069,-117.662 36.0062,-117.606 35.9972,-117.283 36.0508,-117.272 36.0508,-117.261 36.0507,-117.239 36.0507,-117.228 36.0506,-117.217 36.0416,-117.217 36.0326,-117.228 35.9515,-117.251 35.9245,-117.295 35.9066,-117.306 35.9066,-117.317 35.9066,-117.328 35.9067,-117.34 35.9067,-117.351 35.9067,-117.362 35.9067,-117.373 35.9068,-117.384 35.9068,-117.395 35.9068,-117.406 35.9068,-117.417 35.9068,-117.429 35.9069,-117.44 35.9069,-117.451 35.9069,-117.462 35.9069,-117.473 35.9069,-117.484 35.9069,-117.495 35.9069,-117.506 35.907,-117.517 35.907,-117.529 35.907,-117.54 35.907,-117.551 35.907,-117.562 35.907,-117.573 35.907,-117.584 35.907,-117.595 35.907,-117.606 35.907,-117.618 35.907,-117.629 35.907,-117.64 35.907,-117.651 35.907,-117.662 35.907,-117.673 35.907,-117.684 35.907,-117.695 35.907,-117.706 35.907,-117.718 35.907,-117.729 35.907,-117.74 35.9069,-117.751 35.9069,-117.762 35.9069,-117.773 35.9069,-117.784 35.9069,-117.795 35.9069,-117.806 35.9069,-117.818 35.9068,-117.829 35.9068,-117.84 35.9068,-117.851 35.9068,-117.862 35.9068,-117.873 35.9067,-117.884 35.9067,-117.895 35.9067,-117.907 35.9067,-117.918 35.9066,-117.929 35.9066,-117.94 35.9066,-117.951 35.9065,-117.962 35.9065,-117.973 35.9065,-117.984 35.9064,-117.995 35.9064,-118.007 35.9064,-118.018 35.9063,-118.029 35.9063,-118.04 35.9063,-118.051 35.9062,-118.062 35.9062,-118.073 35.9061,-118.084 35.9061,-118.095 35.9061,-118.107 35.906,-118.118 35.906,-118.129 35.9059,-118.14 35.9059,-118.151 35.9058,-118.162 35.9058,-118.173 35.9057,-118.184 35.9057,-118.196 35.9056,-118.207 35.9056,-118.218 35.9055,-118.229 35.9054,-118.24 35.9054,-118.251 35.9053,-118.262 35.9053,-118.273 35.9052,-118.284 35.9051,-118.296 35.9051,-118.307 35.905,-118.318 35.905,-118.329 35.9049,-118.34 35.9048,-118.351 35.9048,-118.362 35.9047,-118.385 35.9316))
201909051600,5,2,
Pattern Matcher : 19
201909051700,2,2,
boundary: POLYGON((-118.384 35.9045,-118.385 35.9136,-118.385 35.9226,-118.345 36.4457,-118.302 36.6353,-118.291 36.6353,-118.279 36.6264,-118.087 36.3929,-118.076 36.3839,-117.763 36.2675,-117.517 36.2946,-117.506 36.2946,-117.495 36.2946,-117.472 36.2946,-117.461 36.2946,-117.45 36.2855,-117.428 36.2585,-117.428 36.2494,-117.461 36.2044,-117.472 36.1954,-117.595 36.0603,-117.64 35.9881,-117.651 35.9791,-117.729 35.907,-117.74 35.9069,-117.751 35.9069,-117.762 35.9069,-117.773 35.9069,-117.784 35.9069,-117.795 35.9069,-117.806 35.9069,-117.818 35.9068,-117.829 35.9068,-117.84 35.9068,-117.851 35.9068,-117.862 35.9068,-117.873 35.9067,-117.884 35.9067,-117.895 35.9067,-117.907 35.9067,-117.918 35.9066,-117.929 35.9066,-117.94 35.9066,-117.951 35.9065,-117.962 35.9065,-117.973 35.9065,-117.984 35.9064,-117.995 35.9064,-118.007 35.9064,-118.018 35.9063,-118.029 35.9063,-118.04 35.9063,-118.051 35.9062,-118.062 35.9062,-118.073 35.9061,-118.084 35.9061,-118.095 35.9061,-118.107 35.906,-118.118 35.906,-118.129 35.9059,-118.14 35.9059,-118.151 35.9058,-118.162 35.9058,-118.173 35.9057,-118.184 35.9057,-118.196 35.9056,-118.207 35.9056,-118.218 35.9055,-118.229 35.9054,-118.24 35.9054,-118.251 35.9053,-118.262 35.9053,-118.273 35.9052,-118.284 35.9051,-118.296 35.9051,-118.307 35.905,-118.318 35.905,-118.329 35.9049,-118.34 35.9048,-118.351 35.9048,-118.362 35.9047,-118.373 35.9046,-118.384 35.9045))
201909051700,5,2,
Pattern Matcher : 20
201909051800,2,2,
boundary: POLYGON((-117.618 35.907,-117.629 35.907,-117.64 35.907,-117.651 35.907,-117.662 35.907,-117.673 35.907,-117.684 35.907,-117.695 35.907,-117.706 35.907,-117.718 35.907,-117.729 35.907,-117.74 35.9069,-117.751 35.9069,-117.762 35.9069,-117.773 35.9069,-117.784 35.9069,-117.795 35.9069,-117.806 35.9069,-117.818 35.9068,-117.829 35.9068,-117.84 35.9068,-117.851 35.9068,-117.862 35.9068,-117.873 35.9067,-117.884 35.9067,-117.895 35.9067,-117.907 35.9067,-117.918 35.9066,-117.929 35.9066,-117.94 35.9066,-117.951 35.9065,-117.962 35.9065,-117.973 35.9065,-117.984 35.9064,-117.995 35.9064,-118.007 35.9064,-118.018 35.9063,-118.029 35.9063,-118.04 35.9063,-118.051 35.9062,-118.062 35.9062,-118.073 35.9061,-118.084 35.9061,-118.095 35.9061,-118.107 35.906,-118.118 35.906,-118.129 35.9059,-118.14 35.9059,-118.151 35.9058,-118.162 35.9058,-118.173 35.9057,-118.184 35.9057,-118.196 35.9056,-118.207 35.9056,-118.218 35.9055,-118.229 35.9054,-118.24 35.9054,-118.251 35.9053,-118.262 35.9053,-118.273 35.9052,-118.284 35.9051,-118.296 35.9051,-118.307 35.905,-118.318 35.905,-118.329 35.9049,-118.34 35.9048,-118.351 35.9048,-118.362 35.9047,-118.373 35.9046,-118.384 35.9045,-118.385 35.9136,-118.385 35.9226,-118.385 35.9406,-118.385 35.9496,-118.385 35.9586,-118.385 35.9676,-118.385 35.9767,-118.385 35.9857,-118.385 35.9947,-118.385 36.0037,-118.386 36.0127,-118.386 36.0172,-118.386 36.0308,-118.386 36.0578,-118.386 36.0668,-118.386 36.0758,-118.386 36.0848,-118.386 36.0939,-118.387 36.1119,-118.387 36.1389,-118.387 36.1479,-118.387 36.157,-118.387 36.166,-118.387 36.175,-118.387 36.184,-118.387 36.193,-118.387 36.202,-118.388 36.2201,-118.388 36.2291,-118.388 36.2381,-118.388 36.2471,-118.388 36.2561,-118.388 36.2651,-118.388 36.2741,-118.388 36.2832,-118.28 36.7165,-118.28 36.7255,-118.28 36.7345,-118.269 36.7346,-118.258 36.7347,-117.909 36.6098,-117.505 36.6281,-117.494 36.6281,-117.483 36.6281,-117.472 36.6191,-117.104 36.2936,-117.093 36.2845,-117.104 36.2755,-117.495 36.0241,-117.618 35.907))
201909051800,5,2,
Pattern Matcher : 21
201909051900,2,2,
boundary: POLYGON((-118.386 36.0308,-118.386 36.0578,-118.386 36.0668,-118.386 36.0758,-118.386 36.0848,-118.386 36.0939,-118.387 36.1119,-118.387 36.1389,-118.387 36.1479,-118.387 36.157,-118.387 36.166,-118.387 36.175,-118.387 36.184,-118.387 36.193,-118.387 36.202,-118.326 36.8515,-118.395 36.9862,-118.395 36.9953,-118.395 37.0043,-118.306 37.095,-118.295 37.104,-118.284 37.1041,-118.238 37.0953,-118.182 37.0686,-117.798 37.0427,-117.775 37.0337,-117.753 37.0067,-117.348 36.673,-117.326 36.6639,-117.001 36.5996,-116.945 36.5902,-116.889 36.5629,-116.867 36.5267,-116.867 36.5177,-116.935 36.473,-116.946 36.4641,-117.227 36.1318,-117.406 36.0421,-117.651 35.9791,-117.784 35.9069,-117.795 35.9069,-117.806 35.9069,-117.818 35.9068,-117.829 35.9068,-117.84 35.9068,-117.851 35.9068,-117.862 35.9068,-117.873 35.9067,-117.884 35.9067,-118.33 36.0311,-118.341 36.031,-118.352 36.031,-118.363 36.0309,-118.375 36.0308,-118.386 36.0308))
201909051900,5,2,
Pattern Matcher : 22
201909052000,2,2,
boundary: POLYGON((-117.595 35.907,-117.606 35.907,-117.618 35.907,-117.629 35.907,-117.64 35.907,-117.651 35.907,-117.662 35.907,-117.673 35.907,-117.684 35.907,-117.695 35.907,-117.706 35.907,-117.718 35.907,-117.729 35.907,-117.74 35.9069,-117.751 35.9069,-117.762 35.9069,-117.773 35.9069,-117.784 35.9069,-117.795 35.9069,-117.806 35.9069,-117.818 35.9068,-117.829 35.9068,-117.84 35.9068,-117.851 35.9068,-117.862 35.9068,-117.873 35.9067,-117.884 35.9067,-117.895 35.9067,-117.907 35.9067,-117.918 35.9066,-117.929 35.9066,-117.94 35.9066,-117.951 35.9065,-117.962 35.9065,-117.973 35.9065,-117.984 35.9064,-117.995 35.9064,-118.007 35.9064,-118.018 35.9063,-118.029 35.9063,-118.04 35.9063,-118.051 35.9062,-118.062 35.9062,-118.073 35.9061,-118.084 35.9061,-118.095 35.9061,-118.107 35.906,-118.118 35.906,-118.129 35.9059,-118.151 35.9148,-118.374 35.9767,-118.385 35.9857,-118.385 35.9947,-118.385 36.0037,-118.386 36.0127,-118.386 36.0217,-118.386 36.0227,-118.386 36.0308,-118.386 36.0398,-118.386 36.0488,-118.386 36.0578,-118.386 36.0668,-118.386 36.0758,-118.386 36.0848,-118.386 36.0939,-118.387 36.1119,-118.387 36.1389,-118.387 36.1479,-118.288 36.3469,-118.124 36.8345,-118.124 36.8435,-118.124 36.8525,-117.877 37.0606,-117.866 37.0696,-117.854 37.0696,-117.313 37.1326,-117.301 37.1326,-117.29 37.1325,-117.279 37.1235,-117.211 37.0422,-117.212 37.0331,-117.113 36.6271,-117.124 36.6092,-117.135 36.5912,-117.147 36.5822,-117.417 35.979,-117.395 35.9068,-117.406 35.9068,-117.417 35.9068,-117.429 35.9069,-117.44 35.9069,-117.451 35.9069,-117.462 35.9069,-117.473 35.9069,-117.484 35.9069,-117.495 35.9069,-117.506 35.907,-117.517 35.907,-117.529 35.907,-117.54 35.907,-117.551 35.907,-117.562 35.907,-117.573 35.907,-117.584 35.907,-117.595 35.907))
201909052000,5,2,
Pattern Matcher : 23
201909052100,2,2,
boundary: POLYGON((-117.595 35.907,-117.606 35.907,-117.618 35.907,-117.629 35.907,-117.64 35.907,-117.651 35.907,-117.662 35.907,-117.673 35.907,-117.684 35.907,-117.695 35.907,-117.706 35.907,-117.718 35.907,-117.729 35.907,-117.74 35.9069,-117.751 35.9069,-117.762 35.9069,-117.773 35.9069,-117.784 35.9069,-117.795 35.9069,-117.806 35.9069,-117.818 35.9068,-117.829 35.9068,-117.84 35.9068,-117.851 35.9068,-117.862 35.9068,-117.873 35.9067,-117.884 35.9067,-117.895 35.9067,-117.907 35.9067,-117.918 35.9066,-117.929 35.9066,-117.94 35.9066,-117.951 35.9065,-117.962 35.9065,-117.973 35.9065,-117.984 35.9064,-117.995 35.9064,-118.007 35.9064,-118.018 35.9063,-118.029 35.9063,-118.04 35.9063,-118.051 35.9062,-118.062 35.9062,-118.073 35.9061,-118.084 35.9061,-118.095 35.9061,-118.107 35.906,-118.118 35.906,-118.129 35.9059,-118.14 35.9059,-118.151 35.9058,-118.162 35.9058,-118.173 35.9057,-118.184 35.9057,-118.196 35.9056,-118.207 35.9056,-118.218 35.9055,-118.229 35.9054,-118.24 35.9054,-118.251 35.9053,-118.262 35.9053,-118.273 35.9052,-118.284 35.9051,-118.296 35.9051,-118.307 35.905,-118.318 35.905,-118.329 35.9049,-118.351 35.9318,-118.374 35.9587,-118.374 35.9677,-118.387 36.157,-118.387 36.166,-118.387 36.175,-118.387 36.184,-118.376 36.2021,-118.3 36.455,-118.179 36.6449,-118.124 36.8525,-117.81 37.2951,-117.799 37.2951,-117.787 37.2951,-117.776 37.2951,-117.765 37.2951,-117.753 37.2951,-117.742 37.2952,-117.731 37.2952,-117.719 37.2952,-117.685 37.2952,-117.674 37.2952,-117.663 37.2952,-117.651 37.2952,-117.459 37.2771,-117.448 37.2771,-117.301 37.2678,-117.21 37.2585,-117.199 37.2494,-116.964 37.005,-116.964 36.996,-116.964 36.987,-117.093 36.2845,-117.059 36.2393,-117.037 36.2121,-117.026 36.158,-117.016 36.1038,-117.028 36.0228,-117.039 36.0138,-117.05 36.0138,-117.072 36.0139,-117.384 35.9068,-117.395 35.9068,-117.406 35.9068,-117.417 35.9068,-117.429 35.9069,-117.44 35.9069,-117.451 35.9069,-117.462 35.9069,-117.473 35.9069,-117.484 35.9069,-117.495 35.9069,-117.506 35.907,-117.517 35.907,-117.529 35.907,-117.54 35.907,-117.551 35.907,-117.562 35.907,-117.573 35.907,-117.584 35.907,-117.595 35.907))
201909052100,5,2,
Pattern Matcher : 24
201909052200,2,2,
boundary: POLYGON((-117.618 35.907,-117.629 35.907,-117.64 35.907,-117.651 35.907,-117.662 35.907,-117.673 35.907,-117.684 35.907,-117.695 35.907,-117.706 35.907,-117.718 35.907,-117.729 35.907,-117.74 35.9069,-117.751 35.9069,-117.762 35.9069,-117.773 35.9069,-117.784 35.9069,-117.795 35.9069,-117.806 35.9069,-117.818 35.9068,-117.829 35.9068,-117.84 35.9068,-117.851 35.9068,-117.862 35.9068,-117.873 35.9067,-117.884 35.9067,-117.895 35.9067,-117.907 35.9067,-117.918 35.9066,-117.929 35.9066,-117.94 35.9066,-117.951 35.9065,-117.962 35.9065,-117.973 35.9065,-117.984 35.9064,-117.995 35.9064,-118.007 35.9064,-118.018 35.9063,-118.029 35.9063,-118.04 35.9063,-118.051 35.9062,-118.062 35.9062,-118.073 35.9061,-118.084 35.9061,-118.095 35.9061,-118.107 35.906,-118.118 35.906,-118.129 35.9059,-118.133 35.9059,-118.14 35.9059,-118.151 35.9058,-118.162 35.9058,-118.173 35.9057,-118.184 35.9057,-118.196 35.9056,-118.207 35.9056,-118.218 35.9055,-118.229 35.9054,-118.24 35.9054,-118.251 35.9053,-118.262 35.9053,-118.273 35.9052,-118.284 35.9051,-118.296 35.9051,-118.307 35.905,-118.318 35.905,-118.329 35.9049,-118.34 35.9048,-118.351 35.9048,-118.362 35.9047,-118.384 36.0062,-118.166 36.4106,-118.179 36.69,-118.179 36.699,-118.179 36.7711,-118.168 36.7802,-117.889 37.2859,-117.889 37.2949,-117.878 37.2949,-117.866 37.295,-117.007 37.2937,-116.961 37.2934,-116.95 37.2844,-116.95 37.2753,-116.95 37.2663,-117.011 36.6717,-116.979 36.5363,-116.968 36.4822,-116.968 36.4732,-116.937 36.2296,-116.937 36.2206,-116.948 36.2116,-117.362 35.9067,-117.373 35.9068,-117.384 35.9068,-117.395 35.9068,-117.406 35.9068,-117.417 35.9068,-117.429 35.9069,-117.44 35.9069,-117.451 35.9069,-117.462 35.9069,-117.473 35.9069,-117.484 35.9069,-117.495 35.9069,-117.506 35.907,-117.517 35.907,-117.529 35.907,-117.54 35.907,-117.551 35.907,-117.562 35.907,-117.573 35.907,-117.584 35.907,-117.595 35.907,-117.606 35.907,-117.618 35.907))
201909052200,5,2,
Pattern Matcher : 25
201909052300,2,2,
boundary: POLYGON((-117.618 35.907,-117.629 35.907,-117.64 35.907,-117.651 35.907,-117.662 35.907,-117.673 35.907,-117.684 35.907,-117.695 35.907,-117.706 35.907,-117.718 35.907,-117.729 35.907,-117.74 35.9069,-117.751 35.9069,-117.762 35.9069,-117.773 35.9069,-117.784 35.9069,-117.795 35.9069,-117.806 35.9069,-117.818 35.9068,-117.829 35.9068,-117.84 35.9068,-117.851 35.9068,-117.862 35.9068,-117.873 35.9067,-117.884 35.9067,-117.895 35.9067,-117.907 35.9067,-117.918 35.9066,-117.929 35.9066,-117.94 35.9066,-117.951 35.9065,-117.962 35.9065,-117.973 35.9065,-117.984 35.9064,-117.995 35.9064,-118.007 35.9064,-118.018 35.9063,-118.029 35.9063,-118.04 35.9063,-118.051 35.9062,-118.062 35.9062,-118.073 35.9061,-118.084 35.9061,-118.129 35.969,-118.152 35.996,-118.331 36.1303,-118.331 36.1393,-118.331 36.1483,-117.865 36.7451,-117.978 37.0062,-118.001 37.0332,-118.024 37.1413,-118.024 37.1503,-118.024 37.1954,-118.024 37.2044,-118.024 37.2134,-117.946 37.2767,-117.934 37.2858,-117.923 37.2948,-117.912 37.2949,-117.9 37.2949,-117.844 37.277,-117.753 37.2501,-117.459 37.2771,-117.448 37.2771,-117.006 37.2937,-116.984 37.2936,-116.863 36.9684,-116.863 36.9593,-116.855 36.6077,-116.855 36.5987,-116.855 36.5897,-116.847 36.3012,-116.847 36.2832,-116.847 36.2741,-116.847 36.2651,-116.847 36.2561,-116.847 36.2471,-116.847 36.2381,-116.847 36.2291,-116.847 36.2201,-116.848 36.211,-116.848 36.202,-116.848 36.193,-116.848 36.184,-116.848 36.175,-116.848 36.166,-116.848 36.157,-116.848 36.1479,-116.848 36.1389,-116.848 36.1299,-116.848 36.1209,-116.849 36.1119,-116.849 36.1029,-116.849 36.0939,-116.849 36.0848,-116.849 36.0758,-116.973 35.9323,-116.984 35.9324,-117.017 35.9325,-117.184 35.9062,-117.195 35.9063,-117.206 35.9063,-117.217 35.9063,-117.228 35.9064,-117.24 35.9064,-117.251 35.9064,-117.262 35.9065,-117.273 35.9065,-117.284 35.9065,-117.295 35.9066,-117.306 35.9066,-117.317 35.9066,-117.328 35.9067,-117.34 35.9067,-117.351 35.9067,-117.362 35.9067,-117.373 35.9068,-117.384 35.9068,-117.395 35.9068,-117.406 35.9068,-117.417 35.9068,-117.429 35.9069,-117.44 35.9069,-117.451 35.9069,-117.462 35.9069,-117.473 35.9069,-117.484 35.9069,-117.495 35.9069,-117.506 35.907,-117.517 35.907,-117.529 35.907,-117.54 35.907,-117.551 35.907,-117.562 35.907,-117.573 35.907,-117.584 35.907,-117.595 35.907,-117.606 35.907,-117.618 35.907))
201909052300,5,2,
Pattern Matcher : 26
201909060000,2,2,
boundary: POLYGON((-117.695 35.907,-117.706 35.907,-117.718 35.907,-117.729 35.907,-117.74 35.9069,-117.751 35.9069,-117.762 35.9069,-117.773 35.9069,-117.829 35.9158,-118.01 35.91,-118.029 35.9333,-118.051 35.9603,-118.051 35.9693,-117.985 36.1228,-117.974 36.1499,-117.952 36.177,-117.852 36.2674,-117.696 36.7544,-117.696 36.7634,-117.696 36.7724,-117.719 37.169,-117.719 37.178,-117.719 37.187,-117.651 37.2141,-117.527 37.2952,-117.482 37.2951,-117.47 37.2951,-117.459 37.2951,-117.448 37.2951,-117.436 37.2951,-117.425 37.2951,-117.414 37.2951,-117.346 37.2949,-117.335 37.2949,-117.323 37.2949,-117.253 37.2947,-116.928 37.2932,-116.927 37.2932,-116.905 37.2841,-116.848 37.2567,-116.837 37.2296,-116.837 37.2206,-116.838 37.2116,-116.838 37.2078,-116.838 37.2026,-116.838 37.1935,-116.838 37.1845,-116.838 37.1755,-116.838 37.1665,-116.838 37.1575,-116.838 37.1395,-116.838 37.1305,-116.838 37.1214,-116.838 37.1169,-116.839 37.1034,-116.839 37.0944,-116.839 37.0854,-116.839 37.0764,-116.839 37.0674,-116.839 37.0583,-116.839 37.0493,-116.839 37.0403,-116.839 37.0313,-116.839 37.0223,-116.84 37.0133,-116.84 37.0043,-116.84 36.9953,-116.84 36.9862,-116.84 36.9772,-116.84 36.9682,-116.84 36.9592,-116.84 36.9502,-116.84 36.9412,-116.84 36.9322,-116.84 36.9231,-116.841 36.9141,-116.841 36.9051,-116.841 36.8972,-116.841 36.8961,-116.841 36.8871,-116.841 36.8781,-116.841 36.8691,-116.841 36.8661,-116.841 36.8601,-116.841 36.851,-116.841 36.842,-116.841 36.833,-116.841 36.824,-116.842 36.815,-116.842 36.806,-116.842 36.797,-116.842 36.7879,-116.842 36.7789,-116.842 36.7699,-116.842 36.7609,-116.842 36.7519,-116.842 36.7429,-116.842 36.7339,-116.842 36.7248,-116.843 36.7158,-116.843 36.7068,-116.843 36.6978,-116.843 36.6888,-116.843 36.6798,-116.843 36.6708,-116.843 36.6617,-116.843 36.6527,-116.843 36.6437,-116.843 36.6347,-116.843 36.6257,-116.844 36.6167,-116.844 36.5987,-116.844 36.5896,-116.844 36.5806,-116.844 36.5716,-116.844 36.5626,-116.844 36.5536,-116.844 36.5446,-116.844 36.5356,-116.844 36.5265,-116.845 36.5175,-116.845 36.5085,-116.845 36.4905,-116.845 36.4815,-116.845 36.4725,-116.845 36.4634,-116.845 36.4544,-116.845 36.4454,-116.845 36.4364,-116.845 36.4274,-116.846 36.4003,-116.846 36.3913,-116.846 36.3823,-116.846 36.3733,-116.846 36.3643,-116.846 36.3553,-116.846 36.3463,-116.846 36.3372,-116.846 36.3282,-116.846 36.3192,-116.847 36.3102,-116.847 36.2832,-116.847 36.2741,-116.847 36.2651,-116.847 36.2561,-116.847 36.2471,-116.847 36.2381,-116.847 36.2291,-116.847 36.2201,-116.848 36.211,-116.848 36.202,-116.848 36.193,-116.848 36.184,-116.848 36.175,-116.848 36.166,-116.848 36.157,-116.848 36.1479,-116.848 36.1389,-116.848 36.1299,-116.848 36.1209,-116.849 36.1119,-116.849 36.1057,-116.849 36.1029,-116.849 36.0939,-116.849 36.0848,-116.849 36.0758,-116.849 36.0668,-116.849 36.0578,-116.849 36.0488,-116.849 36.0398,-116.849 36.0308,-116.849 36.0217,-116.849 36.0127,-116.85 36.0037,-116.85 35.9947,-116.85 35.9857,-116.85 35.9767,-116.85 35.9691,-116.85 35.9676,-116.85 35.9586,-116.85 35.9496,-116.85 35.9406,-116.85 35.9316,-116.873 35.9047,-116.884 35.9048,-116.895 35.9048,-116.906 35.9049,-116.917 35.905,-116.928 35.905,-116.936 35.9051,-116.939 35.9051,-116.941 35.9051,-116.951 35.9051,-116.962 35.9052,-116.973 35.9053,-116.984 35.9053,-116.995 35.9054,-117.006 35.9054,-117.017 35.9055,-117.028 35.9056,-117.039 35.9056,-117.051 35.9057,-117.062 35.9057,-117.073 35.9058,-117.084 35.9058,-117.095 35.9059,-117.106 35.9059,-117.117 35.906,-117.128 35.906,-117.14 35.9061,-117.151 35.9061,-117.162 35.9061,-117.173 35.9062,-117.184 35.9062,-117.195 35.9063,-117.206 35.9063,-117.217 35.9063,-117.228 35.9064,-117.24 35.9064,-117.251 35.9064,-117.262 35.9065,-117.273 35.9065,-117.284 35.9065,-117.295 35.9066,-117.306 35.9066,-117.317 35.9066,-117.328 35.9067,-117.34 35.9067,-117.351 35.9067,-117.362 35.9067,-117.373 35.9068,-117.384 35.9068,-117.395 35.9068,-117.406 35.9068,-117.417 35.9068,-117.429 35.9069,-117.44 35.9069,-117.451 35.9069,-117.462 35.9069,-117.473 35.9069,-117.484 35.9069,-117.495 35.9069,-117.506 35.907,-117.517 35.907,-117.529 35.907,-117.54 35.907,-117.551 35.907,-117.562 35.907,-117.573 35.907,-117.584 35.907,-117.595 35.907,-117.606 35.907,-117.618 35.907,-117.629 35.907,-117.64 35.907,-117.651 35.907,-117.662 35.907,-117.673 35.907,-117.684 35.907,-117.695 35.907))
201909060000,5,2,
Pattern Matcher : 27
201909060100,2,2,
boundary: POLYGON((-117.404 37.1742,-117.392 37.1688,-117.011 37.2923,-116.837 37.2566,-116.837 37.2476,-116.837 37.2386,-116.837 37.2296,-116.837 37.2206,-116.838 37.2116,-116.838 37.2026,-116.838 37.1935,-116.838 37.1845,-116.838 37.1755,-116.838 37.1665,-116.838 37.1575,-116.838 37.1485,-116.838 37.1395,-116.838 37.1305,-116.838 37.1252,-116.838 37.1214,-116.839 37.1124,-116.839 37.1034,-116.839 37.0944,-116.839 37.0854,-116.839 37.0764,-116.839 37.0736,-116.839 37.0674,-116.839 37.0583,-116.839 37.0564,-116.839 37.0493,-116.839 37.0403,-116.839 37.0313,-116.839 37.0223,-116.84 37.0133,-116.84 37.0043,-116.84 36.9731,-116.84 36.9412,-116.84 36.9322,-116.84 36.9237,-116.841 36.8961,-116.841 36.8871,-116.841 36.8781,-116.841 36.8691,-116.841 36.8601,-116.841 36.851,-116.842 36.815,-116.842 36.806,-116.842 36.797,-116.842 36.7879,-116.842 36.7789,-116.842 36.7699,-116.842 36.7609,-116.842 36.7519,-116.842 36.7429,-116.842 36.7339,-116.842 36.7248,-116.843 36.7158,-116.843 36.7068,-116.843 36.6978,-116.843 36.6888,-116.843 36.6798,-116.843 36.6708,-116.843 36.6617,-116.843 36.6527,-116.843 36.6347,-116.843 36.6257,-116.844 36.6167,-116.844 36.6077,-116.844 36.5987,-116.844 36.5926,-116.844 36.5806,-116.844 36.5716,-116.844 36.5626,-116.844 36.5536,-116.844 36.5446,-116.844 36.5356,-116.844 36.5265,-116.845 36.5175,-116.845 36.5085,-116.845 36.4995,-116.845 36.4905,-116.845 36.4815,-116.845 36.4725,-116.845 36.4634,-116.845 36.4618,-116.845 36.4544,-116.845 36.4454,-116.845 36.4364,-116.846 36.4094,-116.846 36.4003,-116.846 36.3913,-116.846 36.3823,-116.846 36.3806,-116.846 36.3733,-116.846 36.3643,-116.846 36.3553,-116.846 36.3463,-116.846 36.3372,-116.846 36.3282,-116.846 36.3192,-116.847 36.3102,-116.847 36.3012,-116.847 36.2922,-116.847 36.2832,-116.847 36.2741,-116.847 36.2651,-116.847 36.2561,-116.847 36.2471,-116.847 36.2381,-116.847 36.2291,-116.847 36.2201,-116.848 36.211,-116.848 36.202,-116.848 36.193,-116.848 36.184,-116.848 36.175,-116.848 36.166,-116.848 36.157,-116.848 36.1479,-116.848 36.1389,-116.848 36.1299,-116.848 36.1209,-116.849 36.1119,-116.849 36.1029,-116.849 36.0939,-116.849 36.0848,-116.849 36.0758,-116.849 36.0668,-116.849 36.0578,-116.849 36.0488,-116.849 36.0398,-116.849 36.0308,-116.849 36.0217,-116.849 36.0127,-116.85 36.0037,-116.973 35.9053,-116.984 35.9053,-116.995 35.9054,-117.006 35.9054,-117.017 35.9055,-117.028 35.9056,-117.039 35.9056,-117.051 35.9057,-117.062 35.9057,-117.073 35.9058,-117.084 35.9058,-117.095 35.9059,-117.106 35.9059,-117.117 35.906,-117.128 35.906,-117.14 35.9061,-117.149 35.9061,-117.151 35.9061,-117.162 35.9061,-117.173 35.9062,-117.174 35.9062,-117.184 35.9062,-117.195 35.9063,-117.206 35.9063,-117.217 35.9063,-117.228 35.9064,-117.24 35.9064,-117.251 35.9064,-117.262 35.9065,-117.273 35.9065,-117.284 35.9065,-117.295 35.9066,-117.306 35.9066,-117.317 35.9066,-117.328 35.9067,-117.34 35.9067,-117.351 35.9067,-117.362 35.9067,-117.373 35.9068,-117.384 35.9068,-117.395 35.9068,-117.406 35.9068,-117.417 35.9068,-117.429 35.9069,-117.44 35.9069,-117.451 35.9069,-117.462 35.9069,-117.473 35.9069,-117.484 35.9069,-117.495 35.9069,-117.506 35.907,-117.517 35.907,-117.529 35.907,-117.54 35.907,-117.551 35.907,-117.562 35.907,-117.573 35.907,-117.673 36.1143,-117.662 36.1324,-117.651 36.1504,-117.64 36.1685,-117.606 36.8265,-117.606 36.8355,-117.606 36.8445,-117.404 37.1742))
201909060100,5,2,
Pattern Matcher : 28
201909060200,2,2,201909060200,5,2,
event stream queue is empty now!
perform 0loadshedding
eventCn 610
#full Match 29
#high latecny (> 150)1
#NumPartialMatch 29
#NumDropedPM 0
#NumDropedInputEvents 0
avg latency: 34
expression size: 0



********   Event Pattern    ********
TYPE Satellite {
    time,
    channelID,
    level,
    boundary
};

QUERY fail3
EVENT SEQ(Satellite c06,Satellite c16)
WHERE c06.boundary /\ c16.boundary
    && c06.channelID == 2 
    && c16.channelID == 5
    && c06.level == 2 && c16.level == 2
WITHIN 1h
RETURN Fire(c06.time,c06.channelID,c06.level,
    INTERSECT(c06.boundary,c16.boundary),
    c16.time,c16.channelID,c16.level
);