consumption and contribution for event A on v1
time slice 1
1 , 27216564 , 24727417
2 , 24579611 , 22086045
3 , 21884013 , 19382748
4 , 18963597 , 16484864
5 , 16117626 , 13655850
6 , 13617681 , 11100573
7 , 10672807 , 8198871
8 , 8045991 , 5551584
9 , 5250832 , 2760375
10 , 2467436 , 0
===============================================
===============================================
consumption and contribution for event B on v1
time slice 1
1 , 27399875 , 24908093
2 , 24571961 , 22085983
3 , 21491221 , 19036874
4 , 19246706 , 16732847
5 , 16203519 , 13723335
6 , 13545235 , 11058920
7 , 10744748 , 8255620
8 , 7838991 , 5407479
9 , 5193590 , 2739176
10 , 2455741 , 0
===============================================
===============================================
contribution for event C on v1
time slice 1
2 , 2767056 , 2767056
3 , 5594940 , 5594940
4 , 8232577 , 8232577
5 , 11107523 , 11107523
6 , 13849618 , 13849618
7 , 16442127 , 16442127
8 , 19070653 , 19070653
9 , 22070947 , 22070947
10 , 24812886 , 24812886
===============================================
===============================================
consumption and contribution for partial match 1
time slice 1
1 , 27216564 , 24727417
2 , 24579611 , 22086045
3 , 21884013 , 19382748
4 , 18963597 , 16484864
5 , 16117626 , 13655850
6 , 13617681 , 11100573
7 , 10672807 , 8198871
8 , 8045991 , 5551584
9 , 5250832 , 2760375
10 , 2467436 , 0
===============================================
===============================================
consumption and contribution for partial match 2
time slice 1
2 , 3016233 , 2767056 , 0.917388
3 , 6094291 , 5594940 , 0.918062
4 , 8976594 , 8232577 , 0.917116
5 , 12104594 , 11107523 , 0.917629
6 , 15090894 , 13849618 , 0.917747
7 , 17936792 , 16442127 , 0.91667
8 , 20810244 , 19070653 , 0.916407
9 , 24057179 , 22070947 , 0.917437
10 , 27043958 , 24812886 , 0.917502
11 , 2473323 , 0 , 0
12 , 2226844 , 0 , 0
13 , 1974837 , 0 , 0
14 , 1727941 , 0 , 0
15 , 1476396 , 0 , 0
16 , 1232526 , 0 , 0
17 , 980888 , 0 , 0
18 , 734333 , 0 , 0
19 , 490860 , 0 , 0
20 , 242860 , 0 , 0
===============================================
