ContributionTS
1,1
ConsumptionTS
1,0.908799
RationTS
1,2,0.0202852,0.0223243,0.917388
1,3,0.0409861,0.0451393,0.918062
1,4,0.0603706,0.0664194,0.917116
1,5,0.0814074,0.0896141,0.917629
1,6,0.101491,0.111737,0.917747
1,7,0.120631,0.132653,0.91667
1,8,0.139956,0.15386,0.916407
1,9,0.161792,0.178066,0.917437
1,10,0.18188,0.200187,0.917502
1,11,0.0166339,0,0
1,12,0.0149763,0,0
1,13,0.0132814,0,0
1,14,0.011621,0,0
1,15,0.00992925,0,0
1,16,0.00828914,0,0
1,17,0.0065968,0,0
1,18,0.00493863,0,0
1,19,0.0033012,0,0
1,20,0.00163331,0,0
