ContributionTS
1,0.190152
2,0.170694
3,0.150684
4,0.130622
5,0.110254
6,0.0899702
7,0.0697574
8,0.0495898
9,0.0291238
10,0.00915246
ConsumptionTS
1,0.125939
2,0.115151
3,0.10403
4,0.092905
5,0.0815341
6,0.0702067
7,0.0589115
8,0.0476838
9,0.0362993
10,0.024225
RationTS
1,2,0.00286164,0.00432478,0.840835
1,3,0.00568641,0.00860353,0.841785
1,4,0.00842046,0.012705,0.839463
1,5,0.011184,0.0168957,0.84051
1,6,0.0141656,0.021402,0.840587
1,7,0.0166417,0.0251006,0.83917
1,8,0.0193002,0.0290907,0.8386
1,9,0.0223675,0.0337929,0.840564
1,10,0.0253115,0.0382371,0.840485
1,11,0.00444738,0,0
1,12,0.00400439,0,0
1,13,0.0035614,0,0
1,14,0.00308624,0,0
1,15,0.00268654,0,0
1,16,0.00220561,0,0
1,17,0.00176989,0,0
1,18,0.00133361,0,0
1,19,0.000885624,0,0
1,20,0.000436714,0,0
2,2,0.00266343,0.0039516,0.825456
2,3,0.00521104,0.00773963,0.826339
2,4,0.00754161,0.0111688,0.823961
2,5,0.0101996,0.0151342,0.825538
2,6,0.0127954,0.0189759,0.825106
2,7,0.0153745,0.022774,0.824142
2,8,0.0176893,0.0261645,0.822934
2,9,0.0205477,0.0304624,0.824827
2,10,0.0231283,0.0343234,0.825675
2,11,0.00446314,0,0
2,12,0.00401437,0,0
2,13,0.00358415,0,0
2,14,0.00312304,0,0
2,15,0.00265566,0,0
2,16,0.00222415,0,0
2,17,0.00177182,0,0
2,18,0.00130936,0,0
2,19,0.000901886,0,0
2,20,0.000435216,0,0
3,2,0.0023596,0.0034328,0.809419
3,3,0.00466734,0.00677791,0.807959
3,4,0.00688957,0.00997483,0.80552
3,5,0.00923868,0.0133966,0.806766
3,6,0.0116746,0.0169262,0.806641
3,7,0.0138773,0.0200768,0.804918
3,8,0.0160322,0.0231548,0.803543
3,9,0.0185034,0.0268169,0.806344
3,10,0.0207877,0.0301268,0.806321
3,11,0.00444766,0,0
3,12,0.00403263,0,0
3,13,0.00357138,0,0
3,14,0.00312183,0,0
3,15,0.00265038,0,0
3,16,0.00221887,0,0
3,17,0.00178273,0,0
3,18,0.00132476,0,0
3,19,0.000884982,0,0
3,20,0.000447127,0,0
4,2,0.00213963,0.00301604,0.784259
4,3,0.00416508,0.00586952,0.784047
4,4,0.00615515,0.00864391,0.78133
4,5,0.00841154,0.0118534,0.784025
4,6,0.0102564,0.0144287,0.7827
4,7,0.0123771,0.0173873,0.781583
4,8,0.0142536,0.0199671,0.779388
4,9,0.0164905,0.0231944,0.78255
4,10,0.018656,0.0262612,0.783177
4,11,0.00444609,0,0
4,12,0.0039984,0,0
4,13,0.00352645,0,0
4,14,0.00311941,0,0
4,15,0.00266465,0,0
4,16,0.00222893,0,0
4,17,0.00177303,0,0
4,18,0.0013391,0,0
4,19,0.000880846,0,0
4,20,0.000441635,0,0
5,2,0.00182923,0.00247441,0.752603
5,3,0.00368571,0.00499729,0.754354
5,4,0.00536881,0.00724928,0.751242
5,5,0.00725175,0.00981946,0.753369
5,6,0.00909874,0.0123184,0.753241
5,7,0.0108231,0.0146039,0.750723
5,8,0.0125243,0.0168876,0.750202
5,9,0.0145136,0.0196405,0.752902
5,10,0.0164389,0.0222636,0.753505
5,11,0.00448696,0,0
5,12,0.00400959,0,0
5,13,0.00355476,0,0
5,14,0.00312761,0,0
5,15,0.00265823,0,0
5,16,0.00223742,0,0
5,17,0.00175841,0,0
5,18,0.00131934,0,0
5,19,0.000887407,0,0
5,20,0.00043971,0,0
6,2,0.0015627,0.00200996,0.715609
6,3,0.00315157,0.00406403,0.717451
6,4,0.00466613,0.00596605,0.711366
6,5,0.00631313,0.00809742,0.713616
6,6,0.00785714,0.010091,0.714548
6,7,0.00944366,0.0120915,0.712362
6,8,0.0107664,0.0137436,0.710224
6,9,0.0124288,0.0159174,0.712533
6,10,0.0140172,0.0179893,0.714028
6,11,0.00444902,0,0
6,12,0.00403506,0,0
6,13,0.00357345,0,0
6,14,0.00312754,0,0
6,15,0.0026404,0,0
6,16,0.00219555,0,0
6,17,0.00178295,0,0
6,18,0.00132212,0,0
6,19,0.000887907,0,0
6,20,0.000436857,0,0
7,2,0.00129338,0.00153167,0.658873
7,3,0.00266308,0.00316782,0.661819
7,4,0.00394476,0.00466654,0.658169
7,5,0.00522488,0.00619103,0.65925
7,6,0.00659743,0.00783821,0.661005
7,7,0.00783924,0.00926707,0.657705
7,8,0.00904468,0.010653,0.655301
7,9,0.0103869,0.0122843,0.657999
7,10,0.0119172,0.0141578,0.660977
7,11,0.00449666,0,0
7,12,0.00401594,0,0
7,13,0.00356874,0,0
7,14,0.00312026,0,0
7,15,0.00266179,0,0
7,16,0.00221267,0,0
7,17,0.00176355,0,0
7,18,0.00131749,0,0
7,19,0.000877351,0,0
7,20,0.000436928,0,0
8,2,0.00107092,0.00112196,0.582884
8,3,0.0021514,0.00225648,0.583543
8,4,0.0031597,0.00327589,0.576827
8,5,0.0042471,0.00442849,0.58013
8,6,0.00533643,0.00555237,0.578883
8,7,0.00640564,0.00666548,0.578938
8,8,0.00729533,0.00750682,0.572498
8,9,0.00849014,0.00882954,0.57861
8,10,0.00952718,0.00995278,0.581223
8,11,0.00445851,0,0
8,12,0.00401808,0,0
8,13,0.0035594,0,0
8,14,0.00310707,0,0
8,15,0.00266051,0,0
8,16,0.00222323,0,0
8,17,0.00176198,0,0
8,18,0.00131998,0,0
8,19,0.000876424,0,0
8,20,0.000432791,0,0
9,2,0.000837481,0.000688277,0.457247
9,3,0.00162824,0.00132605,0.453108
9,4,0.00242065,0.00194035,0.445977
9,5,0.00328295,0.00266324,0.451346
9,6,0.00402657,0.00321743,0.444566
9,7,0.00479715,0.00382315,0.443405
9,8,0.00563363,0.00447528,0.441971
9,9,0.0064204,0.00514266,0.445644
9,10,0.00725225,0.00584734,0.448589
9,11,0.00444852,0,0
9,12,0.00398021,0,0
9,13,0.00352331,0,0
9,14,0.00312147,0,0
9,15,0.00266893,0,0
9,16,0.00222565,0,0
9,17,0.00176319,0,0
9,18,0.0013105,0,0
9,19,0.000891187,0,0
9,20,0.00043543,0,0
10,2,0.000551901,0.000214854,0.216593
10,3,0.00109603,0.000428555,0.217544
10,4,0.00158852,0.000579953,0.203125
10,5,0.00218585,0.000823523,0.209613
10,6,0.00269845,0.00102479,0.211291
10,7,0.00322753,0.00123567,0.213007
10,8,0.00377779,0.0014013,0.206374
10,9,0.00426286,0.00160731,0.209778
10,10,0.00483609,0.00183652,0.211282
10,11,0.00423719,0,0
10,12,0.00380868,0,0
10,13,0.00335599,0,0
10,14,0.00294609,0,0
10,15,0.00249932,0,0
10,16,0.00210347,0,0
10,17,0.00167061,0,0
10,18,0.00125223,0,0
10,19,0.000835199,0,0
10,20,0.000416101,0,0
