c07
c16
c07
c16
c07
c16
c07
c07
c07
c07
c16
c16
c16
c16
Pattern Matcher : 0
201811081516,6,2,201811081541,5,2,
Pattern Matcher : 1
201811081516,6,2,
boundary: POLYGON((-121.43 39.7956,-121.442 39.8001,-121.46 39.8046,-121.46 39.8091,-121.46 39.8136,-121.46 39.8181,-121.459 39.8226,-121.454 39.8271,-121.448 39.8271,-121.442 39.8271,-121.424 39.8226,-121.419 39.8181,-121.419 39.8091,-121.419 39.8046,-121.419 39.8001,-121.43 39.7956))
201811081544,5,2,
Pattern Matcher : 2
201811081614,6,2,
boundary: POLYGON((-121.586 39.7553,-121.576 39.7778,-121.565 39.7958,-121.559 39.8048,-121.547 39.8318,-121.535 39.8587,-121.524 39.8632,-121.512 39.8587,-121.483 39.8587,-121.477 39.8587,-121.459 39.8541,-121.448 39.8496,-121.424 39.8226,-121.419 39.8181,-121.419 39.8136,-121.419 39.8091,-121.419 39.8046,-121.419 39.8001,-121.415 39.764,-121.448 39.7461,-121.454 39.7461,-121.46 39.7461,-121.466 39.7462,-121.501 39.7462,-121.512 39.7507,-121.547 39.7508,-121.565 39.7553,-121.586 39.7553))
201811081640,5,2,
Pattern Matcher : 3
201811081614,6,2,201811081642,5,2,
Pattern Matcher : 4
201811081614,6,2,201811081644,5,2,
Pattern Matcher : 5
201811081816,6,2,
boundary: POLYGON((-121.518 39.7012,-121.524 39.6967,-121.53 39.6967,-121.536 39.6967,-121.553 39.7013,-121.565 39.7013,-121.571 39.7013,-121.577 39.7013,-121.582 39.7013,-121.617 39.7013,-121.635 39.7058,-121.647 39.7103,-121.67 39.7373,-121.682 39.7418,-121.682 39.7463,-121.682 39.7508,-121.676 39.7598,-121.664 39.7868,-121.652 39.8093,-121.641 39.8363,-121.629 39.8543,-121.623 39.8678,-121.617 39.8678,-121.611 39.8678,-121.606 39.8678,-121.565 39.8903,-121.559 39.8903,-121.553 39.8903,-121.547 39.8902,-121.53 39.8857,-121.483 39.8587,-121.477 39.8587,-121.459 39.8541,-121.448 39.8496,-121.424 39.8226,-121.419 39.8181,-121.419 39.8136,-121.419 39.8091,-121.419 39.8046,-121.419 39.8001,-121.43 39.7776,-121.448 39.7461,-121.454 39.7461,-121.46 39.7461,-121.466 39.7462,-121.506 39.7237,-121.518 39.7012))
201811081832,5,2,
Pattern Matcher : 6
201811081816,6,2,201811081833,5,2,
Pattern Matcher : 7
201811081913,6,2,
boundary: POLYGON((-121.518 39.7012,-121.524 39.6967,-121.53 39.6967,-121.536 39.6967,-121.553 39.7013,-121.565 39.7013,-121.571 39.7013,-121.577 39.7013,-121.582 39.7013,-121.617 39.7013,-121.635 39.7058,-121.647 39.7103,-121.67 39.7373,-121.682 39.7418,-121.682 39.7463,-121.682 39.7508,-121.676 39.7598,-121.664 39.7868,-121.652 39.8093,-121.641 39.8363,-121.629 39.8543,-121.623 39.8678,-121.617 39.8678,-121.611 39.8678,-121.606 39.8678,-121.565 39.8903,-121.559 39.8903,-121.553 39.8903,-121.547 39.8902,-121.53 39.8857,-121.483 39.8587,-121.477 39.8587,-121.459 39.8541,-121.448 39.8496,-121.424 39.8226,-121.419 39.8181,-121.419 39.8136,-121.419 39.8091,-121.419 39.8046,-121.419 39.8001,-121.43 39.7776,-121.448 39.7461,-121.454 39.7461,-121.46 39.7461,-121.466 39.7462,-121.506 39.7237,-121.518 39.7012))
201811081923,5,2,
Pattern Matcher : 8
201811081913,6,2,201811081926,5,2,
Pattern Matcher : 9
201811081913,6,2,201811081928,5,2,
Pattern Matcher : 10
201811082013,6,2,
boundary: POLYGON((-121.53 39.6742,-121.536 39.6697,-121.542 39.6698,-121.547 39.6698,-121.565 39.6743,-121.582 39.6743,-121.588 39.6743,-121.594 39.6743,-121.612 39.6788,-121.617 39.6833,-121.664 39.7058,-121.682 39.7103,-121.693 39.7148,-121.693 39.7193,-121.693 39.7238,-121.693 39.7283,-121.693 39.7328,-121.682 39.7508,-121.676 39.7598,-121.688 39.8228,-121.688 39.8273,-121.688 39.8318,-121.682 39.8453,-121.676 39.8453,-121.67 39.8453,-121.664 39.8453,-121.623 39.8678,-121.617 39.8678,-121.611 39.8678,-121.606 39.8678,-121.571 39.8678,-121.559 39.8633,-121.524 39.8632,-121.512 39.8587,-121.483 39.8587,-121.477 39.8587,-121.459 39.8541,-121.448 39.8496,-121.424 39.8226,-121.419 39.8181,-121.419 39.8136,-121.419 39.8091,-121.419 39.8046,-121.419 39.8001,-121.43 39.7776,-121.448 39.7461,-121.46 39.7236,-121.472 39.6967,-121.477 39.6922,-121.483 39.6922,-121.489 39.6922,-121.53 39.6742))
201811082026,5,2,
Pattern Matcher : 11
201811082013,6,2,201811082029,5,2,
Pattern Matcher : 12
201811082119,6,2,
boundary: POLYGON((-121.53 39.6742,-121.536 39.6697,-121.542 39.6698,-121.547 39.6698,-121.565 39.6743,-121.582 39.6743,-121.588 39.6743,-121.594 39.6743,-121.612 39.6788,-121.623 39.6788,-121.629 39.6788,-121.635 39.6788,-121.641 39.6788,-121.647 39.6788,-121.658 39.6833,-121.664 39.6878,-121.693 39.7148,-121.717 39.7418,-121.728 39.7463,-121.723 39.7643,-121.711 39.7868,-121.699 39.8138,-121.688 39.8318,-121.682 39.8453,-121.676 39.8453,-121.67 39.8453,-121.664 39.8453,-121.635 39.8408,-121.629 39.8408,-121.623 39.8408,-121.582 39.8588,-121.576 39.8633,-121.571 39.8678,-121.559 39.8633,-121.524 39.8632,-121.512 39.8587,-121.483 39.8587,-121.477 39.8587,-121.459 39.8541,-121.448 39.8496,-121.424 39.8226,-121.419 39.8181,-121.419 39.8136,-121.419 39.8091,-121.419 39.8046,-121.419 39.8001,-121.43 39.7776,-121.448 39.7461,-121.46 39.7236,-121.472 39.6967,-121.477 39.6922,-121.483 39.6922,-121.489 39.6922,-121.53 39.6742))
201811082136,5,2,
Pattern Matcher : 13
201811082249,6,2,
boundary: POLYGON((-121.547 39.6473,-121.553 39.6428,-121.559 39.6428,-121.594 39.6473,-121.6 39.6473,-121.606 39.6473,-121.623 39.6518,-121.629 39.6563,-121.658 39.6833,-121.664 39.6878,-121.693 39.7148,-121.693 39.7193,-121.693 39.7238,-121.693 39.7283,-121.693 39.7328,-121.699 39.7958,-121.699 39.8003,-121.699 39.8048,-121.699 39.8093,-121.699 39.8138,-121.693 39.8183,-121.687 39.8183,-121.682 39.8183,-121.641 39.8363,-121.635 39.8408,-121.629 39.8408,-121.623 39.8408,-121.582 39.8588,-121.576 39.8633,-121.571 39.8678,-121.559 39.8633,-121.524 39.8632,-121.512 39.8587,-121.483 39.8587,-121.477 39.8587,-121.459 39.8541,-121.448 39.8496,-121.424 39.8226,-121.419 39.8181,-121.419 39.8136,-121.419 39.8091,-121.419 39.8046,-121.419 39.8001,-121.43 39.7776,-121.448 39.7461,-121.46 39.7236,-121.472 39.6967,-121.477 39.6922,-121.483 39.6922,-121.489 39.6922,-121.53 39.6742,-121.542 39.6563,-121.547 39.6473))
201811082259,5,2,
Pattern Matcher : 14
201811082348,6,2,
boundary: POLYGON((-121.547 39.6473,-121.553 39.6428,-121.559 39.6428,-121.594 39.6473,-121.6 39.6473,-121.606 39.6473,-121.623 39.6518,-121.629 39.6563,-121.658 39.6833,-121.664 39.6878,-121.693 39.7148,-121.717 39.7418,-121.728 39.7463,-121.723 39.7643,-121.711 39.7868,-121.699 39.8138,-121.693 39.8183,-121.687 39.8183,-121.682 39.8183,-121.641 39.8363,-121.629 39.8543,-121.623 39.8678,-121.617 39.8678,-121.611 39.8678,-121.606 39.8678,-121.565 39.8903,-121.559 39.8903,-121.553 39.8903,-121.547 39.8902,-121.53 39.8857,-121.483 39.8587,-121.477 39.8587,-121.459 39.8541,-121.448 39.8496,-121.424 39.8226,-121.419 39.8181,-121.419 39.8136,-121.419 39.8091,-121.419 39.8046,-121.419 39.8001,-121.442 39.7641,-121.448 39.7461,-121.46 39.7236,-121.472 39.6967,-121.477 39.6922,-121.483 39.6922,-121.489 39.6922,-121.53 39.6742,-121.542 39.6563,-121.547 39.6473))
201811082359,5,2,
Pattern Matcher : 15
201811082348,6,2,201811082359,5,2,
Pattern Matcher : 16
201811090039,6,2,
boundary: POLYGON((-121.547 39.6473,-121.553 39.6428,-121.559 39.6428,-121.594 39.6473,-121.6 39.6473,-121.606 39.6473,-121.623 39.6518,-121.629 39.6563,-121.676 39.6788,-121.693 39.6833,-121.705 39.6878,-121.728 39.7148,-121.74 39.7193,-121.74 39.7238,-121.74 39.7283,-121.74 39.7328,-121.723 39.7643,-121.711 39.7868,-121.705 39.7913,-121.699 39.7913,-121.693 39.7913,-121.652 39.8093,-121.641 39.8363,-121.629 39.8543,-121.623 39.8678,-121.617 39.8678,-121.611 39.8678,-121.606 39.8678,-121.571 39.8678,-121.559 39.8633,-121.524 39.8632,-121.512 39.8587,-121.483 39.8587,-121.477 39.8587,-121.459 39.8541,-121.448 39.8496,-121.424 39.8226,-121.419 39.8181,-121.419 39.8136,-121.419 39.8091,-121.419 39.8046,-121.419 39.8001,-121.442 39.7641,-121.448 39.7461,-121.46 39.7236,-121.466 39.7192,-121.471 39.7192,-121.477 39.7192,-121.518 39.7012,-121.53 39.6742,-121.542 39.6563,-121.547 39.6473))
201811090055,5,2,
Pattern Matcher : 17
201811090112,6,2,
boundary: POLYGON((-121.483 39.8587,-121.477 39.8587,-121.459 39.8541,-121.448 39.8496,-121.424 39.8226,-121.419 39.8181,-121.419 39.8136,-121.419 39.8091,-121.419 39.8046,-121.419 39.8001,-121.43 39.7956,-121.46 39.7416,-121.46 39.7371,-121.46 39.7326,-121.46 39.7281,-121.46 39.7236,-121.472 39.6967,-121.477 39.6922,-121.483 39.6922,-121.489 39.6922,-121.53 39.6742,-121.542 39.6563,-121.547 39.6473,-121.553 39.6428,-121.559 39.6428,-121.594 39.6473,-121.6 39.6473,-121.606 39.6473,-121.623 39.6518,-121.641 39.6518,-121.647 39.6518,-121.652 39.6518,-121.67 39.6563,-121.676 39.6608,-121.705 39.6878,-121.728 39.7148,-121.74 39.7193,-121.763 39.7462,-121.769 39.7507,-121.769 39.7552,-121.769 39.7597,-121.769 39.7642,-121.769 39.7687,-121.763 39.7687,-121.758 39.7687,-121.752 39.7688,-121.711 39.7868,-121.699 39.8138,-121.693 39.8183,-121.687 39.8183,-121.682 39.8183,-121.676 39.8183,-121.641 39.8183,-121.582 39.8588,-121.576 39.8633,-121.571 39.8678,-121.559 39.8633,-121.524 39.8632,-121.512 39.8587,-121.483 39.8587))
201811090122,5,2,
Pattern Matcher : 18
201811090213,6,2,
boundary: POLYGON((-121.483 39.8587,-121.477 39.8587,-121.459 39.8541,-121.448 39.8496,-121.424 39.8226,-121.419 39.8181,-121.419 39.8136,-121.419 39.8091,-121.419 39.8046,-121.419 39.8001,-121.43 39.7956,-121.46 39.7416,-121.46 39.7371,-121.46 39.7326,-121.46 39.7281,-121.46 39.7236,-121.472 39.6967,-121.477 39.6922,-121.483 39.6922,-121.489 39.6922,-121.53 39.6742,-121.536 39.6697,-121.542 39.6698,-121.547 39.6698,-121.588 39.6518,-121.594 39.6473,-121.6 39.6473,-121.606 39.6473,-121.623 39.6518,-121.641 39.6518,-121.647 39.6518,-121.652 39.6518,-121.67 39.6563,-121.682 39.6563,-121.687 39.6563,-121.693 39.6563,-121.699 39.6563,-121.705 39.6563,-121.717 39.6608,-121.722 39.6653,-121.752 39.6923,-121.775 39.7192,-121.787 39.7237,-121.787 39.7282,-121.781 39.7417,-121.769 39.7687,-121.763 39.7687,-121.758 39.7687,-121.752 39.7688,-121.711 39.7868,-121.699 39.8138,-121.693 39.8183,-121.687 39.8183,-121.682 39.8183,-121.676 39.8183,-121.641 39.8183,-121.582 39.8588,-121.576 39.8633,-121.571 39.8678,-121.559 39.8633,-121.524 39.8632,-121.512 39.8587,-121.483 39.8587))
201811090224,5,2,
Pattern Matcher : 19
201811090313,6,2,
boundary: POLYGON((-121.483 39.8587,-121.477 39.8587,-121.459 39.8541,-121.448 39.8496,-121.424 39.8226,-121.419 39.8181,-121.419 39.8136,-121.419 39.8091,-121.419 39.8046,-121.419 39.8001,-121.43 39.7776,-121.448 39.7461,-121.46 39.7236,-121.466 39.7192,-121.471 39.7192,-121.477 39.7192,-121.518 39.7012,-121.53 39.6742,-121.536 39.6697,-121.542 39.6698,-121.547 39.6698,-121.588 39.6518,-121.6 39.6338,-121.606 39.6248,-121.612 39.6203,-121.617 39.6203,-121.635 39.6248,-121.652 39.6248,-121.658 39.6248,-121.664 39.6248,-121.682 39.6293,-121.699 39.6293,-121.705 39.6293,-121.711 39.6293,-121.728 39.6338,-121.734 39.6383,-121.763 39.6652,-121.787 39.6922,-121.798 39.6967,-121.798 39.7012,-121.798 39.7057,-121.798 39.7102,-121.798 39.7147,-121.804 39.7777,-121.804 39.7822,-121.804 39.7867,-121.804 39.7912,-121.799 39.8002,-121.793 39.8002,-121.787 39.8002,-121.781 39.8002,-121.74 39.8228,-121.734 39.8228,-121.728 39.8228,-121.723 39.8228,-121.693 39.8183,-121.687 39.8183,-121.682 39.8183,-121.676 39.8183,-121.641 39.8183,-121.582 39.8588,-121.576 39.8633,-121.571 39.8678,-121.559 39.8633,-121.524 39.8632,-121.512 39.8587,-121.483 39.8587))
201811090324,5,2,
Pattern Matcher : 20
201811090313,6,2,201811090327,5,2,
Pattern Matcher : 21
201811090412,6,2,
boundary: POLYGON((-121.483 39.8587,-121.477 39.8587,-121.459 39.8541,-121.448 39.8496,-121.424 39.8226,-121.419 39.8181,-121.419 39.8136,-121.419 39.8091,-121.419 39.8046,-121.419 39.8001,-121.442 39.7641,-121.448 39.7461,-121.46 39.7236,-121.466 39.7192,-121.471 39.7192,-121.477 39.7192,-121.518 39.7012,-121.53 39.6742,-121.542 39.6563,-121.547 39.6473,-121.553 39.6428,-121.559 39.6428,-121.606 39.6248,-121.612 39.6203,-121.617 39.6203,-121.635 39.6248,-121.652 39.6248,-121.658 39.6248,-121.664 39.6248,-121.682 39.6293,-121.699 39.6293,-121.705 39.6293,-121.711 39.6293,-121.728 39.6338,-121.734 39.6383,-121.763 39.6652,-121.787 39.6922,-121.798 39.6967,-121.798 39.7012,-121.798 39.7057,-121.798 39.7102,-121.798 39.7147,-121.816 39.7507,-121.816 39.7552,-121.816 39.7597,-121.816 39.7642,-121.816 39.7687,-121.81 39.7732,-121.804 39.7732,-121.798 39.7732,-121.758 39.7912,-121.746 39.8138,-121.74 39.8228,-121.734 39.8228,-121.728 39.8228,-121.723 39.8228,-121.693 39.8183,-121.687 39.8183,-121.682 39.8183,-121.676 39.8183,-121.641 39.8183,-121.582 39.8588,-121.576 39.8633,-121.571 39.8678,-121.559 39.8633,-121.524 39.8632,-121.512 39.8587,-121.483 39.8587))
201811090422,5,2,
Pattern Matcher : 22
201811090412,6,2,201811090423,5,2,
Pattern Matcher : 23
201811090412,6,2,201811090424,5,2,
Pattern Matcher : 24
201811090512,6,2,
boundary: POLYGON((-121.5 39.8587,-121.495 39.8542,-121.448 39.8271,-121.442 39.8271,-121.424 39.8226,-121.419 39.8181,-121.419 39.8091,-121.419 39.8046,-121.419 39.8001,-121.442 39.7641,-121.448 39.7461,-121.46 39.7236,-121.466 39.7192,-121.471 39.7192,-121.477 39.7192,-121.518 39.7012,-121.53 39.6742,-121.542 39.6563,-121.547 39.6473,-121.553 39.6428,-121.559 39.6428,-121.606 39.6248,-121.612 39.6203,-121.617 39.6203,-121.635 39.6248,-121.652 39.6248,-121.658 39.6248,-121.664 39.6248,-121.682 39.6293,-121.687 39.6338,-121.734 39.6563,-121.752 39.6608,-121.763 39.6652,-121.787 39.6922,-121.798 39.6967,-121.828 39.7237,-121.828 39.7282,-121.828 39.7327,-121.828 39.7372,-121.828 39.7417,-121.828 39.7462,-121.816 39.7687,-121.81 39.7732,-121.793 39.8092,-121.787 39.8227,-121.781 39.8272,-121.775 39.8272,-121.758 39.8227,-121.74 39.8228,-121.734 39.8228,-121.728 39.8228,-121.723 39.8228,-121.693 39.8183,-121.687 39.8183,-121.682 39.8183,-121.676 39.8183,-121.641 39.8183,-121.582 39.8588,-121.576 39.8633,-121.571 39.8678,-121.559 39.8633,-121.524 39.8632,-121.512 39.8587,-121.5 39.8587))
201811090522,5,2,
Pattern Matcher : 25
201811090512,6,2,201811090523,5,2,
Pattern Matcher : 26
201811090512,6,2,201811090525,5,2,
Pattern Matcher : 27
201811090614,6,2,
boundary: POLYGON((-121.5 39.8587,-121.495 39.8542,-121.495 39.8497,-121.495 39.8452,-121.495 39.8407,-121.495 39.8362,-121.477 39.7957,-121.448 39.7686,-121.442 39.7641,-121.448 39.7461,-121.46 39.7236,-121.466 39.7192,-121.471 39.7192,-121.477 39.7192,-121.518 39.7012,-121.53 39.6742,-121.542 39.6563,-121.547 39.6473,-121.553 39.6428,-121.559 39.6428,-121.606 39.6248,-121.617 39.5978,-121.623 39.5933,-121.629 39.5933,-121.641 39.5978,-121.67 39.5978,-121.676 39.5978,-121.693 39.6023,-121.699 39.6068,-121.699 39.6113,-121.699 39.6158,-121.699 39.6203,-121.699 39.6248,-121.717 39.6608,-121.722 39.6653,-121.752 39.6923,-121.775 39.7192,-121.787 39.7237,-121.787 39.7282,-121.781 39.7417,-121.769 39.7687,-121.758 39.7912,-121.746 39.8138,-121.74 39.8228,-121.734 39.8228,-121.728 39.8228,-121.723 39.8228,-121.693 39.8183,-121.687 39.8183,-121.682 39.8183,-121.676 39.8183,-121.641 39.8183,-121.582 39.8588,-121.576 39.8633,-121.571 39.8678,-121.559 39.8633,-121.524 39.8632,-121.512 39.8587,-121.5 39.8587))
201811090629,5,2,
Pattern Matcher : 28
201811090614,6,2,201811090630,5,2,
Pattern Matcher : 29
201811090712,6,2,
boundary: POLYGON((-121.622 39.8704,-121.617 39.8678,-121.611 39.8678,-121.606 39.8678,-121.565 39.8903,-121.559 39.8903,-121.553 39.8903,-121.547 39.8902,-121.53 39.8857,-121.495 39.8542,-121.471 39.8272,-121.465 39.8227,-121.436 39.7956,-121.43 39.7911,-121.43 39.7866,-121.43 39.7776,-121.448 39.7461,-121.46 39.7236,-121.472 39.6967,-121.477 39.6922,-121.483 39.6922,-121.489 39.6922,-121.542 39.6563,-121.547 39.6473,-121.553 39.6428,-121.559 39.6428,-121.594 39.6473,-121.6 39.6473,-121.606 39.6473,-121.623 39.6518,-121.641 39.6518,-121.647 39.6518,-121.652 39.6518,-121.67 39.6563,-121.676 39.6608,-121.722 39.6833,-121.74 39.6878,-121.752 39.6923,-121.775 39.7192,-121.787 39.7237,-121.787 39.7282,-121.781 39.7417,-121.769 39.7687,-121.763 39.7687,-121.758 39.7687,-121.752 39.7688,-121.711 39.7868,-121.699 39.8138,-121.693 39.8183,-121.687 39.8183,-121.682 39.8183,-121.676 39.8183,-121.629 39.8543,-121.623 39.8678,-121.622 39.8704))
201811090737,5,2,
Pattern Matcher : 30
201811090813,6,2,201811090834,5,2,
Pattern Matcher : 31
201811090813,6,2,
boundary: POLYGON((-121.707 39.7703,-121.664 39.7868,-121.652 39.8093,-121.641 39.8363,-121.629 39.8543,-121.623 39.8678,-121.611 39.8903,-121.609 39.8953,-121.606 39.8948,-121.6 39.8948,-121.594 39.8948,-121.565 39.8903,-121.559 39.8903,-121.553 39.8903,-121.547 39.8902,-121.53 39.8857,-121.495 39.8542,-121.495 39.8497,-121.448 39.8001,-121.436 39.7956,-121.43 39.7911,-121.401 39.764,-121.401 39.7595,-121.401 39.755,-121.401 39.7505,-121.401 39.746,-121.407 39.7415,-121.413 39.7416,-121.419 39.7416,-121.46 39.7236,-121.466 39.7192,-121.471 39.7192,-121.477 39.7192,-121.518 39.7012,-121.524 39.6967,-121.53 39.6967,-121.536 39.6967,-121.577 39.6788,-121.588 39.6518,-121.594 39.6473,-121.6 39.6473,-121.606 39.6473,-121.623 39.6518,-121.629 39.6563,-121.658 39.6833,-121.664 39.6878,-121.682 39.7418,-121.705 39.7688,-121.707 39.7703))
201811090835,5,2,
Pattern Matcher : 32
201811090813,6,2,201811090837,5,2,
Pattern Matcher : 33
201811090914,6,2,201811090930,5,2,
Pattern Matcher : 34
201811090914,6,2,201811090931,5,2,
Pattern Matcher : 35
201811090914,6,2,201811090932,5,2,
Pattern Matcher : 36
201811090914,6,2,
boundary: POLYGON((-121.67 39.8678,-121.664 39.8723,-121.658 39.8723,-121.652 39.8723,-121.611 39.8903,-121.606 39.8948,-121.6 39.8948,-121.594 39.8948,-121.565 39.8903,-121.559 39.8903,-121.553 39.8903,-121.547 39.8902,-121.53 39.8857,-121.499 39.8683,-121.495 39.8542,-121.495 39.8497,-121.448 39.8001,-121.436 39.7956,-121.43 39.7911,-121.401 39.764,-121.401 39.7595,-121.401 39.755,-121.401 39.7505,-121.401 39.746,-121.407 39.7415,-121.413 39.7416,-121.419 39.7416,-121.46 39.7236,-121.466 39.7192,-121.471 39.7192,-121.477 39.7192,-121.518 39.7012,-121.524 39.6967,-121.53 39.6967,-121.536 39.6967,-121.588 39.6518,-121.594 39.6473,-121.6 39.6473,-121.606 39.6473,-121.623 39.6518,-121.629 39.6563,-121.629 39.6608,-121.629 39.6653,-121.629 39.6698,-121.629 39.6743,-121.647 39.7598,-121.658 39.7643,-121.664 39.7688,-121.699 39.7958,-121.699 39.8003,-121.699 39.8048,-121.699 39.8093,-121.699 39.8138,-121.693 39.8183,-121.676 39.8498,-121.67 39.8678))
201811090935,5,2,
Pattern Matcher : 37
201811090914,6,2,201811090937,5,2,
Pattern Matcher : 38
201811090914,6,2,201811090940,5,2,
Pattern Matcher : 39
201811091014,6,2,201811091040,5,2,
Pattern Matcher : 40
201811091014,6,2,201811091042,5,2,
Pattern Matcher : 41
201811091014,6,2,201811091044,5,2,
Pattern Matcher : 42
201811091014,6,2,201811091047,5,2,
Pattern Matcher : 43
201811091014,6,2,
boundary: POLYGON((-121.53 39.8902,-121.53 39.8857,-121.495 39.8542,-121.495 39.8497,-121.495 39.8452,-121.495 39.8407,-121.495 39.8362,-121.477 39.7957,-121.448 39.7686,-121.442 39.7641,-121.439 39.7616,-121.448 39.7461,-121.46 39.7236,-121.466 39.7192,-121.471 39.7192,-121.477 39.7192,-121.518 39.7012,-121.53 39.6742,-121.536 39.6697,-121.542 39.6698,-121.547 39.6698,-121.565 39.6743,-121.582 39.6743,-121.588 39.6743,-121.594 39.6743,-121.612 39.6788,-121.617 39.6833,-121.617 39.6878,-121.617 39.6923,-121.612 39.7013,-121.6 39.7283,-121.635 39.7868,-121.664 39.7913,-121.67 39.7913,-121.676 39.7913,-121.682 39.7913,-121.699 39.7958,-121.699 39.8003,-121.699 39.8048,-121.699 39.8093,-121.699 39.8138,-121.688 39.8318,-121.682 39.8453,-121.676 39.8453,-121.67 39.8453,-121.664 39.8453,-121.623 39.8678,-121.611 39.8903,-121.606 39.8948,-121.6 39.8948,-121.594 39.8948,-121.565 39.8903,-121.559 39.8903,-121.553 39.8903,-121.547 39.8902,-121.53 39.8902))
201811091050,5,2,
Pattern Matcher : 44
201811091014,6,2,201811091053,5,2,
Pattern Matcher : 45
201811091014,6,2,201811091055,5,2,
Pattern Matcher : 46
201811091014,6,2,201811091057,5,2,
Pattern Matcher : 47
201811091114,6,2,201811091141,5,2,
Pattern Matcher : 48
201811091114,6,2,201811091142,5,2,
Pattern Matcher : 49
201811091114,6,2,201811091145,5,2,
Pattern Matcher : 50
201811091114,6,2,
boundary: POLYGON((-121.652 39.8093,-121.641 39.8363,-121.629 39.8543,-121.623 39.8678,-121.611 39.8903,-121.606 39.8948,-121.6 39.8948,-121.594 39.8948,-121.565 39.8903,-121.559 39.8903,-121.553 39.8903,-121.547 39.8902,-121.53 39.8857,-121.495 39.8542,-121.495 39.8497,-121.495 39.8452,-121.495 39.8407,-121.495 39.8362,-121.477 39.7957,-121.448 39.7686,-121.442 39.7641,-121.413 39.7371,-121.413 39.7326,-121.413 39.7281,-121.413 39.7236,-121.413 39.7191,-121.419 39.7146,-121.425 39.7146,-121.431 39.7146,-121.466 39.7192,-121.471 39.7192,-121.477 39.7192,-121.518 39.7012,-121.524 39.6967,-121.53 39.6967,-121.536 39.6967,-121.553 39.7013,-121.559 39.7058,-121.559 39.7103,-121.559 39.7148,-121.576 39.7598,-121.623 39.7868,-121.629 39.7868,-121.635 39.7868,-121.647 39.7913,-121.652 39.7958,-121.652 39.8003,-121.652 39.8048,-121.652 39.8093))
201811091147,5,2,
Pattern Matcher : 51
201811091114,6,2,201811091150,5,2,
Pattern Matcher : 52
201811091114,6,2,201811091153,5,2,
Pattern Matcher : 53
201811091209,6,2,201811091236,5,2,
Pattern Matcher : 54
201811091209,6,2,201811091239,5,2,
Pattern Matcher : 55
201811091209,6,2,201811091241,5,2,
Pattern Matcher : 56
201811091209,6,2,
boundary: POLYGON((-121.658 39.8948,-121.652 39.8993,-121.647 39.8993,-121.641 39.8993,-121.606 39.8948,-121.6 39.8948,-121.594 39.8948,-121.565 39.8903,-121.559 39.8903,-121.553 39.8903,-121.547 39.8902,-121.53 39.8857,-121.495 39.8542,-121.495 39.8497,-121.495 39.8452,-121.495 39.8407,-121.495 39.8362,-121.477 39.7957,-121.448 39.7686,-121.442 39.7641,-121.426 39.7146,-121.431 39.7146,-121.483 39.6787,-121.489 39.6697,-121.495 39.6652,-121.501 39.6652,-121.512 39.6697,-121.524 39.6742,-121.571 39.7013,-121.577 39.7013,-121.582 39.7013,-121.6 39.7058,-121.6 39.7103,-121.6 39.7148,-121.6 39.7193,-121.6 39.7238,-121.6 39.7283,-121.635 39.7868,-121.647 39.7913,-121.652 39.7958,-121.652 39.8003,-121.652 39.8048,-121.652 39.8093,-121.658 39.8768,-121.658 39.8813,-121.658 39.8858,-121.658 39.8903,-121.658 39.8948))
201811091244,5,2,
Pattern Matcher : 57
201811091209,6,2,201811091246,5,2,
Pattern Matcher : 58
201811091209,6,2,201811091249,5,2,
Pattern Matcher : 59
201811091209,6,2,201811091252,5,2,
Pattern Matcher : 60
201811091310,6,2,201811091334,5,2,
Pattern Matcher : 61
201811091310,6,2,201811091337,5,2,
Pattern Matcher : 62
201811091310,6,2,201811091340,5,2,
Pattern Matcher : 63
201811091310,6,2,201811091341,5,2,
Pattern Matcher : 64
201811091310,6,2,
boundary: POLYGON((-121.606 39.8948,-121.6 39.8948,-121.594 39.8948,-121.582 39.8903,-121.571 39.8858,-121.541 39.8587,-121.541 39.8542,-121.541 39.8497,-121.541 39.8452,-121.541 39.8407,-121.512 39.7777,-121.495 39.7732,-121.483 39.7732,-121.477 39.7732,-121.471 39.7732,-121.465 39.7732,-121.46 39.7731,-121.448 39.7686,-121.442 39.7641,-121.448 39.7461,-121.441 39.7075,-121.483 39.6787,-121.489 39.6697,-121.495 39.6652,-121.501 39.6652,-121.536 39.6697,-121.542 39.6698,-121.547 39.6698,-121.565 39.6743,-121.571 39.6788,-121.6 39.7058,-121.6 39.7103,-121.647 39.7598,-121.676 39.7643,-121.682 39.7643,-121.687 39.7643,-121.693 39.7643,-121.705 39.7688,-121.711 39.7733,-121.711 39.7778,-121.711 39.7823,-121.711 39.7868,-121.699 39.8138,-121.693 39.8183,-121.687 39.8183,-121.682 39.8183,-121.641 39.8363,-121.629 39.8543,-121.623 39.8678,-121.611 39.8903,-121.606 39.8948))
201811091342,5,2,
Pattern Matcher : 65
201811091310,6,2,201811091345,5,2,
Pattern Matcher : 66
201811091413,6,2,201811091445,5,2,
Pattern Matcher : 67
201811091413,6,2,201811091447,5,2,
Pattern Matcher : 68
201811091413,6,2,
boundary: POLYGON((-121.611 39.8903,-121.606 39.8948,-121.6 39.8948,-121.594 39.8948,-121.565 39.8903,-121.559 39.8903,-121.553 39.8903,-121.547 39.8902,-121.53 39.8857,-121.53 39.8812,-121.53 39.8767,-121.53 39.8722,-121.53 39.8677,-121.53 39.8632,-121.541 39.8407,-121.512 39.7777,-121.495 39.7732,-121.483 39.7732,-121.477 39.7732,-121.471 39.7732,-121.465 39.7732,-121.46 39.7731,-121.448 39.7686,-121.442 39.7641,-121.448 39.7461,-121.46 39.7236,-121.466 39.7192,-121.483 39.6832,-121.483 39.6787,-121.489 39.6697,-121.495 39.6652,-121.501 39.6652,-121.536 39.6697,-121.542 39.6698,-121.547 39.6698,-121.565 39.6743,-121.582 39.6743,-121.588 39.6743,-121.594 39.6743,-121.612 39.6788,-121.617 39.6833,-121.617 39.6878,-121.617 39.6923,-121.612 39.7013,-121.6 39.7283,-121.606 39.7913,-121.635 39.8183,-121.641 39.8228,-121.641 39.8273,-121.641 39.8318,-121.641 39.8363,-121.629 39.8543,-121.623 39.8678,-121.611 39.8903))
201811091449,5,2,
Pattern Matcher : 69
201811091515,6,2,201811091553,5,2,
Pattern Matcher : 70
201811091515,6,2,
boundary: POLYGON((-121.623 39.8678,-121.617 39.8678,-121.611 39.8678,-121.606 39.8678,-121.571 39.8678,-121.559 39.8633,-121.541 39.8587,-121.541 39.8542,-121.541 39.8497,-121.541 39.8452,-121.541 39.8407,-121.512 39.7777,-121.495 39.7732,-121.483 39.7732,-121.477 39.7732,-121.471 39.7732,-121.465 39.7732,-121.46 39.7731,-121.448 39.7686,-121.442 39.7641,-121.448 39.7461,-121.46 39.7236,-121.472 39.6967,-121.483 39.6787,-121.489 39.6697,-121.495 39.6652,-121.501 39.6652,-121.536 39.6697,-121.542 39.6698,-121.547 39.6698,-121.565 39.6743,-121.571 39.6788,-121.6 39.7058,-121.6 39.7103,-121.6 39.7148,-121.6 39.7193,-121.6 39.7238,-121.6 39.7283,-121.606 39.7913,-121.635 39.8183,-121.641 39.8228,-121.641 39.8273,-121.641 39.8318,-121.641 39.8363,-121.629 39.8543,-121.623 39.8678))
201811091556,5,2,
Pattern Matcher : 71
201811091515,6,2,201811091557,5,2,
Pattern Matcher : 72
201811091615,6,2,
boundary: POLYGON((-121.606 39.8948,-121.6 39.8948,-121.594 39.8948,-121.565 39.8903,-121.559 39.8903,-121.553 39.8903,-121.547 39.8902,-121.53 39.8857,-121.495 39.8542,-121.471 39.8272,-121.465 39.8227,-121.465 39.8182,-121.465 39.8137,-121.465 39.8092,-121.465 39.8047,-121.448 39.7686,-121.442 39.7641,-121.413 39.7371,-121.39 39.71,-121.384 39.7055,-121.384 39.701,-121.384 39.6965,-121.384 39.692,-121.384 39.6875,-121.39 39.683,-121.407 39.6876,-121.437 39.6876,-121.442 39.6876,-121.489 39.6697,-121.495 39.6652,-121.501 39.6652,-121.536 39.6697,-121.542 39.6698,-121.547 39.6698,-121.565 39.6743,-121.582 39.6743,-121.588 39.6743,-121.594 39.6743,-121.612 39.6788,-121.617 39.6833,-121.617 39.6878,-121.617 39.6923,-121.612 39.7013,-121.623 39.7643,-121.647 39.7913,-121.652 39.7958,-121.688 39.8228,-121.688 39.8273,-121.688 39.8318,-121.682 39.8453,-121.676 39.8453,-121.67 39.8453,-121.664 39.8453,-121.623 39.8678,-121.611 39.8903,-121.606 39.8948))
201811091634,5,2,
Pattern Matcher : 73
201811091615,6,2,201811091637,5,2,
Pattern Matcher : 74
201811091615,6,2,201811091638,5,2,
Pattern Matcher : 75
201811091615,6,2,201811091640,5,2,
Pattern Matcher : 76
201811091615,6,2,201811091643,5,2,
Pattern Matcher : 77
201811091809,6,2,
boundary: POLYGON((-121.442 39.6651,-121.448 39.6606,-121.454 39.6606,-121.466 39.6652,-121.495 39.6652,-121.501 39.6652,-121.536 39.6697,-121.542 39.6698,-121.547 39.6698,-121.565 39.6743,-121.571 39.6788,-121.571 39.6833,-121.571 39.6878,-121.571 39.6923,-121.571 39.6968,-121.588 39.7328,-121.588 39.7373,-121.635 39.7868,-121.647 39.7913,-121.652 39.7958,-121.688 39.8228,-121.688 39.8273,-121.688 39.8318,-121.682 39.8453,-121.676 39.8453,-121.67 39.8453,-121.664 39.8453,-121.635 39.8408,-121.629 39.8408,-121.623 39.8408,-121.582 39.8588,-121.576 39.8633,-121.571 39.8678,-121.559 39.8633,-121.524 39.8632,-121.512 39.8587,-121.483 39.8587,-121.477 39.8587,-121.459 39.8541,-121.436 39.8541,-121.43 39.8541,-121.413 39.8496,-121.407 39.845,-121.378 39.818,-121.372 39.8135,-121.372 39.809,-121.372 39.8045,-121.372 39.8,-121.378 39.7955,-121.384 39.791,-121.413 39.7371,-121.413 39.7326,-121.413 39.7281,-121.413 39.7236,-121.413 39.7191,-121.425 39.7011,-121.431 39.6921,-121.437 39.6831,-121.442 39.6651))
201811091823,5,2,
Pattern Matcher : 78
201811091809,6,2,201811091826,5,2,
Pattern Matcher : 79
201811091912,6,2,
boundary: POLYGON((-121.442 39.6651,-121.448 39.6606,-121.454 39.6606,-121.466 39.6652,-121.495 39.6652,-121.501 39.6652,-121.512 39.6697,-121.524 39.6742,-121.553 39.7013,-121.559 39.7058,-121.588 39.7328,-121.588 39.7373,-121.635 39.7868,-121.647 39.7913,-121.652 39.7958,-121.652 39.8003,-121.652 39.8048,-121.652 39.8093,-121.641 39.8363,-121.635 39.8408,-121.629 39.8408,-121.623 39.8408,-121.582 39.8588,-121.576 39.8633,-121.571 39.8678,-121.559 39.8633,-121.524 39.8632,-121.512 39.8587,-121.483 39.8587,-121.477 39.8587,-121.459 39.8541,-121.436 39.8541,-121.43 39.8541,-121.413 39.8496,-121.407 39.845,-121.378 39.818,-121.372 39.8135,-121.372 39.809,-121.372 39.8045,-121.372 39.8,-121.378 39.7955,-121.384 39.791,-121.401 39.755,-121.401 39.7505,-121.401 39.746,-121.407 39.7415,-121.425 39.7056,-121.425 39.7011,-121.431 39.6921,-121.437 39.6831,-121.442 39.6651))
201811091929,5,2,
Pattern Matcher : 80
201811092016,6,2,
boundary: POLYGON((-121.442 39.6651,-121.448 39.6606,-121.454 39.6606,-121.466 39.6652,-121.495 39.6652,-121.501 39.6652,-121.512 39.6697,-121.524 39.6742,-121.553 39.7013,-121.559 39.7058,-121.588 39.7328,-121.588 39.7373,-121.588 39.7418,-121.588 39.7463,-121.588 39.7508,-121.623 39.8138,-121.635 39.8183,-121.641 39.8228,-121.641 39.8273,-121.641 39.8318,-121.641 39.8363,-121.635 39.8408,-121.629 39.8408,-121.623 39.8408,-121.582 39.8588,-121.576 39.8633,-121.571 39.8678,-121.559 39.8633,-121.524 39.8632,-121.512 39.8587,-121.483 39.8587,-121.477 39.8587,-121.459 39.8541,-121.436 39.8541,-121.43 39.8541,-121.413 39.8496,-121.407 39.845,-121.378 39.818,-121.372 39.8135,-121.372 39.809,-121.372 39.8045,-121.372 39.8,-121.378 39.7955,-121.384 39.791,-121.401 39.755,-121.401 39.7505,-121.401 39.746,-121.407 39.7415,-121.425 39.7056,-121.425 39.7011,-121.431 39.6921,-121.437 39.6831,-121.442 39.6651))
201811092029,5,2,
Pattern Matcher : 81
201811092112,6,2,
boundary: POLYGON((-121.442 39.6651,-121.448 39.6606,-121.454 39.6606,-121.466 39.6652,-121.483 39.6697,-121.53 39.6967,-121.536 39.6967,-121.553 39.7013,-121.559 39.7058,-121.559 39.7103,-121.559 39.7148,-121.553 39.7238,-121.541 39.7508,-121.518 39.7912,-121.518 39.7957,-121.518 39.8002,-121.535 39.8407,-121.535 39.8452,-121.535 39.8497,-121.535 39.8542,-121.535 39.8587,-121.524 39.8632,-121.512 39.8587,-121.483 39.8587,-121.477 39.8587,-121.459 39.8541,-121.448 39.8496,-121.424 39.8226,-121.419 39.8181,-121.419 39.8136,-121.419 39.8091,-121.419 39.8046,-121.419 39.8001,-121.43 39.7776,-121.425 39.7101,-121.425 39.7056,-121.425 39.7011,-121.431 39.6921,-121.437 39.6831,-121.442 39.6651))
201811092120,5,2,
Pattern Matcher : 82
201811092227,6,2,
boundary: POLYGON((-121.431 39.6921,-121.437 39.6876,-121.442 39.6876,-121.477 39.6922,-121.483 39.6922,-121.489 39.6922,-121.507 39.6967,-121.524 39.6967,-121.53 39.6967,-121.536 39.6967,-121.553 39.7013,-121.559 39.7058,-121.559 39.7103,-121.559 39.7148,-121.553 39.7238,-121.541 39.7508,-121.518 39.7912,-121.518 39.7957,-121.518 39.8002,-121.535 39.8407,-121.535 39.8452,-121.535 39.8497,-121.535 39.8542,-121.535 39.8587,-121.524 39.8632,-121.512 39.8587,-121.483 39.8587,-121.477 39.8587,-121.459 39.8541,-121.448 39.8496,-121.424 39.8226,-121.419 39.8181,-121.419 39.8136,-121.419 39.8091,-121.419 39.8046,-121.419 39.8001,-121.442 39.7641,-121.425 39.7101,-121.425 39.7056,-121.425 39.7011,-121.431 39.6921))
201811092236,5,2,
Pattern Matcher : 83
201811092342,6,2,
boundary: POLYGON((-121.431 39.6921,-121.437 39.6876,-121.442 39.6876,-121.477 39.6922,-121.483 39.6922,-121.489 39.6922,-121.507 39.6967,-121.524 39.6967,-121.53 39.6967,-121.536 39.6967,-121.553 39.7013,-121.559 39.7058,-121.559 39.7103,-121.559 39.7148,-121.553 39.7238,-121.547 39.7283,-121.495 39.7462,-121.483 39.7732,-121.512 39.8317,-121.53 39.8362,-121.535 39.8407,-121.535 39.8452,-121.535 39.8497,-121.535 39.8542,-121.535 39.8587,-121.524 39.8632,-121.512 39.8587,-121.483 39.8587,-121.477 39.8587,-121.459 39.8541,-121.448 39.8496,-121.424 39.8226,-121.419 39.8181,-121.419 39.8136,-121.419 39.8091,-121.419 39.8046,-121.419 39.8001,-121.442 39.7641,-121.425 39.7101,-121.425 39.7056,-121.425 39.7011,-121.431 39.6921))
201811092352,5,2,
Pattern Matcher : 84
201811100036,6,2,
boundary: POLYGON((-121.472 39.6967,-121.477 39.6922,-121.483 39.6922,-121.489 39.6922,-121.507 39.6967,-121.524 39.6967,-121.53 39.6967,-121.536 39.6967,-121.553 39.7013,-121.559 39.7058,-121.559 39.7103,-121.559 39.7148,-121.553 39.7238,-121.547 39.7283,-121.53 39.7642,-121.53 39.7687,-121.53 39.7732,-121.524 39.7777,-121.489 39.8362,-121.489 39.8407,-121.489 39.8452,-121.489 39.8497,-121.489 39.8542,-121.483 39.8587,-121.477 39.8587,-121.459 39.8541,-121.448 39.8496,-121.424 39.8226,-121.419 39.8181,-121.419 39.8136,-121.419 39.8091,-121.419 39.8046,-121.419 39.8001,-121.442 39.7641,-121.448 39.7461,-121.46 39.7236,-121.472 39.6967))
201811100043,5,2,
Pattern Matcher : 85
201811100036,6,2,201811100045,5,2,
Pattern Matcher : 86
201811100116,6,2,201811100126,5,2,
Pattern Matcher : 87
201811100116,6,2,201811100129,5,2,
Pattern Matcher : 88
201811100116,6,2,201811100131,5,2,
Pattern Matcher : 89
201811100116,6,2,201811100134,5,2,
Pattern Matcher : 90
201811100116,6,2,201811100137,5,2,
Pattern Matcher : 91
201811100116,6,2,
boundary: POLYGON((-121.483 39.8587,-121.477 39.8587,-121.459 39.8541,-121.448 39.8496,-121.424 39.8226,-121.419 39.8181,-121.419 39.8136,-121.419 39.8091,-121.419 39.8046,-121.419 39.8001,-121.43 39.7956,-121.471 39.7147,-121.471 39.7102,-121.471 39.7057,-121.471 39.7012,-121.472 39.6967,-121.477 39.6922,-121.483 39.6922,-121.489 39.6922,-121.507 39.6967,-121.524 39.6967,-121.53 39.6967,-121.536 39.6967,-121.553 39.7013,-121.559 39.7058,-121.559 39.7103,-121.559 39.7148,-121.553 39.7238,-121.547 39.7283,-121.53 39.7237,-121.501 39.7237,-121.46 39.8046,-121.483 39.8317,-121.489 39.8362,-121.489 39.8407,-121.489 39.8452,-121.489 39.8497,-121.489 39.8542,-121.483 39.8587))
201811100138,5,2,
Pattern Matcher : 92
201811100116,6,2,201811100141,5,2,
Pattern Matcher : 93
201811100116,6,2,201811100144,5,2,
Pattern Matcher : 94
201811100215,6,2,
boundary: POLYGON((-121.53 39.6967,-121.536 39.6967,-121.553 39.7013,-121.559 39.7058,-121.559 39.7103,-121.559 39.7148,-121.553 39.7238,-121.547 39.7283,-121.53 39.7237,-121.501 39.7237,-121.483 39.7192,-121.471 39.7147,-121.471 39.7102,-121.471 39.7057,-121.471 39.7012,-121.472 39.6967,-121.477 39.6922,-121.483 39.6922,-121.489 39.6922,-121.507 39.6967,-121.524 39.6967,-121.53 39.6967))
201811100231,5,2,
Pattern Matcher : 95
201811100217,6,2,
boundary: POLYGON((-121.476 39.8299,-121.483 39.8317,-121.487 39.8347,-121.476 39.8299))
201811100231,5,2,
Pattern Matcher : 96
201811100312,6,2,
boundary: POLYGON((-121.477 39.6922,-121.483 39.6922,-121.489 39.6922,-121.507 39.6967,-121.524 39.6967,-121.53 39.6967,-121.536 39.6967,-121.553 39.7013,-121.559 39.7058,-121.559 39.7103,-121.559 39.7148,-121.553 39.7238,-121.547 39.7283,-121.53 39.7237,-121.501 39.7237,-121.483 39.7192,-121.471 39.7147,-121.471 39.7102,-121.471 39.7057,-121.471 39.7012,-121.472 39.6967,-121.477 39.6922))
201811100326,5,2,
Pattern Matcher : 97
201811100313,6,2,201811100326,5,2,
Pattern Matcher : 98
201811100414,6,2,
boundary: POLYGON((-121.477 39.6922,-121.483 39.6922,-121.489 39.6922,-121.507 39.6967,-121.524 39.6967,-121.53 39.6967,-121.536 39.6967,-121.553 39.7013,-121.559 39.7058,-121.559 39.7103,-121.559 39.7148,-121.553 39.7238,-121.547 39.7283,-121.53 39.7237,-121.501 39.7237,-121.483 39.7192,-121.471 39.7147,-121.471 39.7102,-121.471 39.7057,-121.471 39.7012,-121.472 39.6967,-121.477 39.6922))
201811100431,5,2,
Pattern Matcher : 99
201811100415,6,2,201811100431,5,2,
Pattern Matcher : 100
201811100515,6,2,
boundary: POLYGON((-121.477 39.6922,-121.483 39.6922,-121.489 39.6922,-121.507 39.6967,-121.524 39.6967,-121.53 39.6967,-121.536 39.6967,-121.553 39.7013,-121.559 39.7058,-121.559 39.7103,-121.559 39.7148,-121.553 39.7238,-121.547 39.7283,-121.53 39.7237,-121.501 39.7237,-121.483 39.7192,-121.471 39.7147,-121.471 39.7102,-121.471 39.7057,-121.471 39.7012,-121.472 39.6967,-121.477 39.6922))
201811100533,5,2,
Pattern Matcher : 101
201811100516,6,2,201811100533,5,2,
Pattern Matcher : 102
201811101815,6,2,
boundary: POLYGON((-121.489 39.6697,-121.495 39.6652,-121.501 39.6652,-121.536 39.6697,-121.542 39.6698,-121.547 39.6698,-121.565 39.6743,-121.571 39.6788,-121.571 39.6833,-121.571 39.6878,-121.571 39.6923,-121.571 39.6968,-121.559 39.7148,-121.553 39.7238,-121.547 39.7283,-121.53 39.7237,-121.501 39.7237,-121.46 39.8046,-121.506 39.8317,-121.512 39.8317,-121.53 39.8362,-121.535 39.8407,-121.535 39.8452,-121.535 39.8497,-121.535 39.8542,-121.535 39.8587,-121.524 39.8632,-121.512 39.8587,-121.483 39.8587,-121.477 39.8587,-121.459 39.8541,-121.448 39.8496,-121.424 39.8226,-121.419 39.8181,-121.419 39.8136,-121.419 39.8091,-121.419 39.8046,-121.419 39.8001,-121.43 39.7956,-121.471 39.7147,-121.471 39.7102,-121.471 39.7057,-121.471 39.7012,-121.472 39.6967,-121.483 39.6787,-121.489 39.6697))
201811101827,5,2,
Pattern Matcher : 103
201811101816,6,2,
boundary: POLYGON((-121.717 39.7913,-121.728 39.7958,-121.746 39.8003,-121.746 39.8048,-121.746 39.8093,-121.746 39.8138,-121.74 39.8228,-121.734 39.8228,-121.728 39.8228,-121.723 39.8228,-121.693 39.8183,-121.687 39.8183,-121.682 39.8183,-121.676 39.8183,-121.658 39.8138,-121.658 39.8093,-121.658 39.8048,-121.658 39.8003,-121.658 39.7958,-121.664 39.7913,-121.67 39.7913,-121.676 39.7913,-121.682 39.7913,-121.711 39.7913,-121.717 39.7913))
201811101827,5,2,
Pattern Matcher : 104
201811101815,6,2,201811101830,5,2,
Pattern Matcher : 105
201811101816,6,2,201811101830,5,2,
Pattern Matcher : 106
201811101911,6,2,
boundary: POLYGON((-121.489 39.6697,-121.495 39.6652,-121.501 39.6652,-121.512 39.6697,-121.524 39.6742,-121.524 39.6787,-121.524 39.6832,-121.524 39.6877,-121.524 39.6922,-121.512 39.7192,-121.501 39.7237,-121.483 39.7192,-121.471 39.7147,-121.471 39.7102,-121.471 39.7057,-121.471 39.7012,-121.472 39.6967,-121.483 39.6787,-121.489 39.6697))
201811101924,5,2,
Pattern Matcher : 107
201811101912,6,2,
boundary: POLYGON((-121.629 39.7643,-121.635 39.7598,-121.641 39.7598,-121.647 39.7598,-121.676 39.7643,-121.682 39.7643,-121.687 39.7643,-121.693 39.7643,-121.705 39.7688,-121.711 39.7733,-121.746 39.8003,-121.746 39.8048,-121.746 39.8093,-121.746 39.8138,-121.74 39.8228,-121.734 39.8228,-121.728 39.8228,-121.723 39.8228,-121.693 39.8183,-121.687 39.8183,-121.682 39.8183,-121.676 39.8183,-121.658 39.8138,-121.623 39.7823,-121.623 39.7778,-121.629 39.7643))
201811101924,5,2,
Pattern Matcher : 108
201811101914,6,2,
boundary: POLYGON((-121.407 39.827,-121.413 39.8226,-121.419 39.8226,-121.436 39.8271,-121.459 39.8271,-121.465 39.8272,-121.483 39.8317,-121.5 39.8317,-121.506 39.8317,-121.512 39.8317,-121.53 39.8362,-121.535 39.8407,-121.535 39.8452,-121.535 39.8497,-121.535 39.8542,-121.535 39.8587,-121.524 39.8632,-121.512 39.8587,-121.483 39.8587,-121.477 39.8587,-121.459 39.8541,-121.436 39.8541,-121.43 39.8541,-121.413 39.8496,-121.407 39.845,-121.407 39.8405,-121.407 39.836,-121.407 39.8315,-121.407 39.827))
201811101924,5,2,
Pattern Matcher : 109
201811102015,6,2,
boundary: POLYGON((-121.489 39.6697,-121.495 39.6652,-121.501 39.6652,-121.512 39.6697,-121.524 39.6742,-121.524 39.6787,-121.524 39.6832,-121.524 39.6877,-121.524 39.6922,-121.512 39.7192,-121.501 39.7237,-121.483 39.7192,-121.471 39.7147,-121.471 39.7102,-121.471 39.7057,-121.471 39.7012,-121.472 39.6967,-121.483 39.6787,-121.489 39.6697))
201811102024,5,2,
Pattern Matcher : 110
201811102017,6,2,
boundary: POLYGON((-121.629 39.7643,-121.635 39.7598,-121.641 39.7598,-121.647 39.7598,-121.676 39.7643,-121.682 39.7643,-121.687 39.7643,-121.693 39.7643,-121.705 39.7688,-121.711 39.7733,-121.746 39.8003,-121.746 39.8048,-121.746 39.8093,-121.746 39.8138,-121.74 39.8228,-121.734 39.8228,-121.728 39.8228,-121.723 39.8228,-121.693 39.8183,-121.687 39.8183,-121.682 39.8183,-121.676 39.8183,-121.658 39.8138,-121.623 39.7823,-121.623 39.7778,-121.629 39.7643))
201811102024,5,2,
Pattern Matcher : 111
201811102018,6,2,
boundary: POLYGON((-121.407 39.827,-121.413 39.8226,-121.419 39.8226,-121.436 39.8271,-121.459 39.8271,-121.465 39.8272,-121.483 39.8317,-121.5 39.8317,-121.506 39.8317,-121.512 39.8317,-121.53 39.8362,-121.535 39.8407,-121.535 39.8452,-121.535 39.8497,-121.535 39.8542,-121.535 39.8587,-121.524 39.8632,-121.512 39.8587,-121.483 39.8587,-121.477 39.8587,-121.459 39.8541,-121.436 39.8541,-121.43 39.8541,-121.413 39.8496,-121.407 39.845,-121.407 39.8405,-121.407 39.836,-121.407 39.8315,-121.407 39.827))
201811102024,5,2,
Pattern Matcher : 112
201811102120,6,2,
boundary: POLYGON((-121.67 39.7688,-121.676 39.7643,-121.682 39.7643,-121.687 39.7643,-121.693 39.7643,-121.705 39.7688,-121.711 39.7733,-121.746 39.8003,-121.746 39.8048,-121.746 39.8093,-121.746 39.8138,-121.74 39.8228,-121.734 39.8228,-121.728 39.8228,-121.723 39.8228,-121.711 39.8183,-121.705 39.8138,-121.67 39.7868,-121.67 39.7823,-121.67 39.7778,-121.67 39.7733,-121.67 39.7688))
201811102128,5,2,
Pattern Matcher : 113
201811102121,6,2,
boundary: POLYGON((-121.454 39.8316,-121.459 39.8271,-121.465 39.8272,-121.483 39.8317,-121.5 39.8317,-121.506 39.8317,-121.512 39.8317,-121.53 39.8362,-121.535 39.8407,-121.535 39.8452,-121.535 39.8497,-121.535 39.8542,-121.535 39.8587,-121.524 39.8632,-121.512 39.8587,-121.483 39.8587,-121.477 39.8587,-121.459 39.8541,-121.448 39.8496,-121.448 39.8451,-121.454 39.8316))
201811102128,5,2,
Pattern Matcher : 114
201811102222,6,2,
boundary: POLYGON((-121.629 39.7643,-121.635 39.7598,-121.641 39.7598,-121.647 39.7598,-121.676 39.7643,-121.682 39.7643,-121.687 39.7643,-121.693 39.7643,-121.705 39.7688,-121.711 39.7733,-121.746 39.8003,-121.746 39.8048,-121.746 39.8093,-121.746 39.8138,-121.74 39.8228,-121.734 39.8228,-121.728 39.8228,-121.723 39.8228,-121.693 39.8183,-121.687 39.8183,-121.682 39.8183,-121.676 39.8183,-121.658 39.8138,-121.623 39.7823,-121.623 39.7778,-121.629 39.7643))
201811102229,5,2,
Pattern Matcher : 115
201811102223,6,2,
boundary: POLYGON((-121.454 39.8316,-121.459 39.8271,-121.465 39.8272,-121.483 39.8317,-121.5 39.8317,-121.506 39.8317,-121.512 39.8317,-121.53 39.8362,-121.535 39.8407,-121.535 39.8452,-121.535 39.8497,-121.535 39.8542,-121.535 39.8587,-121.524 39.8632,-121.512 39.8587,-121.483 39.8587,-121.477 39.8587,-121.459 39.8541,-121.448 39.8496,-121.448 39.8451,-121.454 39.8316))
201811102229,5,2,
Pattern Matcher : 116
201811102338,6,2,
boundary: POLYGON((-121.629 39.7643,-121.635 39.7598,-121.641 39.7598,-121.647 39.7598,-121.676 39.7643,-121.682 39.7643,-121.687 39.7643,-121.693 39.7643,-121.705 39.7688,-121.711 39.7733,-121.746 39.8003,-121.746 39.8048,-121.746 39.8093,-121.746 39.8138,-121.74 39.8228,-121.734 39.8228,-121.728 39.8228,-121.723 39.8228,-121.693 39.8183,-121.687 39.8183,-121.682 39.8183,-121.676 39.8183,-121.658 39.8138,-121.623 39.7823,-121.623 39.7778,-121.629 39.7643))
201811102351,5,2,
Pattern Matcher : 117
201811102341,6,2,
boundary: POLYGON((-121.454 39.8316,-121.459 39.8271,-121.465 39.8272,-121.483 39.8317,-121.5 39.8317,-121.506 39.8317,-121.512 39.8317,-121.53 39.8362,-121.535 39.8407,-121.535 39.8452,-121.535 39.8497,-121.535 39.8542,-121.535 39.8587,-121.524 39.8632,-121.512 39.8587,-121.483 39.8587,-121.477 39.8587,-121.459 39.8541,-121.448 39.8496,-121.448 39.8451,-121.454 39.8316))
201811102351,5,2,
Pattern Matcher : 118
201811110032,6,2,
boundary: POLYGON((-121.454 39.8316,-121.459 39.8271,-121.465 39.8272,-121.483 39.8317,-121.489 39.8362,-121.489 39.8407,-121.489 39.8452,-121.489 39.8497,-121.489 39.8542,-121.483 39.8587,-121.477 39.8587,-121.459 39.8541,-121.448 39.8496,-121.448 39.8451,-121.454 39.8316))
201811110044,5,2,
Pattern Matcher : 119
201811110032,6,2,201811110047,5,2,
Pattern Matcher : 120
201811110112,6,2,
boundary: POLYGON((-121.483 39.8587,-121.477 39.8587,-121.459 39.8541,-121.448 39.8496,-121.448 39.8451,-121.454 39.8316,-121.459 39.8271,-121.465 39.8272,-121.483 39.8317,-121.489 39.8362,-121.489 39.8407,-121.489 39.8452,-121.489 39.8497,-121.489 39.8542,-121.483 39.8587))
201811110122,5,2,
Pattern Matcher : 121
201811110112,6,2,201811110125,5,2,
Pattern Matcher : 122
201811110112,6,2,201811110126,5,2,
Pattern Matcher : 123
201811110314,6,2,201811110331,5,2,
Pattern Matcher : 124
201811110314,6,2,201811110332,5,2,
Pattern Matcher : 125
201811110314,6,2,201811110335,5,2,
Pattern Matcher : 126
201811110314,6,2,
boundary: POLYGON((-121.699 39.7958,-121.699 39.8003,-121.699 39.8048,-121.699 39.8093,-121.699 39.8138,-121.693 39.8183,-121.687 39.8183,-121.682 39.8183,-121.676 39.8183,-121.658 39.8138,-121.658 39.8093,-121.658 39.8048,-121.658 39.8003,-121.658 39.7958,-121.664 39.7913,-121.67 39.7913,-121.676 39.7913,-121.682 39.7913,-121.699 39.7958))
201811110338,5,2,
Pattern Matcher : 127
201811110314,6,2,201811110339,5,2,
Pattern Matcher : 128
201811110412,6,2,201811110420,5,2,
Pattern Matcher : 129
201811110412,6,2,201811110423,5,2,
Pattern Matcher : 130
201811110412,6,2,
boundary: POLYGON((-121.746 39.8003,-121.746 39.8048,-121.746 39.8093,-121.746 39.8138,-121.74 39.8228,-121.734 39.8228,-121.728 39.8228,-121.723 39.8228,-121.693 39.8183,-121.687 39.8183,-121.682 39.8183,-121.676 39.8183,-121.658 39.8138,-121.658 39.8093,-121.658 39.8048,-121.658 39.8003,-121.658 39.7958,-121.664 39.7913,-121.67 39.7913,-121.676 39.7913,-121.682 39.7913,-121.711 39.7913,-121.717 39.7913,-121.728 39.7958,-121.746 39.8003))
201811110426,5,2,
Pattern Matcher : 131
201811110412,6,2,201811110427,5,2,
Pattern Matcher : 132
201811110412,6,2,201811110430,5,2,
Pattern Matcher : 133
201811110514,6,2,201811110533,5,2,
Pattern Matcher : 134
201811110517,6,2,201811110533,5,2,
Pattern Matcher : 135
201811110514,6,2,201811110534,5,2,
Pattern Matcher : 136
201811110517,6,2,201811110534,5,2,
Pattern Matcher : 137
201811110514,6,2,
boundary: POLYGON((-121.682 39.7643,-121.687 39.7643,-121.693 39.7643,-121.705 39.7688,-121.711 39.7733,-121.746 39.8003,-121.746 39.8138,-121.74 39.8228,-121.734 39.8228,-121.728 39.8228,-121.723 39.8228,-121.693 39.8183,-121.687 39.8183,-121.682 39.8183,-121.676 39.8183,-121.658 39.8138,-121.658 39.8093,-121.658 39.8048,-121.658 39.8003,-121.658 39.7958,-121.67 39.7688,-121.676 39.7643,-121.682 39.7643))
201811110537,5,2,
Pattern Matcher : 138
201811110517,6,2,201811110537,5,2,
Pattern Matcher : 139
201811110514,6,2,201811110538,5,2,
Pattern Matcher : 140
201811110517,6,2,201811110538,5,2,
Pattern Matcher : 141
201811110614,6,2,201811110640,5,2,
Pattern Matcher : 142
201811110614,6,2,201811110643,5,2,
Pattern Matcher : 143
201811110614,6,2,201811110646,5,2,
Pattern Matcher : 144
201811110614,6,2,201811110649,5,2,
Pattern Matcher : 145
201811110614,6,2,201811110650,5,2,
Pattern Matcher : 146
201811110614,6,2,201811110651,5,2,
Pattern Matcher : 147
201811110614,6,2,201811110654,5,2,
Pattern Matcher : 148
201811110614,6,2,201811110657,5,2,
Pattern Matcher : 149
201811110713,6,2,201811110728,5,2,
Pattern Matcher : 150
201811110714,6,2,201811110728,5,2,
Pattern Matcher : 151
201811110715,6,2,201811110728,5,2,
Pattern Matcher : 152
201811110713,6,2,201811110729,5,2,
Pattern Matcher : 153
201811110714,6,2,201811110729,5,2,
Pattern Matcher : 154
201811110715,6,2,201811110729,5,2,
Pattern Matcher : 155
201811110713,6,2,201811110730,5,2,
Pattern Matcher : 156
201811110714,6,2,201811110730,5,2,
Pattern Matcher : 157
201811110715,6,2,201811110730,5,2,
Pattern Matcher : 158
201811110713,6,2,201811110733,5,2,
Pattern Matcher : 159
201811110714,6,2,201811110733,5,2,
Pattern Matcher : 160
201811110715,6,2,201811110733,5,2,
Pattern Matcher : 161
201811110713,6,2,
boundary: POLYGON((-121.524 39.6742,-121.524 39.6787,-121.524 39.6832,-121.524 39.6877,-121.524 39.6922,-121.518 39.6967,-121.512 39.6967,-121.495 39.6922,-121.483 39.6877,-121.483 39.6832,-121.483 39.6787,-121.489 39.6697,-121.495 39.6652,-121.501 39.6652,-121.512 39.6697,-121.524 39.6742))
201811110735,5,2,
Pattern Matcher : 162
201811110714,6,2,201811110735,5,2,
Pattern Matcher : 163
201811110715,6,2,201811110735,5,2,
Pattern Matcher : 164
201811110713,6,2,201811110737,5,2,
Pattern Matcher : 165
201811110714,6,2,201811110737,5,2,
Pattern Matcher : 166
201811110715,6,2,201811110737,5,2,
Pattern Matcher : 167
201811110814,6,2,201811110833,5,2,
Pattern Matcher : 168
201811110816,6,2,201811110833,5,2,
Pattern Matcher : 169
201811110814,6,2,201811110836,5,2,
Pattern Matcher : 170
201811110816,6,2,201811110836,5,2,
Pattern Matcher : 171
201811110814,6,2,201811110839,5,2,
Pattern Matcher : 172
201811110816,6,2,201811110839,5,2,
Pattern Matcher : 173
201811110814,6,2,201811110842,5,2,
Pattern Matcher : 174
201811110816,6,2,201811110842,5,2,
Pattern Matcher : 175
201811110814,6,2,201811110843,5,2,
Pattern Matcher : 176
201811110816,6,2,201811110843,5,2,
Pattern Matcher : 177
201811110814,6,2,
boundary: POLYGON((-121.527 39.6686,-121.524 39.6742,-121.524 39.6787,-121.524 39.6832,-121.524 39.6877,-121.524 39.6922,-121.518 39.6967,-121.512 39.6967,-121.495 39.6922,-121.483 39.6877,-121.483 39.6832,-121.483 39.6787,-121.489 39.6697,-121.495 39.6652,-121.501 39.6652,-121.527 39.6686))
201811110844,5,2,
Pattern Matcher : 178
201811110816,6,2,201811110844,5,2,
Pattern Matcher : 179
201811110814,6,2,201811110847,5,2,
Pattern Matcher : 180
201811110816,6,2,201811110847,5,2,
Pattern Matcher : 181
201811110918,6,2,201811110938,5,2,
Pattern Matcher : 182
201811110921,6,2,201811110938,5,2,
Pattern Matcher : 183
201811110918,6,2,201811110941,5,2,
Pattern Matcher : 184
201811110921,6,2,201811110941,5,2,
Pattern Matcher : 185
201811110918,6,2,201811110942,5,2,
Pattern Matcher : 186
201811110921,6,2,201811110942,5,2,
Pattern Matcher : 187
201811110918,6,2,201811110944,5,2,
Pattern Matcher : 188
201811110921,6,2,201811110944,5,2,
Pattern Matcher : 189
201811110918,6,2,
boundary: POLYGON((-121.524 39.6742,-121.524 39.6787,-121.524 39.6832,-121.524 39.6877,-121.524 39.6922,-121.518 39.6967,-121.512 39.6967,-121.495 39.6922,-121.483 39.6877,-121.483 39.6832,-121.483 39.6787,-121.489 39.6697,-121.495 39.6652,-121.501 39.6652,-121.512 39.6697,-121.524 39.6742))
201811110946,5,2,
Pattern Matcher : 190
201811110921,6,2,201811110946,5,2,
Pattern Matcher : 191
201811111017,6,2,201811111029,5,2,
Pattern Matcher : 192
201811111018,6,2,201811111029,5,2,
Pattern Matcher : 193
201811111019,6,2,201811111029,5,2,
Pattern Matcher : 194
201811111017,6,2,201811111032,5,2,
Pattern Matcher : 195
201811111018,6,2,201811111032,5,2,
Pattern Matcher : 196
201811111019,6,2,201811111032,5,2,
Pattern Matcher : 197
201811111017,6,2,201811111033,5,2,
Pattern Matcher : 198
201811111018,6,2,201811111033,5,2,
Pattern Matcher : 199
201811111019,6,2,201811111033,5,2,
Pattern Matcher : 200
201811111017,6,2,201811111035,5,2,
Pattern Matcher : 201
201811111018,6,2,201811111035,5,2,
Pattern Matcher : 202
201811111019,6,2,201811111035,5,2,
Pattern Matcher : 203
201811111017,6,2,
boundary: POLYGON((-121.495 39.6652,-121.501 39.6652,-121.512 39.6697,-121.524 39.6742,-121.524 39.6787,-121.524 39.6832,-121.524 39.6877,-121.524 39.6922,-121.518 39.6967,-121.512 39.6967,-121.495 39.6922,-121.483 39.6877,-121.483 39.6832,-121.483 39.6787,-121.489 39.6697,-121.495 39.6652))
201811111038,5,2,
Pattern Matcher : 204
201811111018,6,2,201811111038,5,2,
Pattern Matcher : 205
201811111019,6,2,201811111038,5,2,
Pattern Matcher : 206
201811111116,6,2,201811111138,5,2,
Pattern Matcher : 207
201811111118,6,2,201811111138,5,2,
Pattern Matcher : 208
201811111116,6,2,201811111139,5,2,
Pattern Matcher : 209
201811111118,6,2,201811111139,5,2,
Pattern Matcher : 210
201811111116,6,2,201811111140,5,2,
Pattern Matcher : 211
201811111118,6,2,201811111140,5,2,
Pattern Matcher : 212
201811111213,6,2,201811111231,5,2,
Pattern Matcher : 213
201811111215,6,2,201811111231,5,2,
Pattern Matcher : 214
201811111213,6,2,201811111233,5,2,
Pattern Matcher : 215
201811111215,6,2,201811111233,5,2,
Pattern Matcher : 216
201811111213,6,2,201811111234,5,2,
Pattern Matcher : 217
201811111215,6,2,201811111234,5,2,
Pattern Matcher : 218
201811111308,6,2,201811111328,5,2,
Pattern Matcher : 219
201811111308,6,2,201811111329,5,2,
Pattern Matcher : 220
201811111415,6,2,201811111441,5,2,
Pattern Matcher : 221
201811111548,6,2,201811111559,5,2,
Pattern Matcher : 222
201811111613,6,2,201811111625,5,2,
Pattern Matcher : 223
201811111613,6,2,
boundary: POLYGON((-121.524 39.6742,-121.524 39.6832,-121.524 39.6877,-121.524 39.6922,-121.518 39.6967,-121.512 39.6967,-121.495 39.6922,-121.483 39.6877,-121.483 39.6832,-121.483 39.6787,-121.478 39.6652,-121.495 39.6652,-121.501 39.6652,-121.512 39.6697,-121.524 39.6742))
201811111628,5,2,
Pattern Matcher : 224
201811111613,6,2,201811111630,5,2,
Pattern Matcher : 225
201811111613,6,2,201811111631,5,2,
Pattern Matcher : 226
201811111613,6,2,201811111634,5,2,
Pattern Matcher : 227
201811111810,6,2,
boundary: POLYGON((-121.528 39.6438,-121.489 39.6652,-121.483 39.6652,-121.477 39.6652,-121.472 39.6652,-121.46 39.6606,-121.454 39.6561,-121.454 39.6516,-121.454 39.6471,-121.454 39.6426,-121.46 39.6381,-121.466 39.6382,-121.472 39.6382,-121.477 39.6382,-121.507 39.6382,-121.512 39.6382,-121.524 39.6427,-121.528 39.6438))
201811111822,5,2,
Pattern Matcher : 228
201811111915,6,2,
boundary: POLYGON((-121.442 39.6651,-121.448 39.6606,-121.454 39.6606,-121.466 39.6652,-121.495 39.6652,-121.501 39.6652,-121.536 39.6697,-121.542 39.6698,-121.547 39.6698,-121.565 39.6743,-121.571 39.6788,-121.571 39.6833,-121.571 39.6878,-121.571 39.6923,-121.571 39.6968,-121.559 39.7013,-121.542 39.6968,-121.518 39.6967,-121.512 39.6967,-121.495 39.6922,-121.472 39.6922,-121.466 39.6922,-121.46 39.6921,-121.448 39.6876,-121.437 39.6831,-121.442 39.6651))
201811111932,5,2,
Pattern Matcher : 229
201811111916,6,2,
boundary: POLYGON((-121.378 39.7955,-121.384 39.791,-121.395 39.7955,-121.43 39.7956,-121.442 39.8001,-121.46 39.8046,-121.483 39.8317,-121.489 39.8362,-121.489 39.8407,-121.489 39.8452,-121.489 39.8497,-121.489 39.8542,-121.477 39.8812,-121.465 39.8856,-121.448 39.8811,-121.436 39.8766,-121.413 39.8496,-121.407 39.845,-121.378 39.818,-121.372 39.8135,-121.372 39.809,-121.372 39.8045,-121.372 39.8,-121.378 39.7955))
201811111932,5,2,
Pattern Matcher : 230
201811111919,6,2,
boundary: POLYGON((-121.658 39.7958,-121.664 39.7913,-121.67 39.7913,-121.676 39.7913,-121.682 39.7913,-121.699 39.7958,-121.699 39.8003,-121.699 39.8048,-121.699 39.8093,-121.699 39.8138,-121.693 39.8183,-121.687 39.8183,-121.682 39.8183,-121.676 39.8183,-121.658 39.8138,-121.658 39.8093,-121.658 39.8048,-121.658 39.8003,-121.658 39.7958))
201811111932,5,2,
Pattern Matcher : 231
201811111915,6,2,201811111934,5,2,
Pattern Matcher : 232
201811111916,6,2,201811111934,5,2,
Pattern Matcher : 233
201811111919,6,2,201811111934,5,2,
Pattern Matcher : 234
201811112015,6,2,
boundary: POLYGON((-121.454 39.6426,-121.46 39.6381,-121.466 39.6382,-121.472 39.6382,-121.477 39.6382,-121.507 39.6382,-121.512 39.6382,-121.524 39.6427,-121.542 39.6473,-121.565 39.6743,-121.571 39.6788,-121.571 39.6833,-121.571 39.6878,-121.571 39.6923,-121.571 39.6968,-121.559 39.7148,-121.553 39.7238,-121.547 39.7283,-121.53 39.7237,-121.518 39.7192,-121.472 39.6922,-121.466 39.6922,-121.46 39.6921,-121.448 39.6876,-121.437 39.6831,-121.442 39.6651,-121.454 39.6426))
201811112032,5,2,
Pattern Matcher : 235
201811112018,6,2,
boundary: POLYGON((-121.407 39.827,-121.413 39.8226,-121.419 39.8226,-121.436 39.8271,-121.459 39.8271,-121.465 39.8272,-121.483 39.8317,-121.489 39.8362,-121.489 39.8407,-121.489 39.8452,-121.489 39.8497,-121.489 39.8542,-121.483 39.8587,-121.477 39.8587,-121.459 39.8541,-121.436 39.8541,-121.43 39.8541,-121.413 39.8496,-121.407 39.845,-121.407 39.8405,-121.407 39.836,-121.407 39.8315,-121.407 39.827))
201811112032,5,2,
Pattern Matcher : 236
201811112115,6,2,
boundary: POLYGON((-121.454 39.6426,-121.46 39.6381,-121.466 39.6382,-121.472 39.6382,-121.477 39.6382,-121.495 39.6427,-121.542 39.6698,-121.547 39.6698,-121.565 39.6743,-121.571 39.6788,-121.571 39.6833,-121.571 39.6878,-121.571 39.6923,-121.571 39.6968,-121.559 39.7013,-121.512 39.7192,-121.501 39.7237,-121.483 39.7192,-121.471 39.7147,-121.437 39.6831,-121.442 39.6651,-121.454 39.6426))
201811112130,5,2,
Pattern Matcher : 237
201811112116,6,2,
boundary: POLYGON((-121.407 39.827,-121.413 39.8226,-121.419 39.8226,-121.436 39.8271,-121.459 39.8271,-121.465 39.8272,-121.483 39.8317,-121.489 39.8362,-121.489 39.8407,-121.489 39.8452,-121.489 39.8497,-121.489 39.8542,-121.483 39.8587,-121.477 39.8587,-121.459 39.8541,-121.436 39.8541,-121.43 39.8541,-121.413 39.8496,-121.407 39.845,-121.407 39.8405,-121.407 39.836,-121.407 39.8315,-121.407 39.827))
201811112130,5,2,
Pattern Matcher : 238
201811112237,6,2,
boundary: POLYGON((-121.454 39.6426,-121.46 39.6381,-121.466 39.6382,-121.472 39.6382,-121.477 39.6382,-121.507 39.6382,-121.512 39.6382,-121.524 39.6427,-121.542 39.6473,-121.565 39.6743,-121.571 39.6788,-121.571 39.6833,-121.571 39.6878,-121.571 39.6923,-121.571 39.6968,-121.559 39.7148,-121.553 39.7238,-121.547 39.7283,-121.53 39.7237,-121.471 39.7777,-121.471 39.7822,-121.471 39.7867,-121.471 39.7912,-121.471 39.7957,-121.465 39.8002,-121.448 39.8361,-121.448 39.8406,-121.442 39.8496,-121.436 39.8541,-121.43 39.8541,-121.413 39.8496,-121.407 39.845,-121.407 39.8405,-121.407 39.836,-121.407 39.8315,-121.407 39.827,-121.413 39.8226,-121.43 39.7866,-121.43 39.7821,-121.43 39.7776,-121.436 39.7731,-121.442 39.7686,-121.437 39.6831,-121.442 39.6651,-121.454 39.6426))
201811112252,5,2,
Pattern Matcher : 239
201811112344,6,2,
boundary: POLYGON((-121.454 39.6426,-121.46 39.6381,-121.466 39.6382,-121.472 39.6382,-121.477 39.6382,-121.507 39.6382,-121.512 39.6382,-121.524 39.6427,-121.542 39.6473,-121.565 39.6743,-121.571 39.6788,-121.571 39.6833,-121.571 39.6878,-121.571 39.6923,-121.571 39.6968,-121.559 39.7148,-121.617 39.7868,-121.623 39.7868,-121.629 39.7868,-121.635 39.7868,-121.647 39.7913,-121.652 39.7958,-121.688 39.8228,-121.688 39.8273,-121.688 39.8318,-121.682 39.8453,-121.676 39.8453,-121.67 39.8453,-121.664 39.8453,-121.652 39.8408,-121.647 39.8363,-121.612 39.8093,-121.612 39.8048,-121.612 39.8003,-121.612 39.7958,-121.612 39.7913,-121.547 39.7283,-121.53 39.7237,-121.518 39.7192,-121.472 39.6922,-121.466 39.6922,-121.46 39.6921,-121.448 39.6876,-121.437 39.6831,-121.442 39.6651,-121.454 39.6426))
201811112358,5,2,
Pattern Matcher : 240
201811112345,6,2,
boundary: POLYGON((-121.407 39.827,-121.413 39.8226,-121.419 39.8226,-121.436 39.8271,-121.448 39.8316,-121.448 39.8361,-121.448 39.8406,-121.442 39.8496,-121.436 39.8541,-121.43 39.8541,-121.413 39.8496,-121.407 39.845,-121.407 39.8405,-121.407 39.836,-121.407 39.8315,-121.407 39.827))
201811112358,5,2,
Pattern Matcher : 241
201811120039,6,2,
boundary: POLYGON((-121.454 39.6426,-121.46 39.6381,-121.466 39.6382,-121.472 39.6382,-121.477 39.6382,-121.507 39.6382,-121.512 39.6382,-121.524 39.6427,-121.542 39.6473,-121.565 39.6743,-121.571 39.6788,-121.571 39.6833,-121.571 39.6878,-121.571 39.6923,-121.571 39.6968,-121.559 39.7013,-121.542 39.6968,-121.518 39.6967,-121.512 39.6967,-121.495 39.6922,-121.472 39.6922,-121.466 39.6922,-121.46 39.6921,-121.448 39.6876,-121.437 39.6831,-121.442 39.6651,-121.454 39.6426))
201811120055,5,2,
Pattern Matcher : 242
201811120042,6,2,
boundary: POLYGON((-121.682 39.7913,-121.699 39.7958,-121.699 39.8003,-121.699 39.8048,-121.699 39.8093,-121.699 39.8138,-121.693 39.8183,-121.687 39.8183,-121.682 39.8183,-121.676 39.8183,-121.658 39.8138,-121.658 39.8093,-121.658 39.8048,-121.658 39.8003,-121.658 39.7958,-121.664 39.7913,-121.67 39.7913,-121.676 39.7913,-121.682 39.7913))
201811120055,5,2,
Pattern Matcher : 243
201811120113,6,2,
boundary: POLYGON((-121.466 39.6157,-121.472 39.6112,-121.478 39.6112,-121.483 39.6112,-121.489 39.6112,-121.524 39.6112,-121.536 39.6157,-121.553 39.6203,-121.582 39.6518,-121.612 39.6788,-121.617 39.6833,-121.617 39.6878,-121.617 39.6923,-121.612 39.7013,-121.606 39.7058,-121.588 39.7013,-121.559 39.7013,-121.542 39.6968,-121.518 39.6967,-121.512 39.6967,-121.495 39.6922,-121.472 39.6922,-121.466 39.6922,-121.46 39.6921,-121.448 39.6876,-121.437 39.6831,-121.442 39.6651,-121.454 39.6426,-121.466 39.6157))
201811120124,5,2,
Pattern Matcher : 244
201811120114,6,2,
boundary: POLYGON((-121.483 39.8587,-121.477 39.8587,-121.459 39.8541,-121.436 39.8541,-121.43 39.8541,-121.413 39.8496,-121.407 39.845,-121.378 39.818,-121.372 39.8135,-121.372 39.809,-121.372 39.8045,-121.372 39.8,-121.378 39.7955,-121.384 39.791,-121.395 39.7955,-121.43 39.7956,-121.442 39.8001,-121.46 39.8046,-121.483 39.8317,-121.489 39.8362,-121.489 39.8407,-121.489 39.8452,-121.489 39.8497,-121.489 39.8542,-121.483 39.8587))
201811120124,5,2,
Pattern Matcher : 245
201811120116,6,2,
boundary: POLYGON((-121.658 39.7958,-121.664 39.7913,-121.67 39.7913,-121.676 39.7913,-121.682 39.7913,-121.699 39.7958,-121.699 39.8003,-121.699 39.8048,-121.699 39.8093,-121.699 39.8138,-121.693 39.8183,-121.687 39.8183,-121.682 39.8183,-121.676 39.8183,-121.658 39.8138,-121.658 39.8093,-121.658 39.8048,-121.658 39.8003,-121.658 39.7958))
201811120124,5,2,
Pattern Matcher : 246
201811120213,6,2,
boundary: POLYGON((-121.425 39.6111,-121.431 39.6066,-121.437 39.6066,-121.443 39.6066,-121.472 39.6112,-121.478 39.6112,-121.483 39.6112,-121.489 39.6112,-121.501 39.6157,-121.507 39.6202,-121.553 39.6428,-121.559 39.6428,-121.571 39.6473,-121.582 39.6518,-121.612 39.6788,-121.617 39.6833,-121.617 39.6878,-121.617 39.6923,-121.612 39.7013,-121.606 39.7058,-121.588 39.7013,-121.559 39.7013,-121.542 39.6968,-121.518 39.6967,-121.512 39.6967,-121.495 39.6922,-121.483 39.6877,-121.46 39.6606,-121.454 39.6561,-121.419 39.6291,-121.419 39.6246,-121.425 39.6111))
201811120232,5,2,
Pattern Matcher : 247
201811120216,6,2,
boundary: POLYGON((-121.442 39.8496,-121.436 39.8541,-121.43 39.8541,-121.413 39.8496,-121.407 39.845,-121.378 39.818,-121.372 39.8135,-121.372 39.809,-121.372 39.8045,-121.372 39.8,-121.378 39.7955,-121.384 39.791,-121.395 39.7955,-121.413 39.8001,-121.436 39.8271,-121.448 39.8316,-121.448 39.8361,-121.448 39.8406,-121.442 39.8496))
201811120232,5,2,
Pattern Matcher : 248
201811120219,6,2,
boundary: POLYGON((-121.682 39.7913,-121.699 39.7958,-121.734 39.8273,-121.728 39.8453,-121.723 39.8498,-121.717 39.8498,-121.711 39.8498,-121.699 39.8453,-121.688 39.8408,-121.658 39.8138,-121.658 39.8093,-121.658 39.8048,-121.658 39.8003,-121.658 39.7958,-121.664 39.7913,-121.67 39.7913,-121.676 39.7913,-121.682 39.7913))
201811120232,5,2,
Pattern Matcher : 249
201811120213,6,2,201811120233,5,2,
Pattern Matcher : 250
201811120216,6,2,201811120233,5,2,
Pattern Matcher : 251
201811120219,6,2,201811120233,5,2,
Pattern Matcher : 252
201811120213,6,2,201811120236,5,2,
Pattern Matcher : 253
201811120216,6,2,201811120236,5,2,
Pattern Matcher : 254
201811120219,6,2,201811120236,5,2,
Pattern Matcher : 255
201811120313,6,2,
boundary: POLYGON((-121.425 39.6111,-121.431 39.6066,-121.437 39.6066,-121.443 39.6066,-121.472 39.6112,-121.478 39.6112,-121.483 39.6112,-121.489 39.6112,-121.501 39.6157,-121.507 39.6202,-121.553 39.6428,-121.559 39.6428,-121.571 39.6473,-121.582 39.6518,-121.582 39.6563,-121.582 39.6608,-121.582 39.6653,-121.582 39.6698,-121.571 39.6968,-121.559 39.7013,-121.542 39.6968,-121.518 39.6967,-121.512 39.6967,-121.495 39.6922,-121.483 39.6877,-121.46 39.6606,-121.454 39.6561,-121.419 39.6291,-121.419 39.6246,-121.425 39.6111))
201811120339,5,2,
Pattern Matcher : 256
201811120316,6,2,
boundary: POLYGON((-121.682 39.7913,-121.699 39.7958,-121.699 39.8003,-121.699 39.8048,-121.699 39.8093,-121.699 39.8138,-121.693 39.8183,-121.687 39.8183,-121.682 39.8183,-121.676 39.8183,-121.658 39.8138,-121.658 39.8093,-121.658 39.8048,-121.658 39.8003,-121.658 39.7958,-121.664 39.7913,-121.67 39.7913,-121.676 39.7913,-121.682 39.7913))
201811120339,5,2,
Pattern Matcher : 257
201811120317,6,2,201811120339,5,2,
Pattern Matcher : 258
201811120313,6,2,201811120340,5,2,
Pattern Matcher : 259
201811120316,6,2,201811120340,5,2,
Pattern Matcher : 260
201811120317,6,2,201811120340,5,2,
Pattern Matcher : 261
201811120411,6,2,201811120432,5,2,
Pattern Matcher : 262
201811120414,6,2,201811120432,5,2,
Pattern Matcher : 263
201811120411,6,2,201811120433,5,2,
Pattern Matcher : 264
201811120414,6,2,201811120433,5,2,
Pattern Matcher : 265
201811120411,6,2,
boundary: POLYGON((-121.582 39.6518,-121.582 39.6563,-121.582 39.6608,-121.582 39.6653,-121.582 39.6698,-121.577 39.6743,-121.571 39.6743,-121.524 39.6922,-121.518 39.6967,-121.512 39.6967,-121.495 39.6922,-121.483 39.6877,-121.46 39.6606,-121.454 39.6561,-121.454 39.6516,-121.454 39.6471,-121.454 39.6426,-121.466 39.6157,-121.472 39.6112,-121.478 39.6112,-121.483 39.6112,-121.489 39.6112,-121.501 39.6157,-121.507 39.6202,-121.553 39.6428,-121.559 39.6428,-121.571 39.6473,-121.582 39.6518))
201811120435,5,2,
Pattern Matcher : 266
201811120414,6,2,201811120435,5,2,
Pattern Matcher : 267
201811120514,6,2,201811120545,5,2,
Pattern Matcher : 268
201811120516,6,2,201811120545,5,2,
Pattern Matcher : 269
201811120514,6,2,
boundary: POLYGON((-121.472 39.6112,-121.478 39.6112,-121.483 39.6112,-121.489 39.6112,-121.501 39.6157,-121.507 39.6202,-121.542 39.6473,-121.542 39.6518,-121.536 39.6652,-121.53 39.6697,-121.524 39.6697,-121.518 39.6697,-121.489 39.6652,-121.483 39.6652,-121.477 39.6652,-121.472 39.6652,-121.46 39.6606,-121.454 39.6561,-121.454 39.6516,-121.454 39.6471,-121.454 39.6426,-121.466 39.6157,-121.472 39.6112))
201811120547,5,2,
Pattern Matcher : 270
201811120516,6,2,201811120547,5,2,
Pattern Matcher : 271
201811120618,6,2,201811120641,5,2,
Pattern Matcher : 272
201811120619,6,2,201811120641,5,2,
Pattern Matcher : 273
201811120618,6,2,201811120643,5,2,
Pattern Matcher : 274
201811120619,6,2,201811120643,5,2,
Pattern Matcher : 275
201811120618,6,2,201811120645,5,2,
Pattern Matcher : 276
201811120619,6,2,201811120645,5,2,
Pattern Matcher : 277
201811120618,6,2,
boundary: POLYGON((-121.46 39.6381,-121.466 39.6382,-121.472 39.6382,-121.477 39.6382,-121.507 39.6382,-121.512 39.6382,-121.524 39.6427,-121.542 39.6473,-121.542 39.6518,-121.536 39.6652,-121.53 39.6697,-121.524 39.6697,-121.518 39.6697,-121.489 39.6652,-121.483 39.6652,-121.477 39.6652,-121.472 39.6652,-121.46 39.6606,-121.454 39.6561,-121.454 39.6516,-121.454 39.6471,-121.454 39.6426,-121.46 39.6381))
201811120648,5,2,
Pattern Matcher : 278
201811120619,6,2,201811120648,5,2,
Pattern Matcher : 279
201811120714,6,2,201811120749,5,2,
Pattern Matcher : 280
201811120717,6,2,201811120749,5,2,
Pattern Matcher : 281
201811120714,6,2,201811120750,5,2,
Pattern Matcher : 282
201811120717,6,2,201811120750,5,2,
Pattern Matcher : 283
201811120714,6,2,
boundary: POLYGON((-121.54 39.845,-121.565 39.8678,-121.571 39.8723,-121.571 39.8768,-121.565 39.8903,-121.559 39.8903,-121.553 39.8903,-121.547 39.8902,-121.53 39.8857,-121.53 39.8812,-121.53 39.8767,-121.53 39.8722,-121.53 39.8677,-121.53 39.8632,-121.54 39.845))
201811120752,5,2,
Pattern Matcher : 284
201811120717,6,2,
boundary: POLYGON((-121.501 39.6427,-121.507 39.6382,-121.512 39.6382,-121.524 39.6427,-121.542 39.6473,-121.542 39.6518,-121.536 39.6652,-121.53 39.6697,-121.524 39.6697,-121.518 39.6697,-121.507 39.6652,-121.495 39.6607,-121.501 39.6427))
201811120752,5,2,
Pattern Matcher : 285
201811120714,6,2,201811120755,5,2,
Pattern Matcher : 286
201811120717,6,2,201811120755,5,2,
Pattern Matcher : 287
201811120815,6,2,201811120846,5,2,
Pattern Matcher : 288
201811120818,6,2,201811120846,5,2,
Pattern Matcher : 289
201811120815,6,2,201811120848,5,2,
Pattern Matcher : 290
201811120818,6,2,201811120848,5,2,
Pattern Matcher : 291
201811120815,6,2,
boundary: POLYGON((-121.501 39.6427,-121.507 39.6382,-121.512 39.6382,-121.524 39.6427,-121.542 39.6473,-121.542 39.6518,-121.536 39.6652,-121.53 39.6697,-121.524 39.6697,-121.518 39.6697,-121.507 39.6652,-121.495 39.6607,-121.501 39.6427))
201811120851,5,2,
Pattern Matcher : 292
201811120818,6,2,
boundary: POLYGON((-121.555 39.8589,-121.565 39.8678,-121.571 39.8723,-121.571 39.8768,-121.565 39.8903,-121.559 39.8903,-121.553 39.8903,-121.547 39.8902,-121.53 39.8857,-121.53 39.8812,-121.53 39.8767,-121.53 39.8722,-121.53 39.8677,-121.53 39.8632,-121.535 39.8632,-121.541 39.8632,-121.547 39.8633,-121.555 39.8589))
201811120851,5,2,
Pattern Matcher : 293
201811120916,6,2,201811120951,5,2,
Pattern Matcher : 294
201811120918,6,2,201811120951,5,2,
Pattern Matcher : 295
201811120921,6,2,201811120951,5,2,
Pattern Matcher : 296
201811120916,6,2,
boundary: POLYGON((-121.472 39.6112,-121.478 39.6112,-121.483 39.6112,-121.489 39.6112,-121.501 39.6157,-121.507 39.6202,-121.553 39.6428,-121.559 39.6428,-121.571 39.6473,-121.582 39.6518,-121.582 39.6563,-121.582 39.6608,-121.582 39.6653,-121.582 39.6698,-121.577 39.6743,-121.571 39.6743,-121.553 39.6698,-121.53 39.6697,-121.524 39.6697,-121.518 39.6697,-121.489 39.6652,-121.483 39.6652,-121.477 39.6652,-121.472 39.6652,-121.46 39.6606,-121.454 39.6561,-121.454 39.6516,-121.454 39.6471,-121.454 39.6426,-121.466 39.6157,-121.472 39.6112))
201811120952,5,2,
Pattern Matcher : 297
201811120918,6,2,201811120952,5,2,
Pattern Matcher : 298
201811120921,6,2,
boundary: POLYGON((-121.53 39.8632,-121.535 39.8632,-121.541 39.8632,-121.547 39.8633,-121.553 39.8633,-121.565 39.8678,-121.571 39.8723,-121.571 39.8768,-121.565 39.8903,-121.559 39.8903,-121.553 39.8903,-121.547 39.8902,-121.53 39.8857,-121.53 39.8812,-121.53 39.8767,-121.53 39.8722,-121.53 39.8677,-121.53 39.8632))
201811120952,5,2,
Pattern Matcher : 299
201811121013,6,2,201811121040,5,2,
Pattern Matcher : 300
201811121016,6,2,201811121040,5,2,
Pattern Matcher : 301
201811121013,6,2,
boundary: POLYGON((-121.472 39.6112,-121.478 39.6112,-121.483 39.6112,-121.489 39.6112,-121.501 39.6157,-121.507 39.6202,-121.553 39.6428,-121.559 39.6428,-121.571 39.6473,-121.582 39.6518,-121.582 39.6563,-121.582 39.6608,-121.582 39.6653,-121.582 39.6698,-121.577 39.6743,-121.571 39.6743,-121.553 39.6698,-121.53 39.6697,-121.524 39.6697,-121.518 39.6697,-121.507 39.6652,-121.495 39.6607,-121.466 39.6337,-121.466 39.6292,-121.466 39.6247,-121.466 39.6202,-121.466 39.6157,-121.472 39.6112))
201811121041,5,2,
Pattern Matcher : 302
201811121016,6,2,
boundary: POLYGON((-121.53 39.8632,-121.535 39.8632,-121.541 39.8632,-121.547 39.8633,-121.553 39.8633,-121.565 39.8678,-121.571 39.8723,-121.571 39.8768,-121.565 39.8903,-121.559 39.8903,-121.553 39.8903,-121.547 39.8902,-121.53 39.8857,-121.53 39.8812,-121.53 39.8767,-121.53 39.8722,-121.53 39.8677,-121.53 39.8632))
201811121041,5,2,
Pattern Matcher : 303
201811121111,6,2,
boundary: POLYGON((-121.553 39.6428,-121.559 39.6428,-121.571 39.6473,-121.582 39.6518,-121.582 39.6563,-121.582 39.6608,-121.582 39.6653,-121.582 39.6698,-121.577 39.6743,-121.571 39.6743,-121.553 39.6698,-121.53 39.6697,-121.524 39.6697,-121.518 39.6697,-121.489 39.6652,-121.483 39.6652,-121.477 39.6652,-121.472 39.6652,-121.46 39.6606,-121.454 39.6561,-121.454 39.6516,-121.454 39.6471,-121.454 39.6426,-121.46 39.6381,-121.466 39.6382,-121.472 39.6382,-121.477 39.6382,-121.507 39.6382,-121.512 39.6382,-121.524 39.6427,-121.553 39.6428))
201811121144,5,2,
Pattern Matcher : 304
201811121112,6,2,
boundary: POLYGON((-121.664 39.7913,-121.67 39.7913,-121.676 39.7913,-121.682 39.7913,-121.699 39.7958,-121.699 39.8003,-121.699 39.8048,-121.699 39.8093,-121.699 39.8138,-121.688 39.8318,-121.682 39.8453,-121.676 39.8453,-121.67 39.8453,-121.664 39.8453,-121.635 39.8408,-121.629 39.8408,-121.623 39.8408,-121.617 39.8408,-121.588 39.8633,-121.588 39.8588,-121.588 39.8543,-121.588 39.8498,-121.588 39.8453,-121.588 39.8408,-121.6 39.8183,-121.606 39.8138,-121.612 39.8138,-121.617 39.8138,-121.658 39.7958,-121.664 39.7913))
201811121144,5,2,
Pattern Matcher : 305
201811121218,6,2,
boundary: POLYGON((-121.542 39.6473,-121.542 39.6518,-121.536 39.6652,-121.53 39.6697,-121.524 39.6697,-121.518 39.6697,-121.507 39.6652,-121.495 39.6607,-121.501 39.6427,-121.507 39.6382,-121.512 39.6382,-121.524 39.6427,-121.542 39.6473))
201811121259,5,2,
Pattern Matcher : 306
201811121221,6,2,
boundary: POLYGON((-121.682 39.8183,-121.682 39.8183,-121.676 39.8183,-121.658 39.8138,-121.658 39.8093,-121.658 39.8048,-121.658 39.8003,-121.658 39.8003,-121.682 39.8183))
201811121259,5,2,
Pattern Matcher : 307
201811121222,6,2,201811121259,5,2,
Pattern Matcher : 308
201811121309,6,2,
boundary: POLYGON((-121.542 39.6473,-121.542 39.6518,-121.536 39.6652,-121.53 39.6697,-121.524 39.6697,-121.518 39.6697,-121.507 39.6652,-121.495 39.6607,-121.501 39.6427,-121.507 39.6382,-121.512 39.6382,-121.524 39.6427,-121.542 39.6473))
201811121343,5,2,
Pattern Matcher : 309
201811121312,6,2,201811121343,5,2,
Pattern Matcher : 310
201811121414,6,2,
boundary: POLYGON((-121.472 39.6112,-121.478 39.6112,-121.483 39.6112,-121.489 39.6112,-121.501 39.6157,-121.507 39.6202,-121.542 39.6473,-121.542 39.6518,-121.536 39.6652,-121.53 39.6697,-121.524 39.6697,-121.518 39.6697,-121.489 39.6652,-121.483 39.6652,-121.477 39.6652,-121.472 39.6652,-121.46 39.6606,-121.454 39.6561,-121.454 39.6426,-121.466 39.6157,-121.472 39.6112))
201811121457,5,2,
Pattern Matcher : 311
201811121415,6,2,201811121457,5,2,
Pattern Matcher : 312
201811121608,6,2,201811121642,5,2,
Pattern Matcher : 313
201811121610,6,2,201811121642,5,2,
Pattern Matcher : 314
201811121608,6,2,
boundary: POLYGON((-121.466 39.6157,-121.472 39.6112,-121.478 39.6112,-121.483 39.6112,-121.489 39.6112,-121.501 39.6157,-121.507 39.6202,-121.542 39.6473,-121.542 39.6518,-121.536 39.6652,-121.53 39.6697,-121.524 39.6697,-121.518 39.6697,-121.507 39.6652,-121.495 39.6607,-121.466 39.6337,-121.466 39.6292,-121.466 39.6247,-121.466 39.6202,-121.466 39.6157))
201811121643,5,2,
Pattern Matcher : 315
201811121610,6,2,
boundary: POLYGON((-121.603 39.8691,-121.565 39.8903,-121.559 39.8903,-121.553 39.8903,-121.547 39.8902,-121.53 39.8857,-121.53 39.8812,-121.53 39.8767,-121.53 39.8722,-121.53 39.8677,-121.53 39.8632,-121.54 39.843,-121.582 39.8633,-121.6 39.8678,-121.603 39.8691))
201811121643,5,2,
Pattern Matcher : 316
201811121812,6,2,
boundary: POLYGON((-121.466 39.6157,-121.472 39.6112,-121.478 39.6112,-121.483 39.6112,-121.489 39.6112,-121.501 39.6157,-121.507 39.6202,-121.542 39.6473,-121.542 39.6518,-121.536 39.6652,-121.53 39.6697,-121.524 39.6697,-121.518 39.6697,-121.489 39.6652,-121.483 39.6652,-121.477 39.6652,-121.472 39.6652,-121.46 39.6606,-121.454 39.6561,-121.454 39.6516,-121.454 39.6471,-121.454 39.6426,-121.466 39.6157))
201811121828,5,2,
Pattern Matcher : 317
201811121814,6,2,
boundary: POLYGON((-121.407 39.827,-121.413 39.8226,-121.419 39.8226,-121.436 39.8271,-121.459 39.8271,-121.465 39.8272,-121.483 39.8317,-121.489 39.8362,-121.535 39.8632,-121.541 39.8632,-121.547 39.8633,-121.553 39.8633,-121.565 39.8678,-121.571 39.8723,-121.571 39.8768,-121.565 39.8903,-121.559 39.8903,-121.553 39.8903,-121.547 39.8902,-121.53 39.8857,-121.483 39.8587,-121.477 39.8587,-121.459 39.8541,-121.436 39.8541,-121.43 39.8541,-121.413 39.8496,-121.407 39.845,-121.407 39.8405,-121.407 39.836,-121.407 39.8315,-121.407 39.827))
201811121828,5,2,
Pattern Matcher : 318
201811121812,6,2,201811121829,5,2,
Pattern Matcher : 319
201811121814,6,2,201811121829,5,2,
Pattern Matcher : 320
201811121911,6,2,
boundary: POLYGON((-121.466 39.6157,-121.472 39.6112,-121.478 39.6112,-121.483 39.6112,-121.489 39.6112,-121.501 39.6157,-121.507 39.6202,-121.542 39.6473,-121.542 39.6518,-121.536 39.6652,-121.53 39.6697,-121.524 39.6697,-121.518 39.6697,-121.489 39.6652,-121.483 39.6652,-121.477 39.6652,-121.472 39.6652,-121.46 39.6606,-121.454 39.6561,-121.454 39.6516,-121.454 39.6471,-121.454 39.6426,-121.466 39.6157))
201811121925,5,2,
Pattern Matcher : 321
201811121914,6,2,
boundary: POLYGON((-121.407 39.827,-121.413 39.8226,-121.419 39.8226,-121.436 39.8271,-121.459 39.8271,-121.465 39.8272,-121.483 39.8317,-121.489 39.8362,-121.489 39.8407,-121.489 39.8452,-121.489 39.8497,-121.489 39.8542,-121.477 39.8812,-121.465 39.8856,-121.448 39.8811,-121.436 39.8766,-121.413 39.8496,-121.407 39.845,-121.407 39.8405,-121.407 39.836,-121.407 39.8315,-121.407 39.827))
201811121925,5,2,
Pattern Matcher : 322
201811122018,6,2,
boundary: POLYGON((-121.466 39.6157,-121.472 39.6112,-121.478 39.6112,-121.483 39.6112,-121.489 39.6112,-121.501 39.6157,-121.507 39.6202,-121.542 39.6473,-121.542 39.6518,-121.536 39.6652,-121.53 39.6697,-121.501 39.7282,-121.501 39.7327,-121.501 39.7372,-121.495 39.7462,-121.489 39.7507,-121.483 39.8317,-121.489 39.8362,-121.535 39.8632,-121.541 39.8632,-121.547 39.8633,-121.553 39.8633,-121.565 39.8678,-121.571 39.8723,-121.571 39.8768,-121.565 39.8903,-121.559 39.8903,-121.553 39.8903,-121.547 39.8902,-121.512 39.8902,-121.5 39.8857,-121.483 39.8812,-121.436 39.8541,-121.43 39.8541,-121.413 39.8496,-121.407 39.845,-121.407 39.8405,-121.407 39.836,-121.407 39.8315,-121.407 39.827,-121.413 39.8226,-121.419 39.8226,-121.46 39.7416,-121.46 39.7371,-121.46 39.7326,-121.46 39.7281,-121.46 39.7236,-121.454 39.6561,-121.454 39.6516,-121.454 39.6471,-121.454 39.6426,-121.466 39.6157))
201811122029,5,2,
Pattern Matcher : 323
201811122116,6,2,
boundary: POLYGON((-121.466 39.6157,-121.472 39.6112,-121.478 39.6112,-121.483 39.6112,-121.489 39.6112,-121.501 39.6157,-121.507 39.6202,-121.542 39.6473,-121.542 39.6518,-121.536 39.6652,-121.524 39.6922,-121.518 39.6967,-121.501 39.7327,-121.501 39.7372,-121.495 39.7462,-121.489 39.7507,-121.483 39.8317,-121.489 39.8362,-121.535 39.8632,-121.541 39.8632,-121.547 39.8633,-121.553 39.8633,-121.565 39.8678,-121.571 39.8723,-121.6 39.8993,-121.6 39.9038,-121.6 39.9083,-121.6 39.9128,-121.6 39.9173,-121.594 39.9218,-121.588 39.9218,-121.582 39.9218,-121.57 39.9173,-121.559 39.9128,-121.512 39.8902,-121.5 39.8857,-121.483 39.8812,-121.436 39.8541,-121.43 39.8541,-121.413 39.8496,-121.407 39.845,-121.407 39.8405,-121.407 39.836,-121.407 39.8315,-121.407 39.827,-121.413 39.8226,-121.419 39.8226,-121.46 39.7416,-121.46 39.7371,-121.46 39.7326,-121.46 39.7281,-121.46 39.7236,-121.437 39.6831,-121.442 39.6651,-121.454 39.6426,-121.466 39.6157))
201811122125,5,2,
Pattern Matcher : 324
201811122240,6,2,
boundary: POLYGON((-121.501 39.6427,-121.507 39.6382,-121.512 39.6382,-121.524 39.6427,-121.542 39.6473,-121.542 39.6518,-121.536 39.6652,-121.53 39.6697,-121.501 39.7282,-121.501 39.7327,-121.501 39.7372,-121.495 39.7462,-121.489 39.7507,-121.483 39.8317,-121.489 39.8362,-121.535 39.8632,-121.541 39.8632,-121.547 39.8633,-121.553 39.8633,-121.565 39.8678,-121.571 39.8723,-121.571 39.8768,-121.565 39.8903,-121.559 39.8903,-121.553 39.8903,-121.547 39.8902,-121.512 39.8902,-121.5 39.8857,-121.465 39.8856,-121.448 39.8811,-121.436 39.8766,-121.413 39.8496,-121.407 39.845,-121.407 39.8405,-121.407 39.836,-121.407 39.8315,-121.407 39.827,-121.413 39.8226,-121.419 39.8226,-121.46 39.7416,-121.436 39.7146,-121.425 39.7101,-121.425 39.7056,-121.425 39.7011,-121.431 39.6921,-121.437 39.6876,-121.442 39.6876,-121.495 39.6607,-121.501 39.6427))
201811122249,5,2,
Pattern Matcher : 325
201811122346,6,2,
boundary: POLYGON((-121.501 39.6427,-121.507 39.6382,-121.512 39.6382,-121.524 39.6427,-121.542 39.6473,-121.542 39.6518,-121.536 39.6652,-121.53 39.6697,-121.501 39.7282,-121.501 39.7327,-121.501 39.7372,-121.495 39.7462,-121.489 39.7507,-121.483 39.8317,-121.489 39.8362,-121.535 39.8632,-121.541 39.8632,-121.547 39.8633,-121.553 39.8633,-121.565 39.8678,-121.571 39.8723,-121.571 39.8768,-121.565 39.8903,-121.559 39.8903,-121.553 39.8903,-121.547 39.8902,-121.53 39.8857,-121.483 39.8587,-121.477 39.8587,-121.459 39.8541,-121.436 39.8541,-121.43 39.8541,-121.413 39.8496,-121.407 39.845,-121.407 39.8405,-121.407 39.836,-121.407 39.8315,-121.407 39.827,-121.413 39.8226,-121.419 39.8226,-121.46 39.7416,-121.436 39.7146,-121.425 39.7101,-121.425 39.7056,-121.425 39.7011,-121.431 39.6921,-121.437 39.6876,-121.442 39.6876,-121.495 39.6607,-121.501 39.6427))
201811122358,5,2,
Pattern Matcher : 326
201811130024,6,2,
boundary: POLYGON((-121.454 39.6426,-121.46 39.6381,-121.466 39.6382,-121.472 39.6382,-121.477 39.6382,-121.507 39.6382,-121.512 39.6382,-121.524 39.6427,-121.542 39.6473,-121.542 39.6518,-121.536 39.6652,-121.524 39.6922,-121.518 39.6967,-121.512 39.6967,-121.495 39.6922,-121.483 39.6877,-121.46 39.6606,-121.454 39.6561,-121.454 39.6516,-121.454 39.6471,-121.454 39.6426))
201811130041,5,2,
Pattern Matcher : 327
201811130026,6,2,
boundary: POLYGON((-121.407 39.827,-121.413 39.8226,-121.419 39.8226,-121.436 39.8271,-121.459 39.8271,-121.465 39.8272,-121.483 39.8317,-121.489 39.8362,-121.535 39.8632,-121.541 39.8632,-121.547 39.8633,-121.553 39.8633,-121.565 39.8678,-121.571 39.8723,-121.571 39.8768,-121.565 39.8903,-121.559 39.8903,-121.553 39.8903,-121.547 39.8902,-121.53 39.8857,-121.483 39.8587,-121.477 39.8587,-121.459 39.8541,-121.436 39.8541,-121.43 39.8541,-121.413 39.8496,-121.407 39.845,-121.407 39.8405,-121.407 39.836,-121.407 39.8315,-121.407 39.827))
201811130041,5,2,
Pattern Matcher : 328
201811130109,6,2,
boundary: POLYGON((-121.407 39.827,-121.413 39.8226,-121.419 39.8226,-121.436 39.8271,-121.459 39.8271,-121.465 39.8272,-121.483 39.8317,-121.489 39.8362,-121.489 39.8407,-121.489 39.8452,-121.489 39.8497,-121.489 39.8542,-121.483 39.8587,-121.477 39.8587,-121.459 39.8541,-121.436 39.8541,-121.43 39.8541,-121.413 39.8496,-121.407 39.845,-121.407 39.8405,-121.407 39.836,-121.407 39.8315,-121.407 39.827))
201811130121,5,2,
Pattern Matcher : 329
201811130213,6,2,
boundary: POLYGON((-121.512 39.8902,-121.5 39.8857,-121.465 39.8856,-121.448 39.8811,-121.436 39.8766,-121.413 39.8496,-121.407 39.845,-121.407 39.8405,-121.407 39.836,-121.407 39.8315,-121.407 39.827,-121.413 39.8226,-121.419 39.8226,-121.436 39.8271,-121.459 39.8271,-121.465 39.8272,-121.483 39.8317,-121.489 39.8362,-121.518 39.8632,-121.524 39.8677,-121.524 39.8722,-121.524 39.8767,-121.524 39.8812,-121.518 39.8857,-121.512 39.8902))
201811130234,5,2,
Pattern Matcher : 330
201811130213,6,2,201811130236,5,2,
Pattern Matcher : 331
201811130213,6,2,201811130239,5,2,
Pattern Matcher : 332
201811130311,6,2,201811130326,5,2,
Pattern Matcher : 333
201811130311,6,2,
boundary: POLYGON((-121.519 39.8848,-121.477 39.8812,-121.465 39.8856,-121.448 39.8811,-121.436 39.8766,-121.413 39.8496,-121.407 39.845,-121.407 39.8405,-121.407 39.836,-121.407 39.8315,-121.407 39.827,-121.413 39.8226,-121.419 39.8226,-121.436 39.8271,-121.459 39.8271,-121.465 39.8272,-121.483 39.8317,-121.489 39.8362,-121.518 39.8632,-121.524 39.8677,-121.524 39.8722,-121.524 39.8767,-121.524 39.8812,-121.519 39.8848))
201811130328,5,2,
Pattern Matcher : 334
201811130311,6,2,201811130330,5,2,
Pattern Matcher : 335
201811130311,6,2,201811130333,5,2,
Pattern Matcher : 336
201811130311,6,2,201811130335,5,2,
Pattern Matcher : 337
201811130409,6,2,
boundary: POLYGON((-121.413 39.8226,-121.419 39.8226,-121.436 39.8271,-121.448 39.8316,-121.448 39.8361,-121.448 39.8406,-121.442 39.8496,-121.436 39.8541,-121.43 39.8541,-121.413 39.8496,-121.407 39.845,-121.407 39.8315,-121.407 39.827,-121.413 39.8226))
201811130432,5,2,
Pattern Matcher : 338
201811141815,6,2,201811141849,5,2,
Pattern Matcher : 339
201811141815,6,2,201811141850,5,2,
Pattern Matcher : 340
201811141815,6,2,201811141853,5,2,
Pattern Matcher : 341
201811141815,6,2,201811141854,5,2,
Pattern Matcher : 342
201811141913,6,2,201811141941,5,2,
Pattern Matcher : 343
201811141913,6,2,201811141942,5,2,
Pattern Matcher : 344
201811141913,6,2,201811141945,5,2,
Pattern Matcher : 345
201811142009,6,2,201811142059,5,2,
Pattern Matcher : 346
201811142212,6,2,201811142241,5,2,
Pattern Matcher : 347
201811142212,6,2,201811142243,5,2,
Pattern Matcher : 348
201811142319,6,2,201811142342,5,2,
Pattern Matcher : 349
201811142319,6,2,201811142343,5,2,
Pattern Matcher : 350
201811142319,6,2,201811142344,5,2,
Pattern Matcher : 351
201811142319,6,2,201811142345,5,2,
Pattern Matcher : 352
201811142319,6,2,201811142347,5,2,
Pattern Matcher : 353
201811142319,6,2,201811142349,5,2,
Pattern Matcher : 354
201811142319,6,2,201811142351,5,2,
Pattern Matcher : 355
201811142319,6,2,201811142353,5,2,
Pattern Matcher : 356
201811142319,6,2,201811142356,5,2,
event stream queue is empty now!
perform 1loadshedding
eventCn 2693
#full Match 357
#high latecny (> 150)23
#NumPartialMatch 358
#NumDropedPM 0
#NumDropedInputEvents 0
avg latency: 64
expression size: 0



********   Event Pattern    ********
TYPE Satellite {
    time,
    channelID,
    level,
    boundary
};

QUERY fail3
EVENT SEQ(Satellite c07,Satellite c16)
WHERE c07.boundary /\ c16.boundary
    && c07.channelID == 6 
    && c16.channelID == 5
    && c07.level == 2 && c16.level == 2
WITHIN 1h
RETURN Fire(c07.time,c07.channelID,c07.level,
    INTERSECT(c07.boundary,c16.boundary),
    c16.time,c16.channelID,c16.level
);


********   Event Pattern    ********
TYPE Satellite {
    time,
    channelID,
    level,
    boundary
};

QUERY fail3
EVENT SEQ(Satellite c07,Satellite c16)
WHERE c07.boundary /\ c16.boundary
    && c07.channelID == 6 
    && c16.channelID == 5
    && c07.level == 2 && c16.level == 2
WITHIN 1h
RETURN Fire(c07.time,c07.channelID,c07.level,
    INTERSECT(c07.boundary,c16.boundary),
    c16.time,c16.channelID,c16.level
);