c07
c07MinusC14
c07
c07MinusC14
c07
c07MinusC14
c07
c07
c07
c07
c07MinusC14
c07MinusC14
c07MinusC14
c07MinusC14
Pattern Matcher : 0
201811081516,6,2,
boundary: POLYGON((-121.43 39.7956,-121.442 39.8001,-121.471 39.8002,-121.477 39.8002,-121.495 39.8047,-121.506 39.8092,-121.53 39.8362,-121.535 39.8407,-121.535 39.8452,-121.535 39.8497,-121.535 39.8587,-121.524 39.8632,-121.512 39.8587,-121.483 39.8587,-121.477 39.8587,-121.459 39.8541,-121.448 39.8496,-121.424 39.8226,-121.419 39.8181,-121.419 39.8091,-121.419 39.8046,-121.419 39.8001,-121.43 39.7956))
201811081528,3,2,
Pattern Matcher : 1
201811081614,6,2,
boundary: POLYGON((-121.454 39.7461,-121.46 39.7461,-121.466 39.7462,-121.501 39.7462,-121.512 39.7507,-121.547 39.7508,-121.565 39.7553,-121.588 39.7553,-121.594 39.7553,-121.612 39.7598,-121.635 39.7598,-121.641 39.7598,-121.647 39.7598,-121.658 39.7643,-121.664 39.7688,-121.664 39.7733,-121.664 39.7778,-121.664 39.7823,-121.688 39.8228,-121.688 39.8273,-121.688 39.8318,-121.682 39.8453,-121.67 39.8678,-121.664 39.8723,-121.658 39.8723,-121.652 39.8723,-121.611 39.8903,-121.606 39.8948,-121.6 39.8948,-121.594 39.8948,-121.565 39.8903,-121.559 39.8903,-121.553 39.8903,-121.547 39.8902,-121.512 39.8902,-121.5 39.8857,-121.483 39.8812,-121.459 39.8541,-121.448 39.8496,-121.424 39.8226,-121.419 39.8181,-121.389 39.791,-121.384 39.7865,-121.39 39.7685,-121.395 39.7685,-121.401 39.7685,-121.407 39.7685,-121.448 39.7461,-121.454 39.7461))
201811081634,3,2,
Pattern Matcher : 2
201811081816,6,2,201811081821,3,2,
Pattern Matcher : 3
201811081816,6,2,
boundary: POLYGON((-121.67 39.7373,-121.682 39.7418,-121.682 39.7463,-121.682 39.7508,-121.676 39.7598,-121.664 39.7868,-121.652 39.8093,-121.641 39.8363,-121.629 39.8543,-121.623 39.8678,-121.617 39.8678,-121.611 39.8678,-121.606 39.8678,-121.571 39.8678,-121.559 39.8633,-121.524 39.8632,-121.512 39.8587,-121.483 39.8587,-121.477 39.8587,-121.459 39.8541,-121.448 39.8496,-121.424 39.8226,-121.419 39.8181,-121.419 39.8136,-121.419 39.8091,-121.419 39.8046,-121.419 39.8001,-121.43 39.7776,-121.448 39.7461,-121.454 39.7461,-121.46 39.7461,-121.466 39.7462,-121.506 39.7237,-121.512 39.7237,-121.518 39.7237,-121.524 39.7237,-121.559 39.7238,-121.577 39.7283,-121.606 39.7283,-121.623 39.7328,-121.647 39.7328,-121.652 39.7328,-121.67 39.7373))
201811081824,3,2,
Pattern Matcher : 4
201811081913,6,2,
boundary: POLYGON((-121.524 39.6967,-121.53 39.6967,-121.536 39.6967,-121.553 39.7013,-121.565 39.7013,-121.571 39.7013,-121.577 39.7013,-121.582 39.7013,-121.617 39.7013,-121.635 39.7058,-121.647 39.7103,-121.67 39.7373,-121.682 39.7418,-121.682 39.7463,-121.682 39.7508,-121.676 39.7598,-121.664 39.7868,-121.652 39.8093,-121.641 39.8363,-121.629 39.8543,-121.623 39.8678,-121.617 39.8678,-121.611 39.8678,-121.606 39.8678,-121.571 39.8678,-121.559 39.8633,-121.524 39.8632,-121.512 39.8587,-121.483 39.8587,-121.477 39.8587,-121.459 39.8541,-121.448 39.8496,-121.424 39.8226,-121.419 39.8181,-121.419 39.8136,-121.419 39.8091,-121.419 39.8046,-121.419 39.8001,-121.43 39.7776,-121.448 39.7461,-121.454 39.7461,-121.46 39.7461,-121.466 39.7462,-121.506 39.7237,-121.518 39.7012,-121.524 39.6967))
201811081917,3,2,
Pattern Matcher : 5
201811082013,6,2,
boundary: POLYGON((-121.664 39.7058,-121.682 39.7103,-121.693 39.7148,-121.693 39.7193,-121.693 39.7238,-121.693 39.7283,-121.693 39.7328,-121.682 39.7508,-121.676 39.7598,-121.664 39.7868,-121.652 39.8093,-121.641 39.8363,-121.635 39.8408,-121.629 39.8408,-121.623 39.8408,-121.582 39.8588,-121.576 39.8633,-121.571 39.8678,-121.559 39.8633,-121.524 39.8632,-121.512 39.8587,-121.483 39.8587,-121.477 39.8587,-121.459 39.8541,-121.448 39.8496,-121.424 39.8226,-121.419 39.8181,-121.419 39.8001,-121.43 39.7776,-121.448 39.7461,-121.46 39.7236,-121.466 39.7192,-121.471 39.7192,-121.477 39.7192,-121.518 39.7012,-121.524 39.6967,-121.53 39.6967,-121.536 39.6967,-121.553 39.7013,-121.565 39.7013,-121.571 39.7013,-121.577 39.7013,-121.582 39.7013,-121.617 39.7013,-121.635 39.7058,-121.664 39.7058))
201811082017,3,2,
Pattern Matcher : 6
201811082119,6,2,
boundary: POLYGON((-121.582 39.6743,-121.588 39.6743,-121.594 39.6743,-121.612 39.6788,-121.623 39.6788,-121.629 39.6788,-121.635 39.6788,-121.641 39.6788,-121.647 39.6788,-121.658 39.6833,-121.664 39.6878,-121.693 39.7148,-121.717 39.7418,-121.728 39.7463,-121.723 39.7643,-121.711 39.7868,-121.705 39.7913,-121.699 39.7913,-121.693 39.7913,-121.652 39.8093,-121.641 39.8363,-121.635 39.8408,-121.629 39.8408,-121.623 39.8408,-121.582 39.8588,-121.576 39.8633,-121.571 39.8678,-121.559 39.8633,-121.524 39.8632,-121.512 39.8587,-121.495 39.8542,-121.448 39.8271,-121.442 39.8271,-121.424 39.8226,-121.419 39.8181,-121.419 39.8001,-121.442 39.7641,-121.448 39.7461,-121.46 39.7236,-121.466 39.7192,-121.471 39.7192,-121.477 39.7192,-121.518 39.7012,-121.524 39.6967,-121.53 39.6967,-121.536 39.6967,-121.577 39.6788,-121.582 39.6743))
201811082124,3,2,
Pattern Matcher : 7
201811082249,6,2,
boundary: POLYGON((-121.658 39.6833,-121.664 39.6878,-121.693 39.7148,-121.693 39.7193,-121.693 39.7238,-121.693 39.7328,-121.682 39.7508,-121.676 39.7598,-121.664 39.7868,-121.652 39.8093,-121.641 39.8363,-121.635 39.8408,-121.629 39.8408,-121.623 39.8408,-121.582 39.8588,-121.576 39.8633,-121.571 39.8678,-121.559 39.8633,-121.524 39.8632,-121.512 39.8587,-121.495 39.8542,-121.448 39.8271,-121.442 39.8271,-121.424 39.8226,-121.419 39.8181,-121.419 39.8136,-121.419 39.8091,-121.419 39.8046,-121.419 39.8001,-121.442 39.7641,-121.448 39.7461,-121.46 39.7236,-121.472 39.6967,-121.477 39.6922,-121.483 39.6922,-121.489 39.6922,-121.507 39.6967,-121.524 39.6967,-121.53 39.6967,-121.536 39.6967,-121.577 39.6788,-121.582 39.6743,-121.588 39.6743,-121.594 39.6743,-121.612 39.6788,-121.623 39.6788,-121.629 39.6788,-121.635 39.6788,-121.641 39.6788,-121.647 39.6788,-121.658 39.6833))
201811082254,3,2,
Pattern Matcher : 8
201811082348,6,2,
boundary: POLYGON((-121.658 39.6833,-121.664 39.6878,-121.693 39.7148,-121.717 39.7418,-121.728 39.7463,-121.723 39.7643,-121.717 39.7688,-121.711 39.7688,-121.664 39.7868,-121.652 39.8093,-121.641 39.8363,-121.635 39.8408,-121.629 39.8408,-121.623 39.8408,-121.582 39.8588,-121.576 39.8633,-121.571 39.8678,-121.559 39.8633,-121.524 39.8632,-121.512 39.8587,-121.483 39.8587,-121.477 39.8587,-121.459 39.8541,-121.448 39.8496,-121.424 39.8226,-121.419 39.8181,-121.419 39.8001,-121.43 39.7956,-121.477 39.7777,-121.489 39.7552,-121.506 39.7237,-121.518 39.7012,-121.524 39.6967,-121.53 39.6967,-121.536 39.6967,-121.577 39.6788,-121.582 39.6743,-121.588 39.6743,-121.594 39.6743,-121.612 39.6788,-121.623 39.6788,-121.629 39.6788,-121.635 39.6788,-121.641 39.6788,-121.647 39.6788,-121.658 39.6833))
201811082352,3,2,
Pattern Matcher : 9
201811090039,6,2,
boundary: POLYGON((-121.676 39.6788,-121.693 39.6833,-121.705 39.6878,-121.728 39.7148,-121.74 39.7193,-121.74 39.7238,-121.74 39.7328,-121.723 39.7643,-121.717 39.7688,-121.711 39.7688,-121.664 39.7868,-121.652 39.8093,-121.641 39.8363,-121.635 39.8408,-121.629 39.8408,-121.623 39.8408,-121.582 39.8588,-121.576 39.8633,-121.571 39.8678,-121.559 39.8633,-121.524 39.8632,-121.512 39.8587,-121.483 39.8587,-121.477 39.8587,-121.459 39.8541,-121.448 39.8496,-121.424 39.8226,-121.419 39.8181,-121.419 39.8136,-121.419 39.8091,-121.419 39.8046,-121.419 39.8001,-121.43 39.7956,-121.46 39.7416,-121.46 39.7371,-121.46 39.7326,-121.46 39.7281,-121.46 39.7236,-121.466 39.7192,-121.471 39.7192,-121.477 39.7192,-121.518 39.7012,-121.53 39.6742,-121.536 39.6697,-121.542 39.6698,-121.547 39.6698,-121.565 39.6743,-121.582 39.6743,-121.588 39.6743,-121.594 39.6743,-121.612 39.6788,-121.623 39.6788,-121.629 39.6788,-121.635 39.6788,-121.641 39.6788,-121.647 39.6788,-121.676 39.6788))
201811090045,3,2,
Pattern Matcher : 10
201811090112,6,2,
boundary: POLYGON((-121.594 39.6473,-121.6 39.6473,-121.606 39.6473,-121.623 39.6518,-121.641 39.6518,-121.647 39.6518,-121.652 39.6518,-121.67 39.6563,-121.676 39.6608,-121.705 39.6878,-121.728 39.7148,-121.74 39.7193,-121.763 39.7462,-121.769 39.7507,-121.769 39.7597,-121.769 39.7642,-121.769 39.7687,-121.763 39.7687,-121.758 39.7687,-121.752 39.7688,-121.711 39.7868,-121.699 39.8138,-121.693 39.8183,-121.687 39.8183,-121.682 39.8183,-121.676 39.8183,-121.641 39.8183,-121.582 39.8588,-121.576 39.8633,-121.571 39.8678,-121.559 39.8633,-121.524 39.8632,-121.512 39.8587,-121.483 39.8587,-121.477 39.8587,-121.459 39.8541,-121.448 39.8496,-121.424 39.8226,-121.419 39.8181,-121.419 39.8136,-121.419 39.8091,-121.419 39.8046,-121.419 39.8001,-121.43 39.7956,-121.46 39.7416,-121.46 39.7371,-121.46 39.7326,-121.46 39.7281,-121.46 39.7236,-121.472 39.6967,-121.477 39.6922,-121.483 39.6922,-121.489 39.6922,-121.53 39.6742,-121.536 39.6697,-121.542 39.6698,-121.547 39.6698,-121.588 39.6518,-121.594 39.6473))
201811090115,3,2,
Pattern Matcher : 11
201811090213,6,2,
boundary: POLYGON((-121.594 39.6473,-121.6 39.6473,-121.606 39.6473,-121.623 39.6518,-121.641 39.6518,-121.647 39.6518,-121.652 39.6518,-121.67 39.6563,-121.682 39.6563,-121.687 39.6563,-121.693 39.6563,-121.699 39.6563,-121.705 39.6563,-121.717 39.6608,-121.722 39.6653,-121.752 39.6923,-121.752 39.6968,-121.752 39.7013,-121.752 39.7058,-121.752 39.7103,-121.769 39.7507,-121.769 39.7552,-121.769 39.7597,-121.769 39.7642,-121.769 39.7687,-121.763 39.7687,-121.758 39.7687,-121.752 39.7688,-121.711 39.7868,-121.699 39.8138,-121.693 39.8183,-121.687 39.8183,-121.682 39.8183,-121.676 39.8183,-121.641 39.8183,-121.582 39.8588,-121.576 39.8633,-121.571 39.8678,-121.559 39.8633,-121.524 39.8632,-121.512 39.8587,-121.483 39.8587,-121.477 39.8587,-121.459 39.8541,-121.448 39.8496,-121.424 39.8226,-121.419 39.8181,-121.419 39.8091,-121.419 39.8046,-121.419 39.8001,-121.43 39.7956,-121.46 39.7416,-121.46 39.7371,-121.46 39.7326,-121.46 39.7281,-121.46 39.7236,-121.466 39.7192,-121.471 39.7192,-121.477 39.7192,-121.518 39.7012,-121.53 39.6742,-121.536 39.6697,-121.542 39.6698,-121.547 39.6698,-121.588 39.6518,-121.594 39.6473))
201811090217,3,2,
Pattern Matcher : 12
201811090313,6,2,
boundary: POLYGON((-121.612 39.6203,-121.617 39.6203,-121.635 39.6248,-121.652 39.6248,-121.658 39.6248,-121.664 39.6248,-121.682 39.6293,-121.699 39.6293,-121.705 39.6293,-121.711 39.6293,-121.728 39.6338,-121.734 39.6383,-121.763 39.6652,-121.787 39.6922,-121.798 39.6967,-121.798 39.7012,-121.798 39.7057,-121.798 39.7147,-121.804 39.7777,-121.804 39.7867,-121.804 39.7912,-121.799 39.8002,-121.793 39.8002,-121.787 39.8002,-121.781 39.8002,-121.74 39.8228,-121.734 39.8228,-121.728 39.8228,-121.723 39.8228,-121.693 39.8183,-121.687 39.8183,-121.682 39.8183,-121.676 39.8183,-121.641 39.8183,-121.582 39.8588,-121.576 39.8633,-121.571 39.8678,-121.559 39.8633,-121.524 39.8632,-121.512 39.8587,-121.483 39.8587,-121.477 39.8587,-121.459 39.8541,-121.448 39.8496,-121.424 39.8226,-121.419 39.8181,-121.419 39.8136,-121.419 39.8091,-121.419 39.8046,-121.419 39.8001,-121.442 39.7641,-121.448 39.7461,-121.46 39.7236,-121.466 39.7192,-121.471 39.7192,-121.477 39.7192,-121.518 39.7012,-121.53 39.6742,-121.536 39.6697,-121.542 39.6698,-121.547 39.6698,-121.588 39.6518,-121.6 39.6338,-121.606 39.6248,-121.612 39.6203))
201811090318,3,2,
Pattern Matcher : 13
201811090412,6,2,
boundary: POLYGON((-121.612 39.6203,-121.617 39.6203,-121.635 39.6248,-121.652 39.6248,-121.658 39.6248,-121.664 39.6248,-121.682 39.6293,-121.687 39.6338,-121.734 39.6563,-121.752 39.6608,-121.763 39.6652,-121.763 39.6697,-121.763 39.6742,-121.763 39.6787,-121.763 39.6832,-121.787 39.7237,-121.816 39.7507,-121.816 39.7597,-121.816 39.7642,-121.816 39.7687,-121.81 39.7732,-121.804 39.7732,-121.798 39.7732,-121.758 39.7912,-121.746 39.8138,-121.74 39.8228,-121.734 39.8228,-121.728 39.8228,-121.723 39.8228,-121.693 39.8183,-121.687 39.8183,-121.682 39.8183,-121.676 39.8183,-121.641 39.8183,-121.582 39.8588,-121.576 39.8633,-121.571 39.8678,-121.559 39.8633,-121.524 39.8632,-121.512 39.8587,-121.483 39.8587,-121.477 39.8587,-121.459 39.8541,-121.448 39.8496,-121.424 39.8226,-121.419 39.8181,-121.419 39.8136,-121.419 39.8091,-121.419 39.8046,-121.419 39.8001,-121.442 39.7641,-121.448 39.7461,-121.46 39.7236,-121.466 39.7192,-121.471 39.7192,-121.477 39.7192,-121.518 39.7012,-121.53 39.6742,-121.536 39.6697,-121.542 39.6698,-121.547 39.6698,-121.588 39.6518,-121.6 39.6338,-121.606 39.6248,-121.612 39.6203))
201811090414,3,2,
Pattern Matcher : 14
201811090512,6,2,
boundary: POLYGON((-121.612 39.6203,-121.617 39.6203,-121.635 39.6248,-121.652 39.6248,-121.658 39.6248,-121.664 39.6248,-121.682 39.6293,-121.687 39.6338,-121.717 39.6608,-121.722 39.6653,-121.763 39.6877,-121.769 39.6877,-121.775 39.6877,-121.787 39.6922,-121.798 39.6967,-121.828 39.7237,-121.828 39.7282,-121.828 39.7327,-121.828 39.7372,-121.828 39.7462,-121.816 39.7687,-121.81 39.7732,-121.793 39.8092,-121.787 39.8227,-121.781 39.8272,-121.775 39.8272,-121.758 39.8227,-121.74 39.8228,-121.734 39.8228,-121.728 39.8228,-121.723 39.8228,-121.693 39.8183,-121.687 39.8183,-121.682 39.8183,-121.676 39.8183,-121.641 39.8183,-121.582 39.8588,-121.576 39.8633,-121.571 39.8678,-121.559 39.8633,-121.524 39.8632,-121.512 39.8587,-121.483 39.8587,-121.477 39.8587,-121.459 39.8541,-121.448 39.8496,-121.424 39.8226,-121.419 39.8181,-121.419 39.8136,-121.419 39.8091,-121.419 39.8001,-121.442 39.7641,-121.448 39.7461,-121.46 39.7236,-121.466 39.7192,-121.471 39.7192,-121.477 39.7192,-121.518 39.7012,-121.524 39.6967,-121.542 39.6608,-121.542 39.6563,-121.547 39.6473,-121.553 39.6428,-121.559 39.6428,-121.606 39.6248,-121.612 39.6203))
201811090515,3,2,
Pattern Matcher : 15
201811090614,6,2,
boundary: POLYGON((-121.623 39.5933,-121.629 39.5933,-121.641 39.5978,-121.67 39.5978,-121.676 39.5978,-121.693 39.6023,-121.699 39.6068,-121.699 39.6158,-121.699 39.6203,-121.699 39.6248,-121.717 39.6608,-121.722 39.6653,-121.752 39.6923,-121.775 39.7192,-121.787 39.7237,-121.787 39.7282,-121.781 39.7417,-121.769 39.7687,-121.758 39.7912,-121.746 39.8138,-121.74 39.8228,-121.734 39.8228,-121.728 39.8228,-121.723 39.8228,-121.693 39.8183,-121.687 39.8183,-121.682 39.8183,-121.676 39.8183,-121.641 39.8183,-121.582 39.8588,-121.576 39.8633,-121.571 39.8678,-121.559 39.8633,-121.524 39.8632,-121.512 39.8587,-121.483 39.8587,-121.477 39.8587,-121.459 39.8541,-121.448 39.8496,-121.424 39.8226,-121.419 39.8181,-121.419 39.8136,-121.419 39.8091,-121.419 39.8046,-121.419 39.8001,-121.43 39.7956,-121.46 39.7416,-121.46 39.7371,-121.46 39.7326,-121.46 39.7281,-121.46 39.7236,-121.466 39.7192,-121.471 39.7192,-121.477 39.7192,-121.518 39.7012,-121.524 39.6967,-121.542 39.6608,-121.542 39.6563,-121.547 39.6473,-121.553 39.6428,-121.559 39.6428,-121.606 39.6248,-121.617 39.5978,-121.623 39.5933))
201811090620,3,2,
Pattern Matcher : 16
201811090712,6,2,
boundary: POLYGON((-121.594 39.6473,-121.6 39.6473,-121.606 39.6473,-121.623 39.6518,-121.641 39.6518,-121.647 39.6518,-121.652 39.6518,-121.67 39.6563,-121.676 39.6608,-121.676 39.6653,-121.676 39.6698,-121.752 39.7148,-121.757 39.7148,-121.763 39.7147,-121.775 39.7192,-121.787 39.7237,-121.787 39.7282,-121.781 39.7417,-121.775 39.7462,-121.769 39.7462,-121.711 39.7868,-121.705 39.7913,-121.699 39.7913,-121.693 39.7913,-121.652 39.8093,-121.647 39.8138,-121.629 39.8498,-121.629 39.8543,-121.623 39.8678,-121.611 39.8903,-121.606 39.8948,-121.6 39.8948,-121.594 39.8948,-121.565 39.8903,-121.559 39.8903,-121.553 39.8903,-121.547 39.8902,-121.53 39.8857,-121.483 39.8587,-121.477 39.8587,-121.459 39.8541,-121.448 39.8496,-121.424 39.8226,-121.419 39.8181,-121.419 39.8091,-121.419 39.8046,-121.419 39.8001,-121.43 39.7776,-121.448 39.7461,-121.471 39.7057,-121.472 39.6967,-121.477 39.6922,-121.483 39.6922,-121.489 39.6922,-121.507 39.6967,-121.524 39.6967,-121.53 39.6967,-121.536 39.6967,-121.588 39.6518,-121.594 39.6473))
201811090721,3,2,
Pattern Matcher : 17
201811090813,6,2,
boundary: POLYGON((-121.641 39.8993,-121.606 39.8948,-121.6 39.8948,-121.594 39.8948,-121.565 39.8903,-121.559 39.8903,-121.553 39.8903,-121.547 39.8902,-121.53 39.8857,-121.483 39.8587,-121.477 39.8587,-121.459 39.8541,-121.448 39.8496,-121.424 39.8226,-121.419 39.8181,-121.419 39.8136,-121.419 39.8091,-121.419 39.8046,-121.419 39.8001,-121.401 39.764,-121.401 39.7595,-121.401 39.755,-121.401 39.746,-121.407 39.7415,-121.413 39.7416,-121.419 39.7416,-121.46 39.7236,-121.466 39.7192,-121.471 39.7192,-121.477 39.7192,-121.495 39.7237,-121.506 39.7237,-121.512 39.7237,-121.518 39.7237,-121.524 39.7237,-121.588 39.6698,-121.588 39.6653,-121.588 39.6608,-121.588 39.6563,-121.588 39.6518,-121.594 39.6473,-121.6 39.6473,-121.606 39.6473,-121.623 39.6518,-121.629 39.6563,-121.629 39.6608,-121.629 39.6653,-121.629 39.6698,-121.629 39.6743,-121.617 39.6788,-121.588 39.7328,-121.67 39.7688,-121.676 39.7643,-121.682 39.7643,-121.687 39.7643,-121.693 39.7643,-121.705 39.7688,-121.711 39.7733,-121.711 39.7778,-121.711 39.7868,-121.705 39.7913,-121.699 39.7913,-121.693 39.7913,-121.658 39.8768,-121.658 39.8813,-121.658 39.8858,-121.658 39.8903,-121.658 39.8948,-121.652 39.8993,-121.647 39.8993,-121.641 39.8993))
201811090820,3,2,
Pattern Matcher : 18
201811090914,6,2,
boundary: POLYGON((-121.676 39.8498,-121.67 39.8678,-121.664 39.8723,-121.658 39.8723,-121.652 39.8723,-121.623 39.8678,-121.617 39.8678,-121.611 39.8678,-121.606 39.8678,-121.565 39.8903,-121.559 39.8903,-121.553 39.8903,-121.547 39.8902,-121.53 39.8857,-121.483 39.8587,-121.477 39.8587,-121.459 39.8541,-121.448 39.8496,-121.424 39.8226,-121.419 39.8181,-121.419 39.8136,-121.419 39.8091,-121.419 39.8046,-121.419 39.8001,-121.401 39.764,-121.401 39.7595,-121.401 39.755,-121.401 39.746,-121.407 39.7415,-121.413 39.7416,-121.419 39.7416,-121.46 39.7236,-121.466 39.7192,-121.471 39.7192,-121.477 39.7192,-121.518 39.7012,-121.524 39.6967,-121.53 39.6967,-121.536 39.6967,-121.553 39.7013,-121.559 39.7058,-121.588 39.7328,-121.588 39.7373,-121.635 39.7868,-121.647 39.7913,-121.652 39.7958,-121.652 39.8003,-121.652 39.8048,-121.652 39.8093,-121.676 39.8498))
201811090920,3,2,
Pattern Matcher : 19
201811091014,6,2,
boundary: POLYGON((-121.635 39.7868,-121.647 39.7913,-121.652 39.7958,-121.688 39.8228,-121.688 39.8273,-121.688 39.8318,-121.682 39.8453,-121.676 39.8453,-121.67 39.8453,-121.664 39.8453,-121.623 39.8678,-121.611 39.8903,-121.606 39.8948,-121.6 39.8948,-121.594 39.8948,-121.565 39.8903,-121.559 39.8903,-121.553 39.8903,-121.547 39.8902,-121.512 39.8902,-121.5 39.8857,-121.483 39.8812,-121.459 39.8541,-121.448 39.8496,-121.424 39.8226,-121.419 39.8181,-121.419 39.8136,-121.419 39.8091,-121.419 39.8046,-121.419 39.8001,-121.43 39.7776,-121.448 39.7461,-121.46 39.7236,-121.466 39.7192,-121.471 39.7192,-121.477 39.7192,-121.518 39.7012,-121.524 39.6967,-121.53 39.6967,-121.536 39.6967,-121.553 39.7013,-121.559 39.7058,-121.559 39.7103,-121.559 39.7148,-121.576 39.7598,-121.623 39.7868,-121.629 39.7868,-121.635 39.7868))
201811091026,3,2,
Pattern Matcher : 20
201811091114,6,2,
boundary: POLYGON((-121.576 39.7598,-121.623 39.7868,-121.629 39.7868,-121.635 39.7868,-121.647 39.7913,-121.652 39.7958,-121.652 39.8003,-121.652 39.8048,-121.652 39.8093,-121.641 39.8363,-121.629 39.8543,-121.623 39.8678,-121.611 39.8903,-121.606 39.8948,-121.6 39.8948,-121.594 39.8948,-121.565 39.8903,-121.559 39.8903,-121.553 39.8903,-121.547 39.8902,-121.53 39.8857,-121.483 39.8587,-121.477 39.8587,-121.459 39.8541,-121.448 39.8496,-121.424 39.8226,-121.419 39.8181,-121.419 39.8136,-121.419 39.8091,-121.419 39.8046,-121.419 39.8001,-121.413 39.7371,-121.413 39.7326,-121.413 39.7281,-121.413 39.7236,-121.413 39.7191,-121.419 39.7146,-121.425 39.7146,-121.431 39.7146,-121.466 39.7192,-121.471 39.7192,-121.477 39.7192,-121.495 39.7237,-121.506 39.7237,-121.512 39.7237,-121.518 39.7237,-121.524 39.7237,-121.541 39.7283,-121.565 39.7553,-121.576 39.7598))
201811091125,3,2,
Pattern Matcher : 21
201811091209,6,2,
boundary: POLYGON((-121.495 39.6652,-121.501 39.6652,-121.512 39.6697,-121.524 39.6742,-121.571 39.7013,-121.577 39.7013,-121.582 39.7013,-121.6 39.7058,-121.6 39.7103,-121.6 39.7148,-121.6 39.7193,-121.6 39.7283,-121.623 39.8138,-121.635 39.8183,-121.641 39.8228,-121.641 39.8273,-121.641 39.8318,-121.641 39.8363,-121.658 39.8768,-121.658 39.8858,-121.658 39.8903,-121.658 39.8948,-121.652 39.8993,-121.647 39.8993,-121.641 39.8993,-121.606 39.8948,-121.6 39.8948,-121.594 39.8948,-121.565 39.8903,-121.559 39.8903,-121.553 39.8903,-121.547 39.8902,-121.53 39.8857,-121.483 39.8587,-121.477 39.8587,-121.459 39.8541,-121.448 39.8496,-121.424 39.8226,-121.419 39.8181,-121.419 39.8091,-121.419 39.8046,-121.419 39.8001,-121.413 39.7371,-121.413 39.7326,-121.413 39.7281,-121.413 39.7191,-121.419 39.7146,-121.425 39.7146,-121.431 39.7146,-121.483 39.6787,-121.489 39.6697,-121.495 39.6652))
201811091223,3,2,
Pattern Matcher : 22
201811091310,6,2,
boundary: POLYGON((-121.495 39.6652,-121.501 39.6652,-121.536 39.6697,-121.542 39.6698,-121.547 39.6698,-121.565 39.6743,-121.571 39.6788,-121.6 39.7058,-121.6 39.7103,-121.647 39.7598,-121.676 39.7643,-121.682 39.7643,-121.687 39.7643,-121.693 39.7643,-121.705 39.7688,-121.711 39.7733,-121.711 39.7778,-121.711 39.7868,-121.705 39.7913,-121.699 39.7913,-121.693 39.7913,-121.641 39.8363,-121.629 39.8543,-121.623 39.8678,-121.611 39.8903,-121.606 39.8948,-121.6 39.8948,-121.594 39.8948,-121.565 39.8903,-121.559 39.8903,-121.553 39.8903,-121.547 39.8902,-121.53 39.8857,-121.483 39.8587,-121.477 39.8587,-121.459 39.8541,-121.448 39.8496,-121.424 39.8226,-121.419 39.8181,-121.419 39.8136,-121.419 39.8091,-121.419 39.8046,-121.419 39.8001,-121.413 39.7371,-121.413 39.7326,-121.413 39.7236,-121.413 39.7191,-121.419 39.7146,-121.425 39.7146,-121.431 39.7146,-121.483 39.6787,-121.489 39.6697,-121.495 39.6652))
201811091319,3,2,
Pattern Matcher : 23
201811091310,6,2,201811091321,3,2,
Pattern Matcher : 24
201811091413,6,2,
boundary: POLYGON((-121.495 39.6652,-121.501 39.6652,-121.536 39.6697,-121.542 39.6698,-121.547 39.6698,-121.565 39.6743,-121.571 39.6788,-121.6 39.7058,-121.6 39.7103,-121.6 39.7148,-121.6 39.7193,-121.6 39.7238,-121.6 39.7283,-121.606 39.7913,-121.621 39.8054,-121.623 39.8138,-121.635 39.8183,-121.641 39.8228,-121.641 39.8318,-121.641 39.8363,-121.629 39.8543,-121.623 39.8678,-121.611 39.8903,-121.606 39.8948,-121.6 39.8948,-121.594 39.8948,-121.565 39.8903,-121.559 39.8903,-121.553 39.8903,-121.547 39.8902,-121.53 39.8857,-121.483 39.8587,-121.477 39.8587,-121.459 39.8541,-121.448 39.8496,-121.424 39.8226,-121.419 39.8181,-121.419 39.8136,-121.419 39.8091,-121.419 39.8046,-121.419 39.8001,-121.413 39.7371,-121.413 39.7326,-121.413 39.7236,-121.413 39.7191,-121.419 39.7146,-121.425 39.7146,-121.431 39.7146,-121.472 39.6967,-121.483 39.6787,-121.489 39.6697,-121.495 39.6652))
201811091429,3,2,
Pattern Matcher : 25
201811091413,6,2,201811091430,3,2,
Pattern Matcher : 26
201811091515,6,2,
boundary: POLYGON((-121.495 39.6652,-121.501 39.6652,-121.536 39.6697,-121.542 39.6698,-121.547 39.6698,-121.565 39.6743,-121.571 39.6788,-121.6 39.7058,-121.6 39.7103,-121.6 39.7148,-121.6 39.7238,-121.6 39.7283,-121.588 39.7508,-121.605 39.7805,-121.606 39.7913,-121.616 39.8008,-121.623 39.8138,-121.635 39.8183,-121.641 39.8228,-121.641 39.8273,-121.641 39.8318,-121.641 39.8363,-121.629 39.8543,-121.623 39.8678,-121.611 39.8903,-121.606 39.8948,-121.6 39.8948,-121.594 39.8948,-121.565 39.8903,-121.559 39.8903,-121.553 39.8903,-121.547 39.8902,-121.53 39.8857,-121.483 39.8587,-121.477 39.8587,-121.459 39.8541,-121.448 39.8496,-121.424 39.8226,-121.419 39.8181,-121.419 39.8091,-121.419 39.8001,-121.413 39.7371,-121.413 39.7326,-121.413 39.7281,-121.413 39.7236,-121.413 39.7191,-121.425 39.7011,-121.431 39.6921,-121.437 39.6876,-121.442 39.6876,-121.489 39.6697,-121.495 39.6652))
201811091535,3,2,
Pattern Matcher : 27
201811091615,6,2,
boundary: POLYGON((-121.495 39.6652,-121.501 39.6652,-121.536 39.6697,-121.542 39.6698,-121.547 39.6698,-121.565 39.6743,-121.571 39.6788,-121.6 39.7058,-121.6 39.7103,-121.6 39.7148,-121.6 39.7193,-121.6 39.7238,-121.623 39.7643,-121.647 39.7913,-121.652 39.7958,-121.652 39.8003,-121.652 39.8048,-121.652 39.8093,-121.641 39.8363,-121.635 39.8408,-121.629 39.8408,-121.623 39.8408,-121.582 39.8588,-121.576 39.8633,-121.571 39.8678,-121.559 39.8633,-121.524 39.8632,-121.512 39.8587,-121.483 39.8587,-121.477 39.8587,-121.459 39.8541,-121.448 39.8496,-121.424 39.8226,-121.419 39.8181,-121.419 39.8091,-121.419 39.8046,-121.419 39.8001,-121.413 39.7371,-121.39 39.71,-121.384 39.7055,-121.384 39.701,-121.384 39.6965,-121.384 39.692,-121.384 39.6875,-121.39 39.683,-121.407 39.6876,-121.437 39.6876,-121.442 39.6876,-121.489 39.6697,-121.495 39.6652))
201811091628,3,2,
Pattern Matcher : 28
201811091809,6,2,
boundary: POLYGON((-121.588 39.7328,-121.588 39.7373,-121.588 39.7418,-121.588 39.7463,-121.588 39.7508,-121.623 39.8138,-121.635 39.8183,-121.641 39.8228,-121.641 39.8273,-121.641 39.8318,-121.641 39.8363,-121.635 39.8408,-121.629 39.8408,-121.623 39.8408,-121.617 39.8408,-121.6 39.8363,-121.535 39.8587,-121.524 39.8632,-121.512 39.8587,-121.483 39.8587,-121.477 39.8587,-121.459 39.8541,-121.448 39.8496,-121.424 39.8226,-121.419 39.8181,-121.419 39.8136,-121.419 39.8091,-121.419 39.8046,-121.419 39.8001,-121.442 39.7641,-121.425 39.7101,-121.425 39.7011,-121.431 39.6921,-121.437 39.6876,-121.442 39.6876,-121.477 39.6922,-121.483 39.6922,-121.489 39.6922,-121.507 39.6967,-121.524 39.6967,-121.53 39.6967,-121.536 39.6967,-121.553 39.7013,-121.559 39.7058,-121.588 39.7328))
201811091815,3,2,
Pattern Matcher : 29
201811091912,6,2,
boundary: POLYGON((-121.495 39.6652,-121.501 39.6652,-121.512 39.6697,-121.524 39.6742,-121.553 39.7013,-121.559 39.7058,-121.588 39.7328,-121.588 39.7373,-121.588 39.7418,-121.588 39.7463,-121.588 39.7508,-121.582 39.7553,-121.576 39.7553,-121.571 39.7553,-121.53 39.7732,-121.518 39.8002,-121.506 39.8137,-121.5 39.8272,-121.489 39.8542,-121.483 39.8587,-121.477 39.8587,-121.459 39.8541,-121.448 39.8496,-121.424 39.8226,-121.419 39.8181,-121.419 39.8136,-121.419 39.8091,-121.419 39.8046,-121.419 39.8001,-121.401 39.764,-121.401 39.7595,-121.401 39.755,-121.401 39.746,-121.407 39.7415,-121.425 39.7056,-121.425 39.7011,-121.431 39.6921,-121.437 39.6876,-121.442 39.6876,-121.489 39.6697,-121.495 39.6652))
201811091919,3,2,
Pattern Matcher : 30
201811092016,6,2,
boundary: POLYGON((-121.448 39.6606,-121.454 39.6606,-121.466 39.6652,-121.495 39.6652,-121.501 39.6652,-121.512 39.6697,-121.524 39.6742,-121.553 39.7013,-121.559 39.7058,-121.559 39.7103,-121.559 39.7148,-121.553 39.7238,-121.541 39.7508,-121.536 39.7507,-121.53 39.7507,-121.524 39.7507,-121.489 39.8362,-121.489 39.8407,-121.489 39.8452,-121.489 39.8497,-121.489 39.8542,-121.483 39.8587,-121.477 39.8587,-121.459 39.8541,-121.448 39.8496,-121.424 39.8226,-121.419 39.8181,-121.419 39.8136,-121.419 39.8091,-121.419 39.8046,-121.419 39.8001,-121.43 39.7776,-121.425 39.7101,-121.425 39.7011,-121.431 39.6921,-121.437 39.6831,-121.442 39.6651,-121.448 39.6606))
201811092021,3,2,
Pattern Matcher : 31
201811092112,6,2,
boundary: POLYGON((-121.53 39.6967,-121.536 39.6967,-121.553 39.7013,-121.559 39.7058,-121.559 39.7103,-121.559 39.7148,-121.553 39.7238,-121.541 39.7508,-121.518 39.7912,-121.518 39.7957,-121.518 39.8002,-121.531 39.8294,-121.53 39.8362,-121.535 39.8407,-121.535 39.8452,-121.535 39.8542,-121.535 39.8587,-121.524 39.8632,-121.512 39.8587,-121.483 39.8587,-121.477 39.8587,-121.459 39.8541,-121.448 39.8496,-121.424 39.8226,-121.419 39.8181,-121.419 39.8091,-121.419 39.8046,-121.419 39.8001,-121.43 39.7776,-121.425 39.7101,-121.425 39.7056,-121.425 39.7011,-121.431 39.6921,-121.437 39.6876,-121.442 39.6876,-121.477 39.6922,-121.483 39.6922,-121.489 39.6922,-121.507 39.6967,-121.524 39.6967,-121.53 39.6967))
201811092117,3,2,
Pattern Matcher : 32
201811092227,6,2,
boundary: POLYGON((-121.477 39.6922,-121.483 39.6922,-121.489 39.6922,-121.507 39.6967,-121.524 39.6967,-121.53 39.6967,-121.536 39.6967,-121.553 39.7013,-121.559 39.7058,-121.559 39.7103,-121.559 39.7148,-121.553 39.7238,-121.547 39.7283,-121.53 39.7237,-121.501 39.7237,-121.46 39.8046,-121.483 39.8317,-121.489 39.8362,-121.489 39.8407,-121.489 39.8452,-121.489 39.8497,-121.489 39.8542,-121.483 39.8587,-121.477 39.8587,-121.459 39.8541,-121.448 39.8496,-121.424 39.8226,-121.419 39.8181,-121.419 39.8136,-121.419 39.8091,-121.419 39.8046,-121.419 39.8001,-121.43 39.7956,-121.471 39.7147,-121.471 39.7102,-121.471 39.7057,-121.471 39.7012,-121.472 39.6967,-121.477 39.6922))
201811092231,3,2,
Pattern Matcher : 33
201811092342,6,2,
boundary: POLYGON((-121.477 39.6922,-121.483 39.6922,-121.489 39.6922,-121.507 39.6967,-121.512 39.7012,-121.512 39.7057,-121.512 39.7102,-121.512 39.7147,-121.512 39.7192,-121.501 39.7237,-121.46 39.8046,-121.483 39.8317,-121.489 39.8362,-121.489 39.8407,-121.489 39.8452,-121.489 39.8497,-121.489 39.8542,-121.483 39.8587,-121.477 39.8587,-121.459 39.8541,-121.448 39.8496,-121.424 39.8226,-121.419 39.8181,-121.419 39.8136,-121.419 39.8091,-121.419 39.8046,-121.419 39.8001,-121.43 39.7956,-121.471 39.7147,-121.471 39.7102,-121.471 39.7057,-121.471 39.7012,-121.472 39.6967,-121.477 39.6922))
201811092345,3,2,
Pattern Matcher : 34
201811112015,6,2,
boundary: POLYGON((-121.489 39.6697,-121.495 39.6652,-121.501 39.6652,-121.512 39.6697,-121.524 39.6742,-121.524 39.6787,-121.524 39.6832,-121.524 39.6877,-121.524 39.6922,-121.518 39.6967,-121.512 39.6967,-121.495 39.6922,-121.483 39.6877,-121.483 39.6832,-121.483 39.6787,-121.489 39.6697))
201811112022,3,2,
Pattern Matcher : 35
201811112018,6,2,201811112022,3,2,
Pattern Matcher : 36
201811112015,6,2,201811112025,3,2,
Pattern Matcher : 37
201811112018,6,2,
boundary: POLYGON((-121.413 39.8226,-121.419 39.8226,-121.436 39.8271,-121.448 39.8316,-121.448 39.8361,-121.448 39.8406,-121.442 39.8496,-121.436 39.8541,-121.43 39.8541,-121.413 39.8496,-121.407 39.845,-121.407 39.8405,-121.407 39.836,-121.407 39.8315,-121.407 39.827,-121.413 39.8226))
201811112025,3,2,
Pattern Matcher : 38
201811112115,6,2,
boundary: POLYGON((-121.489 39.6697,-121.495 39.6652,-121.501 39.6652,-121.512 39.6697,-121.524 39.6742,-121.524 39.6787,-121.524 39.6832,-121.524 39.6877,-121.524 39.6922,-121.518 39.6967,-121.512 39.6967,-121.495 39.6922,-121.483 39.6877,-121.483 39.6832,-121.483 39.6787,-121.489 39.6697))
201811112121,3,2,
Pattern Matcher : 39
201811112116,6,2,201811112121,3,2,
Pattern Matcher : 40
201811112237,6,2,
boundary: POLYGON((-121.46 39.6381,-121.466 39.6382,-121.472 39.6382,-121.477 39.6382,-121.507 39.6382,-121.512 39.6382,-121.524 39.6427,-121.542 39.6473,-121.565 39.6743,-121.571 39.6788,-121.571 39.6833,-121.571 39.6878,-121.571 39.6923,-121.571 39.6968,-121.559 39.7013,-121.542 39.6968,-121.518 39.6967,-121.512 39.6967,-121.495 39.6922,-121.472 39.6922,-121.466 39.6922,-121.46 39.6921,-121.448 39.6876,-121.437 39.6831,-121.442 39.6651,-121.454 39.6426,-121.46 39.6381))
201811112242,3,2,
Pattern Matcher : 41
201811112344,6,2,
boundary: POLYGON((-121.489 39.6697,-121.495 39.6652,-121.501 39.6652,-121.512 39.6697,-121.524 39.6742,-121.524 39.6787,-121.524 39.6832,-121.524 39.6877,-121.524 39.6922,-121.518 39.6967,-121.512 39.6967,-121.495 39.6922,-121.483 39.6877,-121.483 39.6832,-121.483 39.6787,-121.489 39.6697))
201811112349,3,2,
Pattern Matcher : 42
201811112345,6,2,201811112349,3,2,
Pattern Matcher : 43
201811120039,6,2,
boundary: POLYGON((-121.46 39.6381,-121.466 39.6382,-121.472 39.6382,-121.477 39.6382,-121.507 39.6382,-121.512 39.6382,-121.524 39.6427,-121.542 39.6473,-121.542 39.6518,-121.536 39.6652,-121.524 39.6922,-121.518 39.6967,-121.512 39.6967,-121.495 39.6922,-121.483 39.6877,-121.46 39.6606,-121.454 39.6561,-121.454 39.6516,-121.454 39.6426,-121.46 39.6381))
201811120044,3,2,
Pattern Matcher : 44
201811120042,6,2,201811120044,3,2,
Pattern Matcher : 45
201811120113,6,2,
boundary: POLYGON((-121.582 39.6518,-121.612 39.6788,-121.617 39.6833,-121.617 39.6923,-121.612 39.7013,-121.606 39.7058,-121.588 39.7013,-121.559 39.7013,-121.542 39.6968,-121.518 39.6967,-121.512 39.6967,-121.495 39.6922,-121.483 39.6877,-121.46 39.6606,-121.454 39.6561,-121.454 39.6516,-121.454 39.6471,-121.454 39.6426,-121.46 39.6381,-121.466 39.6382,-121.472 39.6382,-121.477 39.6382,-121.507 39.6382,-121.512 39.6382,-121.524 39.6427,-121.553 39.6428,-121.559 39.6428,-121.571 39.6473,-121.582 39.6518))
201811120120,3,2,
Pattern Matcher : 46
201811120114,6,2,201811120120,3,2,
Pattern Matcher : 47
201811120116,6,2,201811120120,3,2,
Pattern Matcher : 48
201811120113,6,2,201811120121,3,2,
Pattern Matcher : 49
201811120114,6,2,
boundary: POLYGON((-121.384 39.791,-121.395 39.7955,-121.413 39.8001,-121.459 39.8271,-121.465 39.8272,-121.483 39.8317,-121.489 39.8362,-121.489 39.8407,-121.489 39.8542,-121.483 39.8587,-121.477 39.8587,-121.459 39.8541,-121.436 39.8541,-121.43 39.8541,-121.413 39.8496,-121.407 39.845,-121.378 39.818,-121.372 39.8135,-121.372 39.809,-121.372 39.8045,-121.372 39.8,-121.378 39.7955,-121.384 39.791))
201811120121,3,2,
Pattern Matcher : 50
201811120116,6,2,201811120121,3,2,
Pattern Matcher : 51
201811120213,6,2,
boundary: POLYGON((-121.472 39.6112,-121.478 39.6112,-121.483 39.6112,-121.489 39.6112,-121.501 39.6157,-121.507 39.6202,-121.553 39.6428,-121.559 39.6428,-121.571 39.6473,-121.582 39.6518,-121.612 39.6788,-121.617 39.6833,-121.617 39.6878,-121.617 39.6923,-121.612 39.7013,-121.606 39.7058,-121.588 39.7013,-121.559 39.7013,-121.542 39.6968,-121.518 39.6967,-121.512 39.6967,-121.495 39.6922,-121.483 39.6877,-121.46 39.6606,-121.454 39.6561,-121.454 39.6516,-121.454 39.6471,-121.454 39.6426,-121.466 39.6157,-121.472 39.6112))
201811120224,3,2,
Pattern Matcher : 52
201811120216,6,2,201811120224,3,2,
Pattern Matcher : 53
201811120219,6,2,201811120224,3,2,
Pattern Matcher : 54
201811120213,6,2,201811120227,3,2,
Pattern Matcher : 55
201811120216,6,2,
boundary: POLYGON((-121.384 39.791,-121.395 39.7955,-121.413 39.8001,-121.436 39.8271,-121.448 39.8316,-121.448 39.8361,-121.448 39.8406,-121.442 39.8496,-121.436 39.8541,-121.43 39.8541,-121.413 39.8496,-121.407 39.845,-121.378 39.818,-121.372 39.8135,-121.372 39.809,-121.372 39.8045,-121.372 39.8,-121.378 39.7955,-121.384 39.791))
201811120227,3,2,
Pattern Matcher : 56
201811120219,6,2,201811120227,3,2,
Pattern Matcher : 57
201811120213,6,2,201811120228,3,2,
Pattern Matcher : 58
201811120216,6,2,201811120228,3,2,
Pattern Matcher : 59
201811120219,6,2,
boundary: POLYGON((-121.699 39.7958,-121.699 39.8003,-121.699 39.8048,-121.699 39.8093,-121.699 39.8138,-121.693 39.8183,-121.687 39.8183,-121.682 39.8183,-121.676 39.8183,-121.658 39.8138,-121.658 39.8093,-121.658 39.7958,-121.664 39.7913,-121.67 39.7913,-121.676 39.7913,-121.682 39.7913,-121.699 39.7958))
201811120228,3,2,
Pattern Matcher : 60
201811120313,6,2,
boundary: POLYGON((-121.472 39.6112,-121.478 39.6112,-121.483 39.6112,-121.489 39.6112,-121.501 39.6157,-121.507 39.6202,-121.553 39.6428,-121.559 39.6428,-121.571 39.6473,-121.582 39.6518,-121.582 39.6563,-121.582 39.6608,-121.582 39.6653,-121.582 39.6698,-121.577 39.6743,-121.571 39.6743,-121.553 39.6698,-121.53 39.6697,-121.524 39.6697,-121.518 39.6697,-121.489 39.6652,-121.483 39.6652,-121.477 39.6652,-121.472 39.6652,-121.46 39.6606,-121.454 39.6561,-121.454 39.6516,-121.454 39.6471,-121.454 39.6426,-121.466 39.6157,-121.472 39.6112))
201811120324,3,2,
Pattern Matcher : 61
201811120316,6,2,201811120324,3,2,
Pattern Matcher : 62
201811120317,6,2,201811120324,3,2,
Pattern Matcher : 63
201811120313,6,2,201811120327,3,2,
Pattern Matcher : 64
201811120316,6,2,201811120327,3,2,
Pattern Matcher : 65
201811120317,6,2,
boundary: POLYGON((-121.413 39.8226,-121.419 39.8226,-121.436 39.8271,-121.448 39.8316,-121.448 39.8361,-121.448 39.8406,-121.442 39.8496,-121.436 39.8541,-121.43 39.8541,-121.413 39.8496,-121.407 39.845,-121.407 39.8405,-121.407 39.836,-121.407 39.8315,-121.407 39.827,-121.413 39.8226))
201811120327,3,2,
Pattern Matcher : 66
201811120411,6,2,
boundary: POLYGON((-121.46 39.6606,-121.454 39.6561,-121.454 39.6516,-121.454 39.6471,-121.454 39.6426,-121.46 39.6381,-121.466 39.6382,-121.472 39.6382,-121.477 39.6382,-121.507 39.6382,-121.512 39.6382,-121.524 39.6427,-121.542 39.6473,-121.542 39.6518,-121.536 39.6652,-121.53 39.6697,-121.524 39.6697,-121.518 39.6697,-121.489 39.6652,-121.483 39.6652,-121.477 39.6652,-121.472 39.6652,-121.46 39.6606))
201811120422,3,2,
Pattern Matcher : 67
201811120414,6,2,201811120422,3,2,
Pattern Matcher : 68
201811120411,6,2,201811120423,3,2,
Pattern Matcher : 69
201811120414,6,2,
boundary: POLYGON((-121.413 39.8226,-121.419 39.8226,-121.436 39.8271,-121.448 39.8316,-121.448 39.8361,-121.448 39.8406,-121.442 39.8496,-121.436 39.8541,-121.43 39.8541,-121.413 39.8496,-121.407 39.845,-121.407 39.8405,-121.407 39.836,-121.407 39.8315,-121.407 39.827,-121.413 39.8226))
201811120423,3,2,
Pattern Matcher : 70
201811120514,6,2,
boundary: POLYGON((-121.542 39.6473,-121.542 39.6518,-121.536 39.6652,-121.53 39.6697,-121.524 39.6697,-121.518 39.6697,-121.489 39.6652,-121.483 39.6652,-121.477 39.6652,-121.472 39.6652,-121.46 39.6606,-121.454 39.6561,-121.454 39.6516,-121.454 39.6471,-121.454 39.6426,-121.46 39.6381,-121.466 39.6382,-121.472 39.6382,-121.477 39.6382,-121.507 39.6382,-121.512 39.6382,-121.524 39.6427,-121.542 39.6473))
201811120529,3,2,
Pattern Matcher : 71
201811120516,6,2,201811120529,3,2,
Pattern Matcher : 72
201811120514,6,2,201811120530,3,2,
Pattern Matcher : 73
201811120516,6,2,201811120530,3,2,
Pattern Matcher : 74
201811120514,6,2,201811120533,3,2,
Pattern Matcher : 75
201811120516,6,2,
boundary: POLYGON((-121.413 39.8226,-121.419 39.8226,-121.436 39.8271,-121.448 39.8316,-121.448 39.8361,-121.448 39.8406,-121.442 39.8496,-121.436 39.8541,-121.43 39.8541,-121.413 39.8496,-121.407 39.845,-121.407 39.8405,-121.407 39.836,-121.407 39.8315,-121.407 39.827,-121.413 39.8226))
201811120533,3,2,
Pattern Matcher : 76
201811120514,6,2,201811120534,3,2,
Pattern Matcher : 77
201811120516,6,2,201811120534,3,2,
Pattern Matcher : 78
201811120618,6,2,
boundary: POLYGON((-121.46 39.6381,-121.466 39.6382,-121.472 39.6382,-121.477 39.6382,-121.507 39.6382,-121.512 39.6382,-121.524 39.6427,-121.542 39.6473,-121.542 39.6518,-121.536 39.6652,-121.53 39.6697,-121.524 39.6697,-121.518 39.6697,-121.489 39.6652,-121.483 39.6652,-121.477 39.6652,-121.472 39.6652,-121.46 39.6606,-121.454 39.6561,-121.454 39.6516,-121.454 39.6471,-121.454 39.6426,-121.46 39.6381))
201811120628,3,2,
Pattern Matcher : 79
201811120619,6,2,201811120628,3,2,
Pattern Matcher : 80
201811120618,6,2,201811120631,3,2,
Pattern Matcher : 81
201811120619,6,2,
boundary: POLYGON((-121.413 39.8226,-121.419 39.8226,-121.436 39.8271,-121.448 39.8316,-121.448 39.8361,-121.448 39.8406,-121.442 39.8496,-121.436 39.8541,-121.43 39.8541,-121.413 39.8496,-121.407 39.845,-121.407 39.8405,-121.407 39.836,-121.407 39.8315,-121.407 39.827,-121.413 39.8226))
201811120631,3,2,
Pattern Matcher : 82
201811120618,6,2,201811120634,3,2,
Pattern Matcher : 83
201811120619,6,2,201811120634,3,2,
Pattern Matcher : 84
201811120714,6,2,201811120728,3,2,
Pattern Matcher : 85
201811120717,6,2,
boundary: POLYGON((-121.507 39.6382,-121.512 39.6382,-121.524 39.6427,-121.542 39.6473,-121.542 39.6518,-121.536 39.6652,-121.53 39.6697,-121.524 39.6697,-121.518 39.6697,-121.507 39.6652,-121.495 39.6607,-121.501 39.6427,-121.507 39.6382))
201811120728,3,2,
Pattern Matcher : 86
201811120714,6,2,
boundary: POLYGON((-121.413 39.8226,-121.419 39.8226,-121.436 39.8271,-121.448 39.8316,-121.483 39.8317,-121.483 39.8317,-121.5 39.8317,-121.506 39.8317,-121.512 39.8317,-121.53 39.8362,-121.535 39.8407,-121.565 39.8678,-121.571 39.8723,-121.571 39.8768,-121.565 39.8903,-121.559 39.8903,-121.553 39.8903,-121.547 39.8902,-121.512 39.8902,-121.5 39.8857,-121.483 39.8812,-121.436 39.8541,-121.43 39.8541,-121.413 39.8496,-121.407 39.845,-121.407 39.8405,-121.407 39.836,-121.407 39.8315,-121.407 39.827,-121.413 39.8226))
201811120729,3,2,
Pattern Matcher : 87
201811120717,6,2,201811120729,3,2,
Pattern Matcher : 88
201811120815,6,2,
boundary: POLYGON((-121.507 39.6382,-121.512 39.6382,-121.524 39.6427,-121.542 39.6473,-121.542 39.6518,-121.536 39.6652,-121.53 39.6697,-121.524 39.6697,-121.518 39.6697,-121.507 39.6652,-121.495 39.6607,-121.501 39.6427,-121.507 39.6382))
201811120823,3,2,
Pattern Matcher : 89
201811120818,6,2,201811120823,3,2,
Pattern Matcher : 90
201811120815,6,2,201811120826,3,2,
Pattern Matcher : 91
201811120818,6,2,
boundary: POLYGON((-121.413 39.8226,-121.419 39.8226,-121.436 39.8271,-121.459 39.8271,-121.465 39.8272,-121.483 39.8317,-121.5 39.8317,-121.506 39.8317,-121.512 39.8317,-121.53 39.8362,-121.535 39.8407,-121.565 39.8678,-121.571 39.8723,-121.571 39.8768,-121.565 39.8903,-121.559 39.8903,-121.553 39.8903,-121.547 39.8902,-121.512 39.8902,-121.5 39.8857,-121.483 39.8812,-121.436 39.8541,-121.43 39.8541,-121.413 39.8496,-121.407 39.845,-121.407 39.8405,-121.407 39.836,-121.407 39.8315,-121.407 39.827,-121.413 39.8226))
201811120826,3,2,
Pattern Matcher : 92
201811120916,6,2,
boundary: POLYGON((-121.472 39.6112,-121.478 39.6112,-121.483 39.6112,-121.489 39.6112,-121.501 39.6157,-121.507 39.6202,-121.553 39.6428,-121.559 39.6428,-121.571 39.6473,-121.582 39.6518,-121.582 39.6563,-121.582 39.6608,-121.582 39.6698,-121.577 39.6743,-121.571 39.6743,-121.553 39.6698,-121.53 39.6697,-121.524 39.6697,-121.518 39.6697,-121.489 39.6652,-121.483 39.6652,-121.477 39.6652,-121.472 39.6652,-121.46 39.6606,-121.454 39.6561,-121.454 39.6516,-121.454 39.6471,-121.454 39.6426,-121.466 39.6157,-121.472 39.6112))
201811120932,3,2,
Pattern Matcher : 93
201811120918,6,2,201811120932,3,2,
Pattern Matcher : 94
201811120921,6,2,201811120932,3,2,
Pattern Matcher : 95
201811120916,6,2,201811120933,3,2,
Pattern Matcher : 96
201811120918,6,2,
boundary: POLYGON((-121.699 39.7958,-121.699 39.8048,-121.699 39.8138,-121.693 39.8183,-121.687 39.8183,-121.682 39.8183,-121.676 39.8183,-121.658 39.8138,-121.658 39.8093,-121.658 39.8048,-121.658 39.8003,-121.658 39.7958,-121.664 39.7913,-121.67 39.7913,-121.676 39.7913,-121.682 39.7913,-121.699 39.7958))
201811120933,3,2,
Pattern Matcher : 97
201811120921,6,2,201811120933,3,2,
Pattern Matcher : 98
201811120916,6,2,201811120936,3,2,
Pattern Matcher : 99
201811120918,6,2,201811120936,3,2,
Pattern Matcher : 100
201811120921,6,2,
boundary: POLYGON((-121.413 39.8226,-121.419 39.8226,-121.436 39.8271,-121.448 39.8316,-121.494 39.8587,-121.5 39.8587,-121.506 39.8587,-121.53 39.8632,-121.535 39.8632,-121.541 39.8632,-121.547 39.8633,-121.553 39.8633,-121.565 39.8678,-121.571 39.8723,-121.571 39.8768,-121.565 39.8903,-121.559 39.8903,-121.553 39.8903,-121.547 39.8902,-121.512 39.8902,-121.5 39.8857,-121.483 39.8812,-121.436 39.8541,-121.43 39.8541,-121.413 39.8496,-121.407 39.845,-121.407 39.8405,-121.407 39.836,-121.407 39.8315,-121.407 39.827,-121.413 39.8226))
201811120936,3,2,
Pattern Matcher : 101
201811121013,6,2,
boundary: POLYGON((-121.472 39.6112,-121.478 39.6112,-121.483 39.6112,-121.489 39.6112,-121.524 39.6112,-121.536 39.6157,-121.553 39.6203,-121.582 39.6518,-121.582 39.6563,-121.582 39.6608,-121.582 39.6698,-121.577 39.6743,-121.571 39.6743,-121.553 39.6698,-121.53 39.6697,-121.524 39.6697,-121.518 39.6697,-121.507 39.6652,-121.495 39.6607,-121.466 39.6337,-121.466 39.6292,-121.466 39.6247,-121.466 39.6202,-121.466 39.6157,-121.472 39.6112))
201811121023,3,2,
Pattern Matcher : 102
201811121016,6,2,201811121023,3,2,
Pattern Matcher : 103
201811121013,6,2,201811121026,3,2,
Pattern Matcher : 104
201811121016,6,2,
boundary: POLYGON((-121.413 39.8226,-121.419 39.8226,-121.436 39.8271,-121.448 39.8316,-121.494 39.8587,-121.5 39.8587,-121.506 39.8587,-121.53 39.8632,-121.535 39.8632,-121.541 39.8632,-121.547 39.8633,-121.553 39.8633,-121.565 39.8678,-121.571 39.8723,-121.571 39.8768,-121.565 39.8903,-121.559 39.8903,-121.553 39.8903,-121.547 39.8902,-121.512 39.8902,-121.5 39.8857,-121.483 39.8812,-121.436 39.8541,-121.43 39.8541,-121.413 39.8496,-121.407 39.845,-121.407 39.8405,-121.407 39.836,-121.407 39.8315,-121.407 39.827,-121.413 39.8226))
201811121026,3,2,
Pattern Matcher : 105
201811121111,6,2,
boundary: POLYGON((-121.472 39.6112,-121.478 39.6112,-121.483 39.6112,-121.489 39.6112,-121.501 39.6157,-121.507 39.6202,-121.542 39.6473,-121.542 39.6518,-121.536 39.6652,-121.53 39.6697,-121.524 39.6697,-121.518 39.6697,-121.507 39.6652,-121.495 39.6607,-121.466 39.6337,-121.466 39.6292,-121.466 39.6247,-121.466 39.6157,-121.472 39.6112))
201811121124,3,2,
Pattern Matcher : 106
201811121112,6,2,201811121124,3,2,
Pattern Matcher : 107
201811121111,6,2,201811121126,3,2,
Pattern Matcher : 108
201811121112,6,2,
boundary: POLYGON((-121.67 39.7913,-121.676 39.7913,-121.682 39.7913,-121.699 39.7958,-121.699 39.8003,-121.699 39.8048,-121.699 39.8093,-121.699 39.8138,-121.688 39.8318,-121.682 39.8453,-121.676 39.8453,-121.67 39.8453,-121.664 39.8453,-121.635 39.8408,-121.629 39.8408,-121.623 39.8408,-121.617 39.8408,-121.571 39.8768,-121.565 39.8903,-121.559 39.8903,-121.553 39.8903,-121.547 39.8902,-121.512 39.8902,-121.5 39.8857,-121.483 39.8812,-121.436 39.8541,-121.43 39.8541,-121.413 39.8496,-121.407 39.845,-121.407 39.8405,-121.407 39.836,-121.407 39.8315,-121.407 39.827,-121.413 39.8226,-121.419 39.8226,-121.436 39.8271,-121.448 39.8316,-121.494 39.8587,-121.5 39.8587,-121.506 39.8587,-121.53 39.8632,-121.535 39.8632,-121.541 39.8632,-121.547 39.8633,-121.6 39.8183,-121.606 39.8138,-121.612 39.8138,-121.617 39.8138,-121.658 39.7958,-121.664 39.7913,-121.67 39.7913))
201811121126,3,2,
Pattern Matcher : 109
201811121218,6,2,
boundary: POLYGON((-121.542 39.6473,-121.542 39.6518,-121.536 39.6652,-121.53 39.6697,-121.524 39.6697,-121.518 39.6697,-121.507 39.6652,-121.495 39.6607,-121.501 39.6427,-121.507 39.6382,-121.512 39.6382,-121.524 39.6427,-121.542 39.6473))
201811121233,3,2,
Pattern Matcher : 110
201811121221,6,2,201811121233,3,2,
Pattern Matcher : 111
201811121222,6,2,201811121233,3,2,
Pattern Matcher : 112
201811121218,6,2,201811121236,3,2,
Pattern Matcher : 113
201811121221,6,2,
boundary: POLYGON((-121.699 39.7958,-121.699 39.8048,-121.699 39.8138,-121.693 39.8183,-121.687 39.8183,-121.682 39.8183,-121.676 39.8183,-121.658 39.8138,-121.658 39.8093,-121.658 39.8048,-121.658 39.8003,-121.658 39.7958,-121.664 39.7913,-121.67 39.7913,-121.676 39.7913,-121.682 39.7913,-121.699 39.7958))
201811121236,3,2,
Pattern Matcher : 114
201811121222,6,2,201811121236,3,2,
Pattern Matcher : 115
201811121218,6,2,201811121238,3,2,
Pattern Matcher : 116
201811121221,6,2,201811121238,3,2,
Pattern Matcher : 117
201811121222,6,2,
boundary: POLYGON((-121.413 39.8226,-121.419 39.8226,-121.436 39.8271,-121.448 39.8316,-121.494 39.8587,-121.5 39.8587,-121.506 39.8587,-121.518 39.8632,-121.524 39.8677,-121.524 39.8722,-121.524 39.8767,-121.524 39.8791,-121.442 39.8496,-121.436 39.8541,-121.43 39.8541,-121.413 39.8496,-121.407 39.845,-121.407 39.8405,-121.407 39.836,-121.407 39.8315,-121.407 39.827,-121.413 39.8226))
201811121238,3,2,
Pattern Matcher : 118
201811121309,6,2,
boundary: POLYGON((-121.472 39.6112,-121.478 39.6112,-121.483 39.6112,-121.489 39.6112,-121.501 39.6157,-121.507 39.6202,-121.507 39.6247,-121.507 39.6292,-121.507 39.6337,-121.501 39.6382,-121.495 39.6382,-121.489 39.6382,-121.483 39.6382,-121.466 39.6337,-121.466 39.6292,-121.466 39.6247,-121.466 39.6202,-121.466 39.6157,-121.472 39.6112))
201811121324,3,2,
Pattern Matcher : 119
201811121312,6,2,201811121324,3,2,
Pattern Matcher : 120
201811121309,6,2,201811121326,3,2,
Pattern Matcher : 121
201811121312,6,2,
boundary: POLYGON((-121.413 39.8226,-121.419 39.8226,-121.436 39.8271,-121.448 39.8316,-121.494 39.8587,-121.5 39.8587,-121.506 39.8587,-121.53 39.8632,-121.535 39.8632,-121.541 39.8632,-121.547 39.8633,-121.553 39.8633,-121.565 39.8678,-121.571 39.8723,-121.571 39.8768,-121.565 39.8903,-121.559 39.8903,-121.553 39.8903,-121.547 39.8902,-121.53 39.8857,-121.53 39.8812,-121.442 39.8496,-121.436 39.8541,-121.43 39.8541,-121.413 39.8496,-121.407 39.845,-121.407 39.8405,-121.407 39.836,-121.407 39.8315,-121.407 39.827,-121.413 39.8226))
201811121326,3,2,
Pattern Matcher : 122
201811121414,6,2,
boundary: POLYGON((-121.472 39.6112,-121.478 39.6112,-121.483 39.6112,-121.489 39.6112,-121.501 39.6157,-121.507 39.6202,-121.542 39.6473,-121.542 39.6518,-121.536 39.6652,-121.53 39.6697,-121.524 39.6697,-121.518 39.6697,-121.489 39.6652,-121.483 39.6652,-121.477 39.6652,-121.472 39.6652,-121.46 39.6606,-121.454 39.6561,-121.454 39.6516,-121.454 39.6471,-121.454 39.6426,-121.466 39.6157,-121.472 39.6112))
201811121425,3,2,
Pattern Matcher : 123
201811121415,6,2,201811121425,3,2,
Pattern Matcher : 124
201811121414,6,2,201811121428,3,2,
Pattern Matcher : 125
201811121415,6,2,
boundary: POLYGON((-121.413 39.8226,-121.419 39.8226,-121.436 39.8271,-121.448 39.8316,-121.494 39.8587,-121.5 39.8587,-121.506 39.8587,-121.518 39.8632,-121.524 39.8677,-121.524 39.8722,-121.524 39.8767,-121.524 39.8791,-121.442 39.8496,-121.436 39.8541,-121.43 39.8541,-121.413 39.8496,-121.407 39.845,-121.407 39.8405,-121.407 39.836,-121.407 39.8315,-121.407 39.827,-121.413 39.8226))
201811121428,3,2,
Pattern Matcher : 126
201811121414,6,2,201811121431,3,2,
Pattern Matcher : 127
201811121415,6,2,201811121431,3,2,
Pattern Matcher : 128
201811121414,6,2,201811121432,3,2,
Pattern Matcher : 129
201811121415,6,2,201811121432,3,2,
Pattern Matcher : 130
201811121518,6,2,
boundary: POLYGON((-121.507 39.6382,-121.512 39.6382,-121.524 39.6427,-121.542 39.6473,-121.542 39.6518,-121.536 39.6652,-121.53 39.6697,-121.524 39.6697,-121.518 39.6697,-121.507 39.6652,-121.495 39.6607,-121.501 39.6427,-121.507 39.6382))
201811121527,3,2,
Pattern Matcher : 131
201811121519,6,2,201811121527,3,2,
Pattern Matcher : 132
201811121518,6,2,201811121530,3,2,
Pattern Matcher : 133
201811121519,6,2,201811121530,3,2,
Pattern Matcher : 134
201811121518,6,2,201811121533,3,2,
Pattern Matcher : 135
201811121519,6,2,
boundary: POLYGON((-121.571 39.8723,-121.571 39.8768,-121.565 39.8903,-121.559 39.8903,-121.553 39.8903,-121.547 39.8902,-121.53 39.8857,-121.53 39.8812,-121.53 39.8767,-121.53 39.8722,-121.53 39.8677,-121.53 39.8632,-121.535 39.8632,-121.541 39.8632,-121.547 39.8633,-121.553 39.8633,-121.565 39.8678,-121.571 39.8723))
201811121533,3,2,
Pattern Matcher : 136
201811121608,6,2,201811121628,3,2,
Pattern Matcher : 137
201811121610,6,2,201811121628,3,2,
Pattern Matcher : 138
201811121608,6,2,201811121630,3,2,
Pattern Matcher : 139
201811121610,6,2,
boundary: POLYGON((-121.5 39.8317,-121.506 39.8317,-121.512 39.8317,-121.53 39.8362,-121.535 39.8407,-121.582 39.8633,-121.6 39.8678,-121.611 39.8723,-121.611 39.8813,-121.611 39.8858,-121.611 39.8903,-121.606 39.8948,-121.6 39.8948,-121.594 39.8948,-121.565 39.8903,-121.559 39.8903,-121.553 39.8903,-121.547 39.8902,-121.53 39.8857,-121.495 39.8542,-121.495 39.8497,-121.495 39.8452,-121.495 39.8407,-121.495 39.8362,-121.5 39.8317))
201811121630,3,2,
Pattern Matcher : 140
201811121608,6,2,201811121631,3,2,
Pattern Matcher : 141
201811121610,6,2,201811121631,3,2,
Pattern Matcher : 142
201811121812,6,2,201811121818,3,2,
Pattern Matcher : 143
201811121814,6,2,
boundary: POLYGON((-121.413 39.8226,-121.419 39.8226,-121.436 39.8271,-121.448 39.8316,-121.448 39.8361,-121.448 39.8406,-121.442 39.8496,-121.436 39.8541,-121.43 39.8541,-121.413 39.8496,-121.407 39.845,-121.407 39.8405,-121.407 39.836,-121.407 39.8315,-121.407 39.827,-121.413 39.8226))
201811121818,3,2,
Pattern Matcher : 144
201811121911,6,2,201811121918,3,2,
Pattern Matcher : 145
201811121914,6,2,
boundary: POLYGON((-121.413 39.8226,-121.419 39.8226,-121.436 39.8271,-121.448 39.8316,-121.448 39.8361,-121.448 39.8406,-121.442 39.8496,-121.436 39.8541,-121.43 39.8541,-121.413 39.8496,-121.407 39.845,-121.407 39.8405,-121.407 39.836,-121.407 39.8315,-121.407 39.827,-121.413 39.8226))
201811121918,3,2,
Pattern Matcher : 146
201811122018,6,2,
boundary: POLYGON((-121.436 39.8541,-121.43 39.8541,-121.413 39.8496,-121.407 39.845,-121.407 39.8405,-121.407 39.836,-121.407 39.8315,-121.407 39.827,-121.413 39.8226,-121.419 39.8226,-121.436 39.8271,-121.448 39.8316,-121.448 39.8361,-121.448 39.8406,-121.442 39.8496,-121.436 39.8541))
201811122022,3,2,
Pattern Matcher : 147
201811122116,6,2,
boundary: POLYGON((-121.483 39.8317,-121.489 39.8362,-121.535 39.8632,-121.541 39.8632,-121.547 39.8633,-121.553 39.8633,-121.565 39.8678,-121.571 39.8723,-121.6 39.8993,-121.6 39.9038,-121.6 39.9083,-121.6 39.9128,-121.6 39.9173,-121.594 39.9218,-121.588 39.9218,-121.582 39.9218,-121.57 39.9173,-121.559 39.9128,-121.512 39.8902,-121.5 39.8857,-121.483 39.8812,-121.436 39.8541,-121.43 39.8541,-121.413 39.8496,-121.407 39.845,-121.407 39.836,-121.407 39.8315,-121.407 39.827,-121.413 39.8226,-121.419 39.8226,-121.436 39.8271,-121.459 39.8271,-121.465 39.8272,-121.483 39.8317))
201811122119,3,2,
Pattern Matcher : 148
201811122240,6,2,
boundary: POLYGON((-121.483 39.8317,-121.489 39.8362,-121.535 39.8632,-121.541 39.8632,-121.547 39.8633,-121.553 39.8633,-121.565 39.8678,-121.571 39.8723,-121.571 39.8768,-121.565 39.8903,-121.559 39.8903,-121.553 39.8903,-121.547 39.8902,-121.53 39.8857,-121.483 39.8587,-121.477 39.8587,-121.459 39.8541,-121.436 39.8541,-121.43 39.8541,-121.413 39.8496,-121.407 39.845,-121.407 39.8315,-121.407 39.827,-121.413 39.8226,-121.419 39.8226,-121.436 39.8271,-121.459 39.8271,-121.465 39.8272,-121.483 39.8317))
201811122244,3,2,
Pattern Matcher : 149
201811122346,6,2,
boundary: POLYGON((-121.436 39.8541,-121.43 39.8541,-121.413 39.8496,-121.407 39.845,-121.407 39.8315,-121.407 39.827,-121.413 39.8226,-121.419 39.8226,-121.436 39.8271,-121.448 39.8316,-121.448 39.8361,-121.448 39.8406,-121.442 39.8496,-121.436 39.8541))
201811122352,3,2,
Pattern Matcher : 150
201811130024,6,2,
boundary: POLYGON((-121.46 39.6381,-121.466 39.6382,-121.472 39.6382,-121.477 39.6382,-121.495 39.6427,-121.495 39.6472,-121.495 39.6517,-121.495 39.6562,-121.489 39.6652,-121.483 39.6652,-121.477 39.6652,-121.472 39.6652,-121.46 39.6606,-121.454 39.6561,-121.454 39.6516,-121.454 39.6471,-121.454 39.6426,-121.46 39.6381))
201811130032,3,2,
Pattern Matcher : 151
201811130026,6,2,201811130032,3,2,
Pattern Matcher : 152
201811130024,6,2,201811130035,3,2,
Pattern Matcher : 153
201811130026,6,2,
boundary: POLYGON((-121.413 39.8226,-121.419 39.8226,-121.436 39.8271,-121.448 39.8316,-121.448 39.8361,-121.448 39.8406,-121.442 39.8496,-121.436 39.8541,-121.43 39.8541,-121.413 39.8496,-121.407 39.845,-121.407 39.8405,-121.407 39.836,-121.407 39.8315,-121.407 39.827,-121.413 39.8226))
201811130035,3,2,
Pattern Matcher : 154
201811130109,6,2,
boundary: POLYGON((-121.413 39.8226,-121.419 39.8226,-121.436 39.8271,-121.459 39.8271,-121.465 39.8272,-121.483 39.8317,-121.489 39.8362,-121.489 39.8407,-121.489 39.8452,-121.489 39.8497,-121.489 39.8542,-121.483 39.8587,-121.477 39.8587,-121.459 39.8541,-121.436 39.8541,-121.43 39.8541,-121.413 39.8496,-121.407 39.845,-121.407 39.8405,-121.407 39.836,-121.407 39.8315,-121.407 39.827,-121.413 39.8226))
201811130115,3,2,
Pattern Matcher : 155
201811130213,6,2,
boundary: POLYGON((-121.413 39.8226,-121.419 39.8226,-121.436 39.8271,-121.459 39.8271,-121.465 39.8272,-121.483 39.8317,-121.489 39.8362,-121.489 39.8407,-121.489 39.8452,-121.489 39.8497,-121.489 39.8542,-121.477 39.8812,-121.465 39.8856,-121.448 39.8811,-121.436 39.8766,-121.413 39.8496,-121.407 39.845,-121.407 39.8405,-121.407 39.8315,-121.407 39.827,-121.413 39.8226))
201811130220,3,2,
Pattern Matcher : 156
201811130311,6,2,
boundary: POLYGON((-121.413 39.8226,-121.419 39.8226,-121.436 39.8271,-121.459 39.8271,-121.465 39.8272,-121.483 39.8317,-121.489 39.8362,-121.518 39.8632,-121.524 39.8677,-121.524 39.8722,-121.524 39.8812,-121.518 39.8857,-121.512 39.8902,-121.5 39.8857,-121.465 39.8856,-121.448 39.8811,-121.436 39.8766,-121.413 39.8496,-121.407 39.845,-121.407 39.8405,-121.407 39.8315,-121.407 39.827,-121.413 39.8226))
201811130315,3,2,
Pattern Matcher : 157
201811130409,6,2,201811130417,3,2,
Pattern Matcher : 158
201811130409,6,2,201811130419,3,2,
Pattern Matcher : 159
201811130409,6,2,
boundary: POLYGON((-121.413 39.8226,-121.419 39.8226,-121.436 39.8271,-121.448 39.8316,-121.471 39.8587,-121.477 39.8632,-121.477 39.8677,-121.477 39.8722,-121.477 39.8767,-121.477 39.8812,-121.465 39.8856,-121.448 39.8811,-121.436 39.8766,-121.413 39.8496,-121.407 39.845,-121.407 39.8405,-121.407 39.8315,-121.407 39.827,-121.413 39.8226))
201811130422,3,2,
Pattern Matcher : 160
201811130409,6,2,201811130424,3,2,
Pattern Matcher : 161
201811130409,6,2,201811130425,3,2,
Pattern Matcher : 162
201811130514,6,2,201811130515,3,2,
Pattern Matcher : 163
201811130514,6,2,201811130517,3,2,
Pattern Matcher : 164
201811130514,6,2,
boundary: POLYGON((-121.413 39.8226,-121.419 39.8226,-121.436 39.8271,-121.448 39.8316,-121.471 39.8587,-121.477 39.8632,-121.477 39.8677,-121.477 39.8722,-121.477 39.8767,-121.477 39.8812,-121.465 39.8856,-121.448 39.8811,-121.436 39.8766,-121.413 39.8496,-121.407 39.845,-121.407 39.8405,-121.407 39.8315,-121.407 39.827,-121.413 39.8226))
201811130520,3,2,
Pattern Matcher : 165
201811130514,6,2,201811130522,3,2,
Pattern Matcher : 166
201811130514,6,2,201811130525,3,2,
Pattern Matcher : 167
201811130514,6,2,201811130526,3,2,
Pattern Matcher : 168
201811130613,6,2,
boundary: POLYGON((-121.407 39.827,-121.413 39.8226,-121.419 39.8226,-121.436 39.8271,-121.448 39.8316,-121.471 39.8587,-121.477 39.8632,-121.477 39.8677,-121.477 39.8722,-121.477 39.8767,-121.477 39.8812,-121.465 39.8856,-121.448 39.8811,-121.436 39.8766,-121.413 39.8496,-121.407 39.845,-121.407 39.8405,-121.407 39.836,-121.407 39.8315,-121.407 39.827))
201811130616,3,2,
Pattern Matcher : 169
201811130613,6,2,201811130618,3,2,
Pattern Matcher : 170
201811130613,6,2,201811130621,3,2,
Pattern Matcher : 171
201811130713,6,2,
boundary: POLYGON((-121.407 39.827,-121.413 39.8226,-121.419 39.8226,-121.436 39.8271,-121.448 39.8316,-121.471 39.8587,-121.477 39.8632,-121.477 39.8677,-121.477 39.8722,-121.477 39.8767,-121.477 39.8812,-121.465 39.8856,-121.448 39.8811,-121.436 39.8766,-121.413 39.8496,-121.407 39.845,-121.407 39.8405,-121.407 39.836,-121.407 39.8315,-121.407 39.827))
201811130716,3,2,
Pattern Matcher : 172
201811130713,6,2,201811130719,3,2,
Pattern Matcher : 173
201811130809,6,2,
boundary: POLYGON((-121.407 39.827,-121.413 39.8226,-121.419 39.8226,-121.436 39.8271,-121.448 39.8316,-121.471 39.8587,-121.477 39.8632,-121.477 39.8677,-121.477 39.8722,-121.477 39.8767,-121.477 39.8812,-121.465 39.8856,-121.448 39.8811,-121.436 39.8766,-121.413 39.8496,-121.407 39.845,-121.407 39.8405,-121.407 39.836,-121.407 39.8315,-121.407 39.827))
201811130811,3,2,
Pattern Matcher : 174
201811140209,6,2,
boundary: POLYGON((-121.436 39.8586,-121.442 39.8541,-121.448 39.8541,-121.454 39.8541,-121.471 39.8587,-121.477 39.8632,-121.477 39.8677,-121.477 39.8722,-121.477 39.8767,-121.477 39.8812,-121.465 39.8856,-121.448 39.8811,-121.436 39.8766,-121.436 39.8721,-121.436 39.8676,-121.436 39.8631,-121.436 39.8586))
201811140210,3,2,
Pattern Matcher : 175
201811140209,6,2,201811140211,3,2,
Pattern Matcher : 176
201811140209,6,2,201811140213,3,2,
Pattern Matcher : 177
201811140312,6,2,201811140318,3,2,
Pattern Matcher : 178
201811140312,6,2,201811140321,3,2,
Pattern Matcher : 179
201811140312,6,2,201811140323,3,2,
Pattern Matcher : 180
201811140312,6,2,
boundary: POLYGON((-121.413 39.8226,-121.419 39.8226,-121.436 39.8271,-121.448 39.8316,-121.471 39.8587,-121.477 39.8632,-121.477 39.8677,-121.477 39.8767,-121.477 39.8812,-121.465 39.8856,-121.448 39.8811,-121.436 39.8766,-121.413 39.8496,-121.407 39.845,-121.407 39.8405,-121.407 39.836,-121.407 39.8315,-121.407 39.827,-121.413 39.8226))
201811140324,3,2,
Pattern Matcher : 181
201811140312,6,2,201811140325,3,2,
Pattern Matcher : 182
201811140312,6,2,201811140326,3,2,
Pattern Matcher : 183
201811140312,6,2,201811140327,3,2,
Pattern Matcher : 184
201811140312,6,2,201811140328,3,2,
Pattern Matcher : 185
201811140312,6,2,201811140331,3,2,
Pattern Matcher : 186
201811140410,6,2,201811140414,3,2,
Pattern Matcher : 187
201811140410,6,2,201811140417,3,2,
Pattern Matcher : 188
201811140410,6,2,201811140419,3,2,
Pattern Matcher : 189
201811140410,6,2,201811140422,3,2,
Pattern Matcher : 190
201811140410,6,2,
boundary: POLYGON((-121.471 39.8587,-121.477 39.8632,-121.477 39.8767,-121.477 39.8812,-121.465 39.8856,-121.448 39.8811,-121.436 39.8766,-121.436 39.8721,-121.436 39.8676,-121.436 39.8631,-121.436 39.8586,-121.442 39.8541,-121.448 39.8541,-121.454 39.8541,-121.471 39.8587))
201811140423,3,2,
Pattern Matcher : 191
201811140410,6,2,201811140426,3,2,
Pattern Matcher : 192
201811140410,6,2,201811140429,3,2,
Pattern Matcher : 193
201811140410,6,2,201811140431,3,2,
Pattern Matcher : 194
201811140410,6,2,201811140432,3,2,
Pattern Matcher : 195
201811140410,6,2,201811140434,3,2,
Pattern Matcher : 196
201811140512,6,2,201811140513,3,2,
Pattern Matcher : 197
201811140512,6,2,201811140516,3,2,
Pattern Matcher : 198
201811140512,6,2,201811140518,3,2,
Pattern Matcher : 199
201811140512,6,2,
boundary: POLYGON((-121.401 39.8495,-121.407 39.8495,-121.424 39.8541,-121.442 39.8541,-121.448 39.8541,-121.454 39.8541,-121.471 39.8587,-121.477 39.8632,-121.477 39.8677,-121.477 39.8722,-121.477 39.8767,-121.477 39.8812,-121.465 39.8856,-121.448 39.8811,-121.424 39.8811,-121.418 39.8811,-121.401 39.8765,-121.389 39.872,-121.389 39.8675,-121.395 39.854,-121.401 39.8495))
201811140521,3,2,
Pattern Matcher : 200
201811140512,6,2,201811140523,3,2,
Pattern Matcher : 201
201811140512,6,2,201811140526,3,2,
Pattern Matcher : 202
201811140610,6,2,
boundary: POLYGON((-121.442 39.8541,-121.448 39.8541,-121.454 39.8541,-121.471 39.8587,-121.477 39.8632,-121.477 39.8677,-121.477 39.8722,-121.477 39.8767,-121.477 39.8812,-121.465 39.8856,-121.448 39.8811,-121.436 39.8766,-121.436 39.8721,-121.436 39.8676,-121.436 39.8631,-121.436 39.8586,-121.442 39.8541))
201811140613,3,2,
Pattern Matcher : 203
201811140610,6,2,201811140616,3,2,
Pattern Matcher : 204
201811140713,6,2,
boundary: POLYGON((-121.413 39.8226,-121.419 39.8226,-121.436 39.8271,-121.448 39.8316,-121.471 39.8587,-121.477 39.8632,-121.477 39.8767,-121.477 39.8812,-121.465 39.8856,-121.448 39.8811,-121.436 39.8766,-121.413 39.8496,-121.407 39.845,-121.407 39.8405,-121.407 39.836,-121.407 39.8315,-121.407 39.827,-121.413 39.8226))
201811140719,3,2,
Pattern Matcher : 205
201811140813,6,2,
boundary: POLYGON((-121.524 39.6112,-121.536 39.6157,-121.553 39.6203,-121.553 39.6248,-121.553 39.6293,-121.553 39.6338,-121.553 39.6383,-121.547 39.6428,-121.542 39.6428,-121.536 39.6427,-121.53 39.6427,-121.518 39.6382,-121.512 39.6337,-121.513 39.6247,-121.513 39.6202,-121.518 39.6157,-121.524 39.6112))
201811140824,3,2,
Pattern Matcher : 206
201811140816,6,2,201811140824,3,2,
Pattern Matcher : 207
201811140818,6,2,201811140824,3,2,
Pattern Matcher : 208
201811140813,6,2,201811140826,3,2,
Pattern Matcher : 209
201811140816,6,2,
boundary: POLYGON((-121.652 39.8138,-121.67 39.8183,-121.688 39.8228,-121.688 39.8273,-121.688 39.8318,-121.682 39.8453,-121.676 39.8453,-121.67 39.8453,-121.664 39.8453,-121.652 39.8408,-121.647 39.8363,-121.647 39.8318,-121.647 39.8273,-121.647 39.8228,-121.647 39.8183,-121.652 39.8138))
201811140826,3,2,
Pattern Matcher : 210
201811140818,6,2,201811140826,3,2,
Pattern Matcher : 211
201811140813,6,2,201811140827,3,2,
Pattern Matcher : 212
201811140816,6,2,201811140827,3,2,
Pattern Matcher : 213
201811140818,6,2,
boundary: POLYGON((-121.372 39.818,-121.383 39.8225,-121.413 39.8226,-121.419 39.8226,-121.436 39.8271,-121.448 39.8316,-121.471 39.8587,-121.477 39.8632,-121.477 39.8677,-121.477 39.8722,-121.477 39.8767,-121.477 39.8812,-121.465 39.8856,-121.448 39.8811,-121.424 39.8811,-121.418 39.8811,-121.401 39.8765,-121.389 39.872,-121.366 39.845,-121.36 39.8404,-121.36 39.8359,-121.36 39.8314,-121.36 39.8269,-121.366 39.8225,-121.372 39.818))
201811140827,3,2,
Pattern Matcher : 214
201811140915,6,2,201811140922,3,2,
Pattern Matcher : 215
201811140916,6,2,
boundary: POLYGON((-121.465 39.8856,-121.448 39.8811,-121.424 39.8811,-121.418 39.8811,-121.401 39.8765,-121.389 39.872,-121.389 39.8675,-121.395 39.854,-121.401 39.8495,-121.407 39.8495,-121.424 39.8541,-121.442 39.8541,-121.448 39.8541,-121.454 39.8541,-121.471 39.8587,-121.477 39.8632,-121.477 39.8677,-121.477 39.8722,-121.477 39.8767,-121.477 39.8812,-121.465 39.8856))
201811140922,3,2,
Pattern Matcher : 216
201811140915,6,2,
boundary: POLYGON((-121.652 39.8138,-121.67 39.8183,-121.688 39.8228,-121.688 39.8273,-121.688 39.8318,-121.682 39.8453,-121.676 39.8453,-121.67 39.8453,-121.664 39.8453,-121.652 39.8408,-121.647 39.8363,-121.647 39.8318,-121.647 39.8273,-121.647 39.8228,-121.647 39.8183,-121.652 39.8138))
201811140925,3,2,
Pattern Matcher : 217
201811140916,6,2,201811140925,3,2,
Pattern Matcher : 218
201811141014,6,2,
boundary: POLYGON((-121.465 39.8856,-121.448 39.8811,-121.424 39.8811,-121.418 39.8811,-121.401 39.8765,-121.389 39.872,-121.389 39.8675,-121.395 39.854,-121.401 39.8495,-121.407 39.8495,-121.424 39.8541,-121.442 39.8541,-121.448 39.8541,-121.454 39.8541,-121.471 39.8587,-121.477 39.8632,-121.477 39.8677,-121.477 39.8722,-121.477 39.8767,-121.477 39.8812,-121.465 39.8856))
201811141019,3,2,
Pattern Matcher : 219
201811141014,6,2,201811141020,3,2,
Pattern Matcher : 220
201811141014,6,2,201811141023,3,2,
Pattern Matcher : 221
201811141115,6,2,
boundary: POLYGON((-121.401 39.8495,-121.407 39.8495,-121.424 39.8541,-121.442 39.8541,-121.448 39.8541,-121.454 39.8541,-121.471 39.8587,-121.477 39.8632,-121.477 39.8677,-121.477 39.8722,-121.477 39.8767,-121.477 39.8812,-121.465 39.8856,-121.448 39.8811,-121.424 39.8811,-121.418 39.8811,-121.401 39.8765,-121.389 39.872,-121.389 39.8675,-121.395 39.854,-121.401 39.8495))
201811141118,3,2,
Pattern Matcher : 222
201811141115,6,2,201811141120,3,2,
Pattern Matcher : 223
201811141211,6,2,
boundary: POLYGON((-121.401 39.8495,-121.407 39.8495,-121.424 39.8541,-121.442 39.8541,-121.448 39.8541,-121.454 39.8541,-121.471 39.8587,-121.477 39.8632,-121.477 39.8767,-121.477 39.8812,-121.465 39.8856,-121.448 39.8811,-121.424 39.8811,-121.418 39.8811,-121.401 39.8765,-121.389 39.872,-121.389 39.8675,-121.395 39.854,-121.401 39.8495))
201811141216,3,2,
Pattern Matcher : 224
201811141211,6,2,201811141217,3,2,
Pattern Matcher : 225
201811141310,6,2,201811141313,3,2,
Pattern Matcher : 226
201811141310,6,2,201811141314,3,2,
Pattern Matcher : 227
201811141310,6,2,
boundary: POLYGON((-121.401 39.8495,-121.407 39.8495,-121.424 39.8541,-121.442 39.8541,-121.448 39.8541,-121.454 39.8541,-121.471 39.8587,-121.477 39.8632,-121.477 39.8767,-121.477 39.8812,-121.465 39.8856,-121.448 39.8811,-121.424 39.8811,-121.418 39.8811,-121.401 39.8765,-121.389 39.872,-121.389 39.8675,-121.395 39.854,-121.401 39.8495))
201811141316,3,2,
Pattern Matcher : 228
201811141525,6,2,201811141527,3,2,
Pattern Matcher : 229
201811141525,6,2,
boundary: POLYGON((-121.395 39.854,-121.401 39.8495,-121.407 39.8495,-121.424 39.8541,-121.43 39.8586,-121.43 39.8631,-121.43 39.8676,-121.43 39.8721,-121.43 39.8766,-121.424 39.8811,-121.418 39.8811,-121.401 39.8765,-121.389 39.872,-121.389 39.8675,-121.395 39.854))
201811141529,3,2,
Pattern Matcher : 230
201811141525,6,2,201811141530,3,2,
Pattern Matcher : 231
201811141525,6,2,201811141533,3,2,
Pattern Matcher : 232
201811141612,6,2,
boundary: POLYGON((-121.465 39.8856,-121.448 39.8811,-121.424 39.8811,-121.418 39.8811,-121.401 39.8765,-121.389 39.872,-121.389 39.8675,-121.395 39.854,-121.401 39.8495,-121.407 39.8495,-121.424 39.8541,-121.442 39.8541,-121.448 39.8541,-121.454 39.8541,-121.471 39.8587,-121.477 39.8632,-121.477 39.8677,-121.477 39.8722,-121.477 39.8767,-121.477 39.8812,-121.465 39.8856))
201811141614,3,2,
Pattern Matcher : 233
201811141612,6,2,201811141615,3,2,
Pattern Matcher : 234
201811141612,6,2,201811141618,3,2,
Pattern Matcher : 235
201811141612,6,2,201811141621,3,2,
Pattern Matcher : 236
201811141612,6,2,201811141624,3,2,
Pattern Matcher : 237
201811141612,6,2,201811141626,3,2,
Pattern Matcher : 238
201811141815,6,2,201811141825,3,2,
Pattern Matcher : 239
201811141815,6,2,
boundary: POLYGON((-121.401 39.8495,-121.407 39.8495,-121.424 39.8541,-121.442 39.8541,-121.448 39.8541,-121.454 39.8541,-121.471 39.8587,-121.477 39.8632,-121.477 39.8767,-121.477 39.8812,-121.465 39.8856,-121.448 39.8811,-121.424 39.8811,-121.418 39.8811,-121.401 39.8765,-121.389 39.872,-121.389 39.8675,-121.395 39.854,-121.401 39.8495))
201811141827,3,2,
Pattern Matcher : 240
201811141815,6,2,201811141830,3,2,
Pattern Matcher : 241
201811141815,6,2,201811141833,3,2,
Pattern Matcher : 242
201811141815,6,2,201811141834,3,2,
Pattern Matcher : 243
201811141815,6,2,201811141835,3,2,
Pattern Matcher : 244
201811141815,6,2,201811141838,3,2,
Pattern Matcher : 245
201811141913,6,2,201811141920,3,2,
Pattern Matcher : 246
201811141913,6,2,201811141921,3,2,
Pattern Matcher : 247
201811141913,6,2,201811141924,3,2,
Pattern Matcher : 248
201811141913,6,2,201811141925,3,2,
Pattern Matcher : 249
201811141913,6,2,
boundary: POLYGON((-121.471 39.8587,-121.477 39.8632,-121.477 39.8677,-121.477 39.8767,-121.477 39.8812,-121.465 39.8856,-121.448 39.8811,-121.424 39.8811,-121.418 39.8811,-121.401 39.8765,-121.389 39.872,-121.389 39.8675,-121.395 39.854,-121.401 39.8495,-121.407 39.8495,-121.424 39.8541,-121.442 39.8541,-121.448 39.8541,-121.454 39.8541,-121.471 39.8587))
201811141926,3,2,
Pattern Matcher : 250
201811141913,6,2,201811141929,3,2,
Pattern Matcher : 251
201811141913,6,2,201811141932,3,2,
Pattern Matcher : 252
201811141913,6,2,201811141933,3,2,
Pattern Matcher : 253
201811141913,6,2,201811141936,3,2,
Pattern Matcher : 254
201811142009,6,2,201811142029,3,2,
Pattern Matcher : 255
201811142009,6,2,201811142031,3,2,
Pattern Matcher : 256
201811142009,6,2,201811142033,3,2,
Pattern Matcher : 257
201811142009,6,2,201811142035,3,2,
Pattern Matcher : 258
201811142009,6,2,201811142038,3,2,
Pattern Matcher : 259
201811142009,6,2,201811142039,3,2,
Pattern Matcher : 260
201811142009,6,2,201811142042,3,2,
Pattern Matcher : 261
201811142009,6,2,
boundary: POLYGON((-121.401 39.8495,-121.407 39.8495,-121.424 39.8541,-121.43 39.8586,-121.43 39.8631,-121.43 39.8676,-121.43 39.8721,-121.43 39.8766,-121.424 39.8811,-121.418 39.8811,-121.401 39.8765,-121.389 39.872,-121.389 39.8675,-121.395 39.854,-121.401 39.8495))
201811142044,3,2,
Pattern Matcher : 262
201811142009,6,2,201811142046,3,2,
Pattern Matcher : 263
201811142009,6,2,201811142049,3,2,
Pattern Matcher : 264
201811142009,6,2,201811142051,3,2,
Pattern Matcher : 265
201811142009,6,2,201811142054,3,2,
Pattern Matcher : 266
201811142212,6,2,201811142221,3,2,
Pattern Matcher : 267
201811142212,6,2,201811142223,3,2,
Pattern Matcher : 268
201811142212,6,2,201811142226,3,2,
Pattern Matcher : 269
201811142212,6,2,201811142227,3,2,
Pattern Matcher : 270
201811142212,6,2,201811142229,3,2,
Pattern Matcher : 271
201811142212,6,2,201811142230,3,2,
Pattern Matcher : 272
201811142212,6,2,201811142233,3,2,
Pattern Matcher : 273
201811142319,6,2,201811142324,3,2,
Pattern Matcher : 274
201811142319,6,2,
boundary: POLYGON((-121.401 39.8495,-121.407 39.8495,-121.424 39.8541,-121.442 39.8541,-121.448 39.8541,-121.454 39.8541,-121.471 39.8587,-121.477 39.8632,-121.477 39.8767,-121.477 39.8812,-121.465 39.8856,-121.448 39.8811,-121.424 39.8811,-121.418 39.8811,-121.401 39.8765,-121.389 39.872,-121.389 39.8675,-121.395 39.854,-121.401 39.8495))
201811142326,3,2,
Pattern Matcher : 275
201811142319,6,2,201811142327,3,2,
Pattern Matcher : 276
201811142319,6,2,201811142330,3,2,
event stream queue is empty now!
perform 1loadshedding
eventCn 2693
#full Match 277
#high latecny (> 150)16
#NumPartialMatch 278
#NumDropedPM 0
#NumDropedInputEvents 0
avg latency: 57
expression size: 0



********   Event Pattern    ********
TYPE Satellite {
    time,
    channelID,
    level,
    boundary
};

QUERY fail3
EVENT SEQ(Satellite c07,Satellite c07MinusC14)
WHERE c07.boundary /\ c07MinusC14.boundary
    && c07.channelID == 6 
    && c07MinusC14.channelID == 3
    && c07.level == 2 && c07MinusC14.level == 2
WITHIN 1h
RETURN Fire(c07.time,c07.channelID,c07.level,
    INTERSECT(c07.boundary,c07MinusC14.boundary),
    c07MinusC14.time,c07MinusC14.channelID,c07MinusC14.level
);