consumption and contribution for event A on v1
time slice 1
1 , 2191226 , 1555208
2 , 2027423 , 1391320
3 , 1853800 , 1216813
4 , 1673394 , 1040361
5 , 1485555 , 858144
6 , 1343035 , 700867
7 , 1147068 , 515574
8 , 982712 , 347351
9 , 811784 , 174997
10 , 629193 , 0
===============================================
time slice 2
===============================================
time slice 3
===============================================
time slice 4
===============================================
time slice 5
===============================================
===============================================
consumption and contribution for event B on v1
time slice 1
1 , 691592 , 565832
2 , 625277 , 499695
3 , 555916 , 431939
4 , 503911 , 377462
5 , 434916 , 310201
6 , 375399 , 250184
7 , 313465 , 187985
8 , 244709 , 122118
9 , 187464 , 63331
10 , 124068 , 0
===============================================
time slice 1
1 , 565516 , 565832
2 , 513587 , 499695
3 , 463560 , 431939
4 , 424626 , 377462
5 , 366501 , 310201
6 , 321551 , 250184
7 , 271263 , 187985
8 , 218447 , 122118
9 , 171578 , 63331
10 , 123579 , 0
===============================================
time slice 1
1 , 440941 , 565832
2 , 403102 , 499695
3 , 363421 , 431939
4 , 337696 , 377462
5 , 299078 , 310201
6 , 265143 , 250184
7 , 228747 , 187985
8 , 190105 , 122118
9 , 158547 , 63331
10 , 123757 , 0
===============================================
time slice 1
1 , 313723 , 565832
2 , 291465 , 499695
3 , 267048 , 431939
4 , 251724 , 377462
5 , 229372 , 310201
6 , 208456 , 250184
7 , 186902 , 187985
8 , 163267 , 122118
9 , 144186 , 63331
10 , 123782 , 0
===============================================
time slice 1
1 , 186605 , 565832
2 , 177516 , 499695
3 , 167626 , 431939
4 , 166283 , 377462
5 , 156278 , 310201
6 , 150850 , 250184
7 , 143738 , 187985
8 , 133257 , 122118
9 , 129125 , 63331
10 , 121954 , 0
===============================================
===============================================
contribution for event C on v1
time slice 1
2 , 177592 , 177592
3 , 352829 , 352829
4 , 516173 , 516173
5 , 696620 , 696620
6 , 871915 , 871915
7 , 1037684 , 1037684
8 , 1193846 , 1193846
9 , 1386081 , 1386081
10 , 1567895 , 1567895
===============================================
time slice 2
===============================================
time slice 3
===============================================
time slice 4
===============================================
time slice 5
===============================================
===============================================
consumption and contribution for partial match 1
time slice 1
1 , 2191226 , 1555208
2 , 2027423 , 1391320
3 , 1853800 , 1216813
4 , 1673394 , 1040361
5 , 1485555 , 858144
6 , 1343035 , 700867
7 , 1147068 , 515574
8 , 982712 , 347351
9 , 811784 , 174997
10 , 629193 , 0
===============================================
time slice 2
===============================================
time slice 3
===============================================
time slice 4
===============================================
time slice 5
===============================================
===============================================
consumption and contribution for partial match 2
time slice 1
2 , 77262 , 64394 , 0.83345
3 , 152481 , 127240 , 0.834465
4 , 223310 , 185836 , 0.832188
5 , 299105 , 249284 , 0.833433
6 , 377133 , 314257 , 0.833279
7 , 447879 , 372630 , 0.831988
8 , 517404 , 430042 , 0.831153
9 , 600449 , 500213 , 0.833065
10 , 677736 , 564851 , 0.833438
11 , 124634 , 0 , 0
12 , 112160 , 0 , 0
13 , 99954 , 0 , 0
14 , 86840 , 0 , 0
15 , 74735 , 0 , 0
16 , 61967 , 0 , 0
17 , 49521 , 0 , 0
18 , 36947 , 0 , 0
19 , 25001 , 0 , 0
20 , 12199 , 0 , 0
===============================================
time slice 2
2 , 62936 , 50198 , 0.797604
3 , 123585 , 98476 , 0.796828
4 , 182623 , 145055 , 0.794287
5 , 247008 , 196639 , 0.796084
6 , 307061 , 244300 , 0.795607
7 , 367472 , 291809 , 0.794099
8 , 423884 , 335876 , 0.792377
9 , 489660 , 389429 , 0.795305
10 , 551989 , 439148 , 0.795574
11 , 124404 , 0 , 0
12 , 112335 , 0 , 0
13 , 99231 , 0 , 0
14 , 87328 , 0 , 0
15 , 74286 , 0 , 0
16 , 62221 , 0 , 0
17 , 49754 , 0 , 0
18 , 37302 , 0 , 0
19 , 24696 , 0 , 0
20 , 12433 , 0 , 0
===============================================
time slice 3
2 , 47596 , 35038 , 0.736154
3 , 95854 , 70716 , 0.737747
4 , 140528 , 103026 , 0.733135
5 , 190156 , 139839 , 0.735391
6 , 237436 , 174705 , 0.735798
7 , 283978 , 208264 , 0.733381
8 , 326378 , 238965 , 0.732173
9 , 377626 , 277479 , 0.734798
10 , 426815 , 314038 , 0.735771
11 , 124969 , 0 , 0
12 , 112420 , 0 , 0
13 , 99668 , 0 , 0
14 , 87487 , 0 , 0
15 , 74132 , 0 , 0
16 , 61994 , 0 , 0
17 , 49507 , 0 , 0
18 , 36906 , 0 , 0
19 , 24842 , 0 , 0
20 , 12245 , 0 , 0
===============================================
time slice 4
2 , 33161 , 20754 , 0.625856
3 , 67474 , 42395 , 0.628316
4 , 99737 , 62177 , 0.62341
5 , 132936 , 83110 , 0.625188
6 , 167590 , 104862 , 0.625706
7 , 199927 , 124692 , 0.623688
8 , 229494 , 142250 , 0.619842
9 , 264896 , 165185 , 0.623584
10 , 300936 , 188657 , 0.626901
11 , 125258 , 0 , 0
12 , 112386 , 0 , 0
13 , 99776 , 0 , 0
14 , 87032 , 0 , 0
15 , 74433 , 0 , 0
16 , 62027 , 0 , 0
17 , 49339 , 0 , 0
18 , 36868 , 0 , 0
19 , 24495 , 0 , 0
20 , 12160 , 0 , 0
===============================================
time slice 5
2 , 19778 , 7208 , 0.364445
3 , 38792 , 14002 , 0.360951
4 , 57011 , 20079 , 0.352195
5 , 77740 , 27748 , 0.356933
6 , 95617 , 33791 , 0.3534
7 , 114121 , 40289 , 0.353038
8 , 133682 , 46713 , 0.349434
9 , 151907 , 53775 , 0.353999
10 , 171867 , 61201 , 0.356095
11 , 122986 , 0 , 0
12 , 110365 , 0 , 0
13 , 97407 , 0 , 0
14 , 85960 , 0 , 0
15 , 73209 , 0 , 0
16 , 61304 , 0 , 0
17 , 48616 , 0 , 0
18 , 36327 , 0 , 0
19 , 24471 , 0 , 0
20 , 12072 , 0 , 0
===============================================
