consumption and contribution for event A on v1
time slice 1
1 , 2191226 , 1555208
2 , 2027423 , 1391320
3 , 1853800 , 1216813
4 , 1673394 , 1040361
5 , 1485555 , 858144
6 , 1343035 , 700867
7 , 1147068 , 515574
8 , 982712 , 347351
9 , 811784 , 174997
10 , 629193 , 0
===============================================
time slice 2
===============================================
time slice 3
===============================================
time slice 4
===============================================
===============================================
consumption and contribution for event B on v1
time slice 1
1 , 845391 , 688147
2 , 763690 , 606783
3 , 680979 , 525756
4 , 617743 , 459541
5 , 534355 , 378095
6 , 460861 , 304306
7 , 386224 , 229239
8 , 301757 , 148521
9 , 231870 , 76712
10 , 154858 , 0
===============================================
time slice 1
1 , 646518 , 688147
2 , 589820 , 606783
3 , 531115 , 525756
4 , 489693 , 459541
5 , 425829 , 378095
6 , 375793 , 304306
7 , 318179 , 229239
8 , 260352 , 148521
9 , 208111 , 76712
10 , 154398 , 0
===============================================
time slice 1
1 , 453484 , 688147
2 , 416957 , 606783
3 , 379752 , 525756
4 , 355182 , 459541
5 , 318654 , 378095
6 , 286504 , 304306
7 , 253217 , 229239
8 , 215818 , 148521
9 , 186608 , 76712
10 , 154769 , 0
===============================================
time slice 1
1 , 252984 , 688147
2 , 240480 , 606783
3 , 225725 , 525756
4 , 221622 , 459541
5 , 207307 , 378095
6 , 198241 , 304306
7 , 186495 , 229239
8 , 171858 , 148521
9 , 164311 , 76712
10 , 153115 , 0
===============================================
===============================================
contribution for event C on v1
time slice 1
2 , 177592 , 177592
3 , 352829 , 352829
4 , 516173 , 516173
5 , 696620 , 696620
6 , 871915 , 871915
7 , 1037684 , 1037684
8 , 1193846 , 1193846
9 , 1386081 , 1386081
10 , 1567895 , 1567895
===============================================
time slice 2
===============================================
time slice 3
===============================================
time slice 4
===============================================
===============================================
consumption and contribution for partial match 1
time slice 1
1 , 2191226 , 1555208
2 , 2027423 , 1391320
3 , 1853800 , 1216813
4 , 1673394 , 1040361
5 , 1485555 , 858144
6 , 1343035 , 700867
7 , 1147068 , 515574
8 , 982712 , 347351
9 , 811784 , 174997
10 , 629193 , 0
===============================================
time slice 2
===============================================
time slice 3
===============================================
time slice 4
===============================================
===============================================
consumption and contribution for partial match 2
time slice 1
2 , 93951 , 77978 , 0.829986
3 , 185765 , 154303 , 0.830635
4 , 272997 , 226144 , 0.828375
5 , 365292 , 303007 , 0.829493
6 , 461896 , 383029 , 0.829254
7 , 548513 , 454214 , 0.828082
8 , 633122 , 523676 , 0.827133
9 , 733982 , 608570 , 0.829135
10 , 827260 , 686179 , 0.82946
11 , 155649 , 0 , 0
12 , 140281 , 0 , 0
13 , 124972 , 0 , 0
14 , 108598 , 0 , 0
15 , 93271 , 0 , 0
16 , 77533 , 0 , 0
17 , 61900 , 0 , 0
18 , 46191 , 0 , 0
19 , 31232 , 0 , 0
20 , 15323 , 0 , 0
===============================================
time slice 2
2 , 71833 , 55888 , 0.778027
3 , 141797 , 110273 , 0.777682
4 , 207924 , 161107 , 0.774836
5 , 282344 , 219444 , 0.777222
6 , 349330 , 271284 , 0.776584
7 , 418115 , 323852 , 0.774552
8 , 483237 , 373625 , 0.773171
9 , 558770 , 433710 , 0.776187
10 , 632028 , 490852 , 0.77663
11 , 155936 , 0 , 0
12 , 140134 , 0 , 0
13 , 123834 , 0 , 0
14 , 109174 , 0 , 0
15 , 92859 , 0 , 0
16 , 77862 , 0 , 0
17 , 61893 , 0 , 0
18 , 46438 , 0 , 0
19 , 30853 , 0 , 0
20 , 15447 , 0 , 0
===============================================
time slice 3
2 , 48271 , 32720 , 0.67784
3 , 97502 , 66202 , 0.678981
4 , 144215 , 97232 , 0.674216
5 , 193473 , 130863 , 0.676389
6 , 242575 , 164246 , 0.677094
7 , 289578 , 195398 , 0.674768
8 , 332159 , 223201 , 0.67197
9 , 383710 , 258899 , 0.674726
10 , 434653 , 294216 , 0.676899
11 , 156330 , 0 , 0
12 , 140588 , 0 , 0
13 , 124874 , 0 , 0
14 , 109081 , 0 , 0
15 , 92548 , 0 , 0
16 , 77271 , 0 , 0
17 , 61919 , 0 , 0
18 , 46113 , 0 , 0
19 , 30856 , 0 , 0
20 , 15229 , 0 , 0
===============================================
time slice 4
2 , 26678 , 11006 , 0.41255
3 , 53122 , 22051 , 0.415101
4 , 78073 , 31690 , 0.405902
5 , 105836 , 43306 , 0.40918
6 , 131036 , 53356 , 0.407186
7 , 157171 , 64220 , 0.4086
8 , 182324 , 73344 , 0.402273
9 , 208076 , 84902 , 0.408034
10 , 235402 , 96648 , 0.410566
11 , 154336 , 0 , 0
12 , 138663 , 0 , 0
13 , 122356 , 0 , 0
14 , 107794 , 0 , 0
15 , 92117 , 0 , 0
16 , 76847 , 0 , 0
17 , 61025 , 0 , 0
18 , 45608 , 0 , 0
19 , 30564 , 0 , 0
20 , 15110 , 0 , 0
===============================================
