consumption and contribution for event A on v1
time slice 1
1 , 2191226 , 1555208
2 , 2027423 , 1391320
3 , 1853800 , 1216813
4 , 1673394 , 1040361
5 , 1485555 , 858144
6 , 1343035 , 700867
7 , 1147068 , 515574
8 , 982712 , 347351
9 , 811784 , 174997
10 , 629193 , 0
===============================================
===============================================
consumption and contribution for event B on v1
time slice 1
1 , 2198377 , 1571609
2 , 2010947 , 1385715
3 , 1817571 , 1200100
4 , 1684240 , 1051672
5 , 1486145 , 863189
6 , 1321399 , 696982
7 , 1144115 , 519264
8 , 949785 , 338912
9 , 790900 , 173192
10 , 617140 , 0
===============================================
===============================================
contribution for event C on v1
time slice 1
2 , 177592 , 177592
3 , 352829 , 352829
4 , 516173 , 516173
5 , 696620 , 696620
6 , 871915 , 871915
7 , 1037684 , 1037684
8 , 1193846 , 1193846
9 , 1386081 , 1386081
10 , 1567895 , 1567895
===============================================
===============================================
consumption and contribution for partial match 1
time slice 1
1 , 2191226 , 1555208
2 , 2027423 , 1391320
3 , 1853800 , 1216813
4 , 1673394 , 1040361
5 , 1485555 , 858144
6 , 1343035 , 700867
7 , 1147068 , 515574
8 , 982712 , 347351
9 , 811784 , 174997
10 , 629193 , 0
===============================================
===============================================
consumption and contribution for partial match 2
time slice 1
2 , 240733 , 177592 , 0.737714
3 , 478186 , 352829 , 0.737849
4 , 703209 , 516173 , 0.734025
5 , 946945 , 696620 , 0.73565
6 , 1184837 , 871915 , 0.735894
7 , 1413377 , 1037684 , 0.734188
8 , 1630842 , 1193846 , 0.732043
9 , 1884538 , 1386081 , 0.735502
10 , 2129343 , 1567895 , 0.736328
11 , 622251 , 0 , 0
12 , 559666 , 0 , 0
13 , 496036 , 0 , 0
14 , 434647 , 0 , 0
15 , 370795 , 0 , 0
16 , 309513 , 0 , 0
17 , 246737 , 0 , 0
18 , 184350 , 0 , 0
19 , 123505 , 0 , 0
20 , 61109 , 0 , 0
===============================================
