ContributionTS
1,0.23454
2,0.204235
3,0.172013
4,0.141121
5,0.109242
6,0.0779806
7,0.0460983
8,0.0147697
ConsumptionTS
1,0.155666
2,0.138883
3,0.120866
4,0.103766
5,0.0859095
6,0.0685031
7,0.0507009
8,0.0325904
RationTS
1,2,0.0035507,0.00535405,0.838941
1,3,0.00702751,0.0106082,0.839856
1,4,0.0103747,0.0156224,0.83779
1,5,0.0138014,0.0208059,0.838737
1,6,0.0174569,0.0263118,0.838586
1,7,0.0205802,0.0309772,0.837444
1,8,0.0238956,0.0359421,0.836851
1,9,0.0276633,0.0416934,0.838546
1,10,0.0313162,0.047225,0.839006
1,11,0.00557158,0,0
1,12,0.00500121,0,0
1,13,0.00445758,0,0
1,14,0.00386944,0,0
1,15,0.00334258,0,0
1,16,0.00276279,0,0
1,17,0.00220903,0,0
1,18,0.00166127,0,0
1,19,0.00111201,0,0
1,20,0.00054106,0,0
2,2,0.00316234,0.00465988,0.819839
2,3,0.00624059,0.00919925,0.820142
2,4,0.00912955,0.0134154,0.817558
2,5,0.012295,0.0180994,0.819026
2,6,0.0155522,0.0228851,0.818695
2,7,0.0186027,0.0273379,0.817622
2,8,0.021345,0.0313119,0.816163
2,9,0.0247731,0.0364481,0.818572
2,10,0.0277826,0.040878,0.818614
2,11,0.00555189,0,0
2,12,0.00502246,0,0
2,13,0.00447434,0,0
2,14,0.0038927,0,0
2,15,0.00332175,0,0
2,16,0.00277784,0,0
2,17,0.00221559,0,0
2,18,0.0016398,0,0
2,19,0.00111985,0,0
2,20,0.000554112,0,0
3,2,0.00278404,0.00397609,0.794589
3,3,0.00545311,0.00778167,0.793947
3,4,0.00799251,0.0113654,0.791157
3,5,0.0108944,0.0155357,0.793396
3,6,0.0133632,0.0190414,0.792774
3,7,0.0160556,0.0228157,0.790626
3,8,0.0185614,0.0263211,0.788959
3,9,0.0215106,0.0306356,0.792385
3,10,0.0242516,0.0345405,0.792413
3,11,0.00555446,0,0
3,12,0.00501397,0,0
3,13,0.00440751,0,0
3,14,0.00389883,0,0
3,15,0.00330556,0,0
3,16,0.00277099,0,0
3,17,0.00223257,0,0
3,18,0.00165841,0,0
3,19,0.00109924,0,0
3,20,0.000553257,0,0
4,2,0.00234426,0.00319346,0.75791
4,3,0.00467961,0.00637961,0.758486
4,4,0.00685576,0.0093086,0.755425
4,5,0.00926314,0.0126168,0.757798
4,6,0.0115793,0.0157622,0.75735
4,7,0.0138079,0.0187503,0.755511
4,8,0.0159367,0.0216085,0.754376
4,9,0.0184067,0.0250385,0.756822
4,10,0.0208925,0.0284631,0.757973
4,11,0.00559062,0,0
4,12,0.00500263,0,0
4,13,0.00444239,0,0
4,14,0.00390133,0,0
4,15,0.00333502,0,0
4,16,0.00279224,0,0
4,17,0.00218913,0,0
4,18,0.00166105,0,0
4,19,0.00110587,0,0
4,20,0.000550404,0,0
5,2,0.0018997,0.00242134,0.709142
5,3,0.00384748,0.00491511,0.710756
5,4,0.00571701,0.00725441,0.705986
5,5,0.007709,0.00981625,0.708452
5,6,0.00960963,0.0122503,0.709255
5,7,0.0115364,0.0146541,0.706723
5,8,0.0131801,0.0166931,0.704664
5,9,0.015184,0.0192892,0.706791
5,10,0.0172261,0.0219486,0.708895
5,11,0.00557386,0,0
5,12,0.00503302,0,0
5,13,0.0044615,0,0
5,14,0.00391481,0,0
5,15,0.00329807,0,0
5,16,0.00274389,0,0
5,17,0.00222394,0,0
5,18,0.00164365,0,0
5,19,0.00110673,0,0
5,20,0.000544626,0,0
6,2,0.00154209,0.00176742,0.637667
6,3,0.00310215,0.00355497,0.637582
6,4,0.00456428,0.00519137,0.632809
6,5,0.00608739,0.00693815,0.634126
6,6,0.00767826,0.00876352,0.635007
6,7,0.00911315,0.0103627,0.632658
6,8,0.0105012,0.0118736,0.629085
6,9,0.0121585,0.0138276,0.632748
6,10,0.0137562,0.0157012,0.635034
6,11,0.00559661,0,0
6,12,0.00501362,0,0
6,13,0.00446193,0,0
6,14,0.003881,0,0
6,15,0.00331212,0,0
6,16,0.00277905,0,0
6,17,0.00220254,0,0
6,18,0.00165078,0,0
6,19,0.00109959,0,0
6,20,0.000544127,0,0
7,2,0.00113882,0.00104389,0.509989
7,3,0.00229797,0.00211598,0.512306
7,4,0.00337389,0.00305283,0.503425
7,5,0.00454709,0.00414671,0.50738
7,6,0.0056347,0.00511138,0.504696
7,7,0.00677966,0.00615309,0.50495
7,8,0.00782041,0.00703648,0.500597
7,9,0.00897621,0.00816318,0.505975
7,10,0.0101321,0.00927476,0.509288
7,11,0.00556423,0,0
7,12,0.00500477,0,0
7,13,0.0044028,0,0
7,14,0.00388592,0,0
7,15,0.00334992,0,0
7,16,0.00277884,0,0
7,17,0.0022034,0,0
7,18,0.00164087,0,0
7,19,0.00110409,0,0
7,20,0.00054156,0,0
8,2,0.00074797,0.000350228,0.260513
8,3,0.0014575,0.000675971,0.258038
8,4,0.00214762,0.000960178,0.248746
8,5,0.00294202,0.00134412,0.254188
8,6,0.00363251,0.00164922,0.252602
8,7,0.00433141,0.00197458,0.253635
8,8,0.00507695,0.00225789,0.247436
8,9,0.00573955,0.00259274,0.25133
8,10,0.0065149,0.00296476,0.253189
8,11,0.00537787,0,0
8,12,0.00482568,0,0
8,13,0.004271,0,0
8,14,0.00375654,0,0
8,15,0.00318139,0,0
8,16,0.00266992,0,0
8,17,0.00212195,0,0
8,18,0.00159265,0,0
8,19,0.00106144,0,0
8,20,0.000529363,0,0
