ContributionTS
1,0.438054
2,0.3128
3,0.187546
4,0.0616005
ConsumptionTS
1,0.294051
2,0.224339
3,0.154496
4,0.083999
RationTS
1,2,0.00670092,0.00999637,0.829986
1,3,0.0132494,0.0197808,0.830635
1,4,0.0194711,0.0289905,0.828375
1,5,0.0260539,0.0388439,0.829493
1,6,0.0329441,0.0491023,0.829254
1,7,0.0391219,0.0582278,0.828082
1,8,0.0451565,0.0671325,0.827133
1,9,0.0523502,0.0780154,0.829135
1,10,0.0590031,0.0879645,0.82946
1,11,0.0111014,0,0
1,12,0.0100053,0,0
1,13,0.00891344,0,0
1,14,0.00774559,0,0
1,15,0.00665242,0,0
1,16,0.00552993,0,0
1,17,0.00441493,0,0
1,18,0.00329451,0,0
1,19,0.00222758,0,0
1,20,0.00109289,0,0
2,2,0.00512338,0.00716454,0.778027
2,3,0.0101135,0.0141364,0.777682
2,4,0.0148299,0.0206531,0.774836
2,5,0.0201378,0.0281316,0.777222
2,6,0.0249154,0.0347772,0.776584
2,7,0.0298214,0.0415161,0.774552
2,8,0.0344662,0.0478967,0.773171
2,9,0.0398534,0.0555993,0.776187
2,10,0.0450785,0.0629246,0.77663
2,11,0.0111219,0,0
2,12,0.00999485,0,0
2,13,0.00883228,0,0
2,14,0.00778667,0,0
2,15,0.00662303,0,0
2,16,0.00555339,0,0
2,17,0.00441443,0,0
2,18,0.00331212,0,0
2,19,0.00220054,0,0
2,20,0.00110173,0,0
3,2,0.00344286,0.00419453,0.67784
3,3,0.00695419,0.00848674,0.678981
3,4,0.0102859,0.0124646,0.674216
3,5,0.0137992,0.0167759,0.676389
3,6,0.0173013,0.0210555,0.677094
3,7,0.0206537,0.025049,0.674768
3,8,0.0236908,0.0286132,0.67197
3,9,0.0273676,0.0331895,0.674726
3,10,0.031001,0.0377169,0.676899
3,11,0.01115,0,0
3,12,0.0100272,0,0
3,13,0.00890645,0,0
3,14,0.00778004,0,0
3,15,0.00660085,0,0
3,16,0.00551124,0,0
3,17,0.00441628,0,0
3,18,0.00328894,0,0
3,19,0.00220076,0,0
3,20,0.00108619,0,0
4,2,0.00190277,0.00141091,0.41255
4,3,0.00378885,0.00282682,0.415101
4,4,0.00556844,0.00406249,0.405902
4,5,0.0075486,0.0055516,0.40918
4,6,0.00934595,0.00683996,0.407186
4,7,0.01121,0.00823266,0.4086
4,8,0.013004,0.00940231,0.402273
4,9,0.0148407,0.010884,0.408034
4,10,0.0167897,0.0123898,0.410566
4,11,0.0110078,0,0
4,12,0.00988993,0,0
4,13,0.00872686,0,0
4,14,0.00768825,0,0
4,15,0.00657011,0,0
4,16,0.005481,0,0
4,17,0.00435252,0,0
4,18,0.00325292,0,0
4,19,0.00217993,0,0
4,20,0.0010777,0,0
