c07
c07MinusC14
c07
c07MinusC14
c07
c07MinusC14
c07
c07
c07
c07
c07MinusC14
c07MinusC14
c07MinusC14
c07MinusC14
Pattern Matcher : 0
201806300059,6,2,
boundary: POLYGON((-120.862 37.9825,-120.873 37.9826,-120.885 37.9828,-120.885 37.9918,-120.907 38.0101,-120.918 38.0192,-120.918 38.0282,-120.906 38.0371,-120.884 38.0279,-120.884 38.0189,-120.862 38.0006,-120.862 37.9915,-120.862 37.9825))
201806300059,3,2,
Pattern Matcher : 1
201806300059,6,2,201806300059,3,2,
Pattern Matcher : 2
201806300059,6,2,201806300059,3,2,
Pattern Matcher : 3
201806300059,6,2,201806300059,3,2,
Pattern Matcher : 4
201806300059,6,2,201806300059,3,2,
Pattern Matcher : 5
201806300059,6,2,201806300059,3,2,
Pattern Matcher : 6
201806300059,6,2,201806300059,3,2,
Pattern Matcher : 7
201806300059,6,2,201806300059,3,2,
Pattern Matcher : 8
201806300059,6,2,201806300059,3,2,
Pattern Matcher : 9
201806300159,6,2,
boundary: POLYGON((-120.828 37.9551,-120.84 37.9462,-120.862 37.9554,-120.862 37.9645,-120.885 37.9828,-120.907 37.983,-120.919 37.9831,-120.93 37.9923,-120.93 38.0013,-120.918 38.0102,-120.896 38.0009,-120.873 38.0187,-120.873 38.0277,-120.861 38.0276,-120.85 38.0275,-120.839 38.0183,-120.827 38.0002,-120.816 37.991,-120.816 37.982,-120.828 37.9641,-120.828 37.9551))
201806300159,3,2,
Pattern Matcher : 10
201806300159,6,2,201806300159,3,2,
Pattern Matcher : 11
201806300159,6,2,201806300159,3,2,
Pattern Matcher : 12
201806300159,6,2,201806300159,3,2,
Pattern Matcher : 13
201806300159,6,2,201806300159,3,2,
Pattern Matcher : 14
201806300159,6,2,201806300159,3,2,
Pattern Matcher : 15
201806300159,6,2,201806300159,3,2,
Pattern Matcher : 16
201806300159,6,2,201806300159,3,2,
Pattern Matcher : 17
201806300159,6,2,201806300159,3,2,
Pattern Matcher : 18
201806300159,6,2,201806300159,3,2,
Pattern Matcher : 19
201806300259,6,2,201806300259,3,2,
Pattern Matcher : 20
201806300259,6,2,201806300259,3,2,
Pattern Matcher : 21
201806300259,6,2,201806300259,3,2,
Pattern Matcher : 22
201806300259,6,2,201806300259,3,2,
Pattern Matcher : 23
201806300259,6,2,201806300259,3,2,
Pattern Matcher : 24
201806300259,6,2,201806300259,3,2,
Pattern Matcher : 25
201806300259,6,2,201806300259,3,2,
Pattern Matcher : 26
201806300259,6,2,201806300259,3,2,
Pattern Matcher : 27
201806300259,6,2,201806300259,3,2,
Pattern Matcher : 28
201806300259,6,2,
boundary: POLYGON((-120.771 37.9814,-120.771 37.9724,-120.782 37.9726,-120.794 37.9727,-120.828 37.9731,-120.851 37.9824,-120.85 37.9914,-120.839 38.0003,-120.827 38.0002,-120.793 37.9998,-120.771 37.9905,-120.771 37.9814))
201806300259,3,2,
Pattern Matcher : 29
201806300259,6,2,201806300259,3,2,
Pattern Matcher : 30
201806300259,6,2,201806300259,3,2,
Pattern Matcher : 31
201806300259,6,2,201806300259,3,2,
Pattern Matcher : 32
201806300259,6,2,201806300259,3,2,
Pattern Matcher : 33
201806300259,6,2,201806300259,3,2,
Pattern Matcher : 34
201806300259,6,2,201806300259,3,2,
Pattern Matcher : 35
201806300259,6,2,201806300259,3,2,
Pattern Matcher : 36
201806300259,6,2,201806300259,3,2,
Pattern Matcher : 37
201806300259,6,2,201806300259,3,2,
Pattern Matcher : 38
201806300259,6,2,201806300259,3,2,
Pattern Matcher : 39
201806300259,6,2,201806300259,3,2,
Pattern Matcher : 40
201806300259,6,2,201806300259,3,2,
Pattern Matcher : 41
201806300259,6,2,201806300259,3,2,
Pattern Matcher : 42
201806300259,6,2,201806300259,3,2,
Pattern Matcher : 43
201806300359,6,2,
boundary: POLYGON((-122.895 37.6178,-122.906 37.6178,-122.918 37.6177,-122.929 37.6176,-122.94 37.6176,-122.952 37.6175,-122.963 37.6174,-122.974 37.6173,-122.986 37.6172,-122.997 37.6172,-123.008 37.6171,-123.02 37.617,-123.031 37.6169,-123.042 37.6168,-123.054 37.6168,-123.065 37.6167,-123.076 37.6166,-123.088 37.6165,-123.099 37.6164,-123.11 37.6163,-123.122 37.6162,-123.133 37.6161,-123.144 37.616,-123.156 37.6159,-123.167 37.6159,-123.178 37.6158,-123.189 37.6157,-123.201 37.6156,-123.212 37.6155,-123.223 37.6154,-123.235 37.6153,-123.246 37.6152,-123.257 37.615,-123.269 37.6149,-123.28 37.6148,-123.291 37.6147,-123.303 37.6146,-123.314 37.6145,-123.325 37.6144,-123.337 37.6143,-123.348 37.6142,-123.359 37.6141,-123.371 37.6139,-123.382 37.6138,-123.393 37.6137,-123.405 37.6136,-123.416 37.6135,-123.427 37.6134,-123.439 37.6132,-123.45 37.6131,-123.461 37.613,-123.472 37.6129,-123.484 37.6127,-123.495 37.6126,-123.506 37.6125,-123.518 37.6123,-123.529 37.6122,-123.54 37.6121,-123.552 37.6119,-123.563 37.6118,-123.574 37.6117,-123.586 37.6115,-123.597 37.6114,-123.608 37.6113,-123.62 37.6111,-123.631 37.611,-123.642 37.6108,-123.654 37.6107,-123.665 37.6106,-123.676 37.6104,-123.676 37.6194,-123.677 37.6465,-123.677 37.6645,-123.678 37.6826,-123.678 37.6916,-123.678 37.7006,-123.679 37.7277,-123.679 37.7457,-123.679 37.7548,-123.679 37.7638,-123.68 37.7728,-123.68 37.7818,-123.68 37.7909,-123.68 37.7999,-123.68 37.8179,-123.681 37.8269,-123.681 37.836,-123.681 37.845,-123.681 37.854,-123.681 37.863,-123.682 37.8811,-123.682 37.8991,-123.682 37.9081,-123.682 37.9172,-123.683 37.9352,-123.683 37.9442,-123.683 37.9532,-123.683 37.9623,-123.684 37.9803,-123.684 37.9893,-123.684 37.9983,-123.684 38.0074,-123.685 38.0164,-123.685 38.0254,-123.685 38.0344,-123.685 38.0435,-123.685 38.0525,-123.685 38.0615,-123.686 38.0705,-123.686 38.0795,-123.686 38.0886,-123.686 38.0976,-123.687 38.1156,-123.687 38.1337,-123.687 38.1427,-123.687 38.1517,-123.687 38.1607,-123.688 38.1698,-123.688 38.1788,-123.688 38.1968,-123.688 38.2058,-123.689 38.2149,-123.689 38.2239,-123.689 38.2329,-123.689 38.2419,-123.689 38.2509,-123.69 38.26,-123.69 38.269,-123.69 38.296,-123.69 38.3051,-123.691 38.3231,-123.691 38.3321,-123.691 38.3411,-123.691 38.3502,-123.692 38.3682,-123.692 38.3862,-123.693 38.4043,-123.693 38.4133,-123.693 38.4223,-123.693 38.4404,-123.693 38.4494,-123.694 38.4584,-123.694 38.4765,-123.694 38.4855,-123.694 38.4945,-123.695 38.5035,-123.695 38.5125,-123.695 38.5216,-123.695 38.5396,-123.696 38.5486,-123.696 38.5576,-123.696 38.5667,-123.696 38.5757,-123.697 38.6027,-123.697 38.6118,-123.697 38.6208,-123.697 38.6298,-123.698 38.6569,-123.698 38.6659,-123.699 38.6929,-123.699 38.702,-123.699 38.711,-123.699 38.72,-123.7 38.7471,-123.7 38.7561,-123.7 38.7651,-123.7 38.7741,-123.7 38.7831,-123.701 38.8012,-123.701 38.8102,-123.701 38.8192,-123.701 38.8282,-123.702 38.8463,-123.702 38.8553,-123.702 38.8643,-123.702 38.8733,-123.703 38.8914,-123.691 38.8915,-123.668 38.8648,-123.667 38.8557,-123.644 38.838,-123.632 38.8291,-123.62 38.8112,-123.609 38.8023,-123.597 38.8025,-123.597 38.7935,-123.574 38.7757,-123.562 38.7668,-123.55 38.7489,-123.539 38.74,-123.516 38.7493,-123.504 38.7404,-123.493 38.7405,-123.481 38.7407,-123.481 38.7316,-123.458 38.7139,-123.446 38.705,-123.434 38.687,-123.423 38.6781,-123.422 38.6691,-123.422 38.6601,-123.422 38.633,-123.41 38.6241,-123.399 38.6243,-123.398 38.6152,-123.375 38.5974,-123.364 38.5885,-123.352 38.5706,-123.34 38.5617,-123.317 38.5439,-123.305 38.535,-123.294 38.517,-123.282 38.5081,-123.271 38.5082,-123.259 38.5083,-123.248 38.5084,-123.236 38.5085,-123.225 38.4996,-123.213 38.4817,-123.19 38.4729,-123.19 38.4638,-123.167 38.446,-123.166 38.437,-123.143 38.4191,-123.132 38.4192,-123.132 38.4102,-123.109 38.3923,-123.097 38.3834,-123.097 38.3744,-123.097 38.3383,-123.085 38.3294,-123.073 38.3114,-123.05 38.3026,-123.05 38.2935,-123.027 38.2757,-123.016 38.2667,-122.993 38.2488,-122.981 38.2399,-122.992 38.2218,-122.981 38.1948,-122.969 38.1858,-122.969 38.1768,-122.98 38.1587,-122.992 38.1496,-122.98 38.1136,-122.968 38.1046,-122.968 38.0956,-122.979 38.0775,-122.991 38.0684,-123.002 38.0503,-123.002 38.0412,-123.013 38.0231,-123.012 37.987,-122.978 37.9873,-122.955 37.9784,-122.933 37.9785,-122.922 37.9967,-122.922 38.0057,-122.91 38.0058,-122.887 37.9969,-122.876 37.9969,-122.865 37.997,-122.853 37.9971,-122.842 37.9881,-122.83 37.9701,-122.819 37.9612,-122.796 37.9433,-122.784 37.9343,-122.773 37.9163,-122.75 37.9074,-122.739 37.9074,-122.727 37.9075,-122.716 37.9076,-122.705 37.8986,-122.693 37.8806,-122.659 37.8807,-122.636 37.8718,-122.625 37.8718,-122.614 37.8719,-122.602 37.8719,-122.591 37.8629,-122.568 37.845,-122.557 37.836,-122.545 37.818,-122.534 37.809,-122.534 37.8,-122.534 37.7909,-122.534 37.7639,-122.511 37.7549,-122.511 37.7459,-122.522 37.7368,-122.533 37.7188,-122.522 37.6827,-122.51 37.6737,-122.51 37.6647,-122.522 37.6556,-122.533 37.6375,-122.544 37.6195,-122.555 37.6194,-122.567 37.6194,-122.578 37.6194,-122.589 37.6193,-122.601 37.6193,-122.612 37.6192,-122.623 37.6192,-122.635 37.6191,-122.646 37.6191,-122.657 37.6191,-122.669 37.619,-122.68 37.619,-122.691 37.6189,-122.703 37.6189,-122.714 37.6188,-122.725 37.6188,-122.737 37.6187,-122.748 37.6186,-122.759 37.6186,-122.771 37.6185,-122.782 37.6185,-122.793 37.6184,-122.805 37.6184,-122.816 37.6183,-122.827 37.6182,-122.839 37.6182,-122.85 37.6181,-122.861 37.618,-122.872 37.618,-122.884 37.6179,-122.895 37.6178))
201806300359,3,2,
Pattern Matcher : 44
201806300359,6,2,201806300359,3,2,
Pattern Matcher : 45
201806300359,6,2,201806300359,3,2,
Pattern Matcher : 46
201806300359,6,2,201806300359,3,2,
Pattern Matcher : 47
201806300359,6,2,201806300359,3,2,
Pattern Matcher : 48
201806300359,6,2,201806300359,3,2,
Pattern Matcher : 49
201806300359,6,2,201806300359,3,2,
Pattern Matcher : 50
201806300359,6,2,201806300359,3,2,
Pattern Matcher : 51
201806300359,6,2,201806300359,3,2,
Pattern Matcher : 52
201806300359,6,2,
boundary: POLYGON((-122.171 37.62,-122.182 37.62,-122.193 37.62,-122.204 37.62,-122.216 37.62,-122.227 37.62,-122.238 37.62,-122.25 37.62,-122.261 37.62,-122.272 37.62,-122.284 37.62,-122.295 37.62,-122.306 37.62,-122.318 37.6199,-122.329 37.6199,-122.34 37.6289,-122.34 37.638,-122.329 37.656,-122.318 37.6651,-122.318 37.6921,-122.341 37.7011,-122.341 37.7102,-122.341 37.7192,-122.352 37.7553,-122.352 37.7643,-122.352 37.7733,-122.341 37.7733,-122.329 37.7733,-122.318 37.7643,-122.307 37.7463,-122.295 37.7373,-122.284 37.7192,-122.261 37.7102,-122.261 37.7012,-122.238 37.6832,-122.227 37.6832,-122.227 37.6742,-122.204 37.6561,-122.204 37.6471,-122.182 37.6291,-122.171 37.62))
201806300359,3,2,
Pattern Matcher : 53
201806300359,6,2,201806300359,3,2,
Pattern Matcher : 54
201806300359,6,2,201806300359,3,2,
Pattern Matcher : 55
201806300359,6,2,201806300359,3,2,
Pattern Matcher : 56
201806300359,6,2,201806300359,3,2,
Pattern Matcher : 57
201806300359,6,2,201806300359,3,2,
Pattern Matcher : 58
201806300359,6,2,201806300359,3,2,
Pattern Matcher : 59
201806300359,6,2,201806300359,3,2,
Pattern Matcher : 60
201806300359,6,2,201806300359,3,2,
Pattern Matcher : 61
201806300359,6,2,
boundary: POLYGON((-122.364 37.8545,-122.386 37.8635,-122.386 37.8725,-122.375 37.8815,-122.364 37.8816,-122.352 37.8726,-122.352 37.8635,-122.364 37.8545))
201806300359,3,2,
Pattern Matcher : 62
201806300359,6,2,201806300359,3,2,
Pattern Matcher : 63
201806300359,6,2,201806300359,3,2,
Pattern Matcher : 64
201806300359,6,2,201806300359,3,2,
Pattern Matcher : 65
201806300359,6,2,201806300359,3,2,
Pattern Matcher : 66
201806300359,6,2,201806300359,3,2,
Pattern Matcher : 67
201806300359,6,2,201806300359,3,2,
Pattern Matcher : 68
201806300359,6,2,201806300359,3,2,
Pattern Matcher : 69
201806300359,6,2,201806300359,3,2,
Pattern Matcher : 70
201806300359,6,2,201806300359,3,2,
Pattern Matcher : 71
201806300359,6,2,
boundary: POLYGON((-120.794 37.9727,-120.805 37.9819,-120.805 37.9909,-120.793 37.9998,-120.771 37.9905,-120.771 37.9814,-120.771 37.9724,-120.782 37.9726,-120.794 37.9727))
201806300359,3,2,
Pattern Matcher : 72
201806300359,6,2,201806300359,3,2,
Pattern Matcher : 73
201806300359,6,2,201806300359,3,2,
Pattern Matcher : 74
201806300359,6,2,201806300359,3,2,
Pattern Matcher : 75
201806300359,6,2,201806300359,3,2,
Pattern Matcher : 76
201806300359,6,2,201806300359,3,2,
Pattern Matcher : 77
201806300359,6,2,201806300359,3,2,
Pattern Matcher : 78
201806300359,6,2,201806300359,3,2,
Pattern Matcher : 79
201806300359,6,2,201806300359,3,2,
Pattern Matcher : 80
201806300359,6,2,201806300359,3,2,
Pattern Matcher : 81
201806300359,6,2,201806300359,3,2,
Pattern Matcher : 82
201806300359,6,2,201806300359,3,2,
Pattern Matcher : 83
201806300359,6,2,201806300359,3,2,
Pattern Matcher : 84
201806300359,6,2,201806300359,3,2,
Pattern Matcher : 85
201806300359,6,2,201806300359,3,2,
Pattern Matcher : 86
201806300359,6,2,
boundary: POLYGON((-122.863 39.0526,-122.875 39.0435,-122.886 39.0525,-122.898 39.0524,-122.898 39.0614,-122.898 39.0705,-122.886 39.0705,-122.875 39.0706,-122.863 39.0616,-122.852 39.0617,-122.84 39.0708,-122.829 39.0618,-122.817 39.0619,-122.817 39.0529,-122.817 39.0439,-122.828 39.0438,-122.84 39.0437,-122.852 39.0527,-122.863 39.0526))
201806300359,3,2,
Pattern Matcher : 87
201806300359,6,2,201806300359,3,2,
Pattern Matcher : 88
201806300359,6,2,201806300359,3,2,
Pattern Matcher : 89
201806300359,6,2,201806300359,3,2,
Pattern Matcher : 90
201806300359,6,2,201806300359,3,2,
Pattern Matcher : 91
201806300359,6,2,201806300359,3,2,
Pattern Matcher : 92
201806300359,6,2,201806300359,3,2,
Pattern Matcher : 93
201806300359,6,2,201806300359,3,2,
Pattern Matcher : 94
201806300359,6,2,201806300359,3,2,
Pattern Matcher : 95
201806300359,6,2,201806300359,3,2,
Pattern Matcher : 96
201806300359,6,2,
boundary: POLYGON((-123.706 39.0537,-123.706 39.0628,-123.707 39.0718,-123.707 39.0808,-123.695 39.0809,-123.695 39.0719,-123.695 39.0629,-123.706 39.0447,-123.706 39.0537))
201806300359,3,2,
Pattern Matcher : 97
201806302259,6,2,
boundary: POLYGON((-122.17 38.7569,-122.17 38.7479,-122.182 38.7479,-122.193 38.7569,-122.205 38.7569,-122.205 38.7659,-122.228 38.7839,-122.228 38.793,-122.228 38.802,-122.216 38.802,-122.205 38.802,-122.193 38.793,-122.182 38.7749,-122.17 38.7659,-122.17 38.7569))
201806302259,3,2,
Pattern Matcher : 98
201806302259,6,2,201806302259,3,2,
Pattern Matcher : 99
201806302259,6,2,201806302259,3,2,
Pattern Matcher : 100
201806302259,6,2,201806302259,3,2,
Pattern Matcher : 101
201806302259,6,2,201806302259,3,2,
Pattern Matcher : 102
201806302259,6,2,201806302259,3,2,
Pattern Matcher : 103
201806302359,6,2,
boundary: POLYGON((-122.136 38.7298,-122.136 38.7208,-122.147 38.7208,-122.159 38.7208,-122.182 38.7208,-122.193 38.7208,-122.216 38.7298,-122.216 38.7388,-122.239 38.7569,-122.251 38.7569,-122.251 38.7659,-122.274 38.7839,-122.274 38.7929,-122.274 38.802,-122.262 38.802,-122.251 38.802,-122.239 38.802,-122.228 38.802,-122.216 38.802,-122.205 38.802,-122.182 38.802,-122.17 38.802,-122.159 38.793,-122.147 38.793,-122.147 38.7839,-122.159 38.7749,-122.159 38.7479,-122.147 38.7388,-122.136 38.7388,-122.136 38.7298))
201806302359,3,2,
Pattern Matcher : 104
201806302359,6,2,201806302359,3,2,
Pattern Matcher : 105
201806302359,6,2,201806302359,3,2,
Pattern Matcher : 106
201806302359,6,2,201806302359,3,2,
Pattern Matcher : 107
201806302359,6,2,201806302359,3,2,
Pattern Matcher : 108
201806302359,6,2,201806302359,3,2,
Pattern Matcher : 109
201806302359,6,2,201806302359,3,2,
Pattern Matcher : 110
201806302359,6,2,
boundary: POLYGON((-122.54 39.027,-122.551 39.0179,-122.563 39.0269,-122.574 39.0269,-122.574 39.0359,-122.598 39.0539,-122.609 39.0538,-122.609 39.0628,-122.609 39.0719,-122.598 39.0719,-122.586 39.0719,-122.575 39.072,-122.575 39.063,-122.551 39.045,-122.54 39.036,-122.528 39.036,-122.517 39.0451,-122.505 39.0361,-122.494 39.0361,-122.494 39.0271,-122.493 39.0181,-122.505 39.0181,-122.517 39.018,-122.528 39.027,-122.54 39.027))
201806302359,3,2,
Pattern Matcher : 111
201806302359,6,2,201806302359,3,2,
Pattern Matcher : 112
201806302359,6,2,201806302359,3,2,
Pattern Matcher : 113
201806302359,6,2,201806302359,3,2,
Pattern Matcher : 114
201806302359,6,2,201806302359,3,2,
Pattern Matcher : 115
201806302359,6,2,201806302359,3,2,
Pattern Matcher : 116
201806302359,6,2,201806302359,3,2,
Pattern Matcher : 117
201807010059,6,2,
boundary: POLYGON((-122.136 38.7298,-122.136 38.7208,-122.147 38.7208,-122.159 38.7208,-122.182 38.7208,-122.193 38.7208,-122.216 38.7298,-122.228 38.7298,-122.239 38.7298,-122.251 38.7298,-122.262 38.7388,-122.285 38.7568,-122.297 38.7659,-122.285 38.7839,-122.274 38.802,-122.262 38.802,-122.251 38.802,-122.239 38.802,-122.228 38.802,-122.216 38.802,-122.205 38.802,-122.193 38.793,-122.182 38.7749,-122.17 38.7659,-122.159 38.7479,-122.147 38.7388,-122.136 38.7388,-122.136 38.7298))
201807010059,3,2,
Pattern Matcher : 118
201807010059,6,2,201807010059,3,2,
Pattern Matcher : 119
201807010059,6,2,201807010059,3,2,
Pattern Matcher : 120
201807010159,6,2,
boundary: POLYGON((-122.193 38.7208,-122.216 38.7298,-122.228 38.7298,-122.239 38.7298,-122.251 38.7298,-122.274 38.7298,-122.285 38.7298,-122.297 38.7388,-122.308 38.7388,-122.308 38.7478,-122.297 38.7659,-122.285 38.7839,-122.274 38.802,-122.262 38.82,-122.262 38.829,-122.251 38.829,-122.239 38.829,-122.228 38.82,-122.205 38.802,-122.182 38.802,-122.17 38.802,-122.159 38.793,-122.147 38.793,-122.147 38.7839,-122.159 38.7749,-122.17 38.7569,-122.17 38.7479,-122.182 38.7298,-122.182 38.7208,-122.193 38.7208))
201807010159,3,2,
Pattern Matcher : 121
201807010159,6,2,201807010159,3,2,
Pattern Matcher : 122
201807010159,6,2,201807010159,3,2,
Pattern Matcher : 123
201807010159,6,2,201807010159,3,2,
Pattern Matcher : 124
201807010159,6,2,201807010159,3,2,
Pattern Matcher : 125
201807010159,6,2,201807010159,3,2,
Pattern Matcher : 126
201807010159,6,2,201807010159,3,2,
Pattern Matcher : 127
201807010259,6,2,201807010259,3,2,
Pattern Matcher : 128
201807010259,6,2,
boundary: POLYGON((-122.182 38.7298,-122.182 38.7208,-122.193 38.7208,-122.216 38.7298,-122.228 38.7298,-122.239 38.7298,-122.251 38.7298,-122.262 38.7388,-122.285 38.7568,-122.297 38.7659,-122.285 38.7839,-122.274 38.7749,-122.262 38.7749,-122.251 38.7749,-122.228 38.793,-122.228 38.802,-122.216 38.802,-122.205 38.802,-122.193 38.793,-122.182 38.7749,-122.17 38.7659,-122.17 38.7569,-122.17 38.7479,-122.182 38.7298))
201807010259,3,2,
Pattern Matcher : 129
201807010259,6,2,201807010259,3,2,
Pattern Matcher : 130
201807010259,6,2,201807010259,3,2,
Pattern Matcher : 131
201807010259,6,2,201807010259,3,2,
Pattern Matcher : 132
201807010259,6,2,201807010259,3,2,
Pattern Matcher : 133
201807010259,6,2,201807010259,3,2,
Pattern Matcher : 134
201807010259,6,2,201807010259,3,2,
Pattern Matcher : 135
201807010259,6,2,201807010259,3,2,
Pattern Matcher : 136
201807010259,6,2,201807010259,3,2,
Pattern Matcher : 137
201807010259,6,2,201807010259,3,2,
Pattern Matcher : 138
201807010259,6,2,201807010259,3,2,
Pattern Matcher : 139
201807010259,6,2,
boundary: POLYGON((-122.551 39.0179,-122.563 39.0269,-122.574 39.0269,-122.574 39.0359,-122.574 39.0449,-122.563 39.045,-122.551 39.045,-122.54 39.036,-122.54 39.027,-122.551 39.0179))
201807010259,3,2,
Pattern Matcher : 140
201807010259,6,2,201807010259,3,2,
Pattern Matcher : 141
201807010259,6,2,201807010259,3,2,
Pattern Matcher : 142
201807010259,6,2,201807010259,3,2,
Pattern Matcher : 143
201807010259,6,2,201807010259,3,2,
Pattern Matcher : 144
201807010259,6,2,201807010259,3,2,
Pattern Matcher : 145
201807010259,6,2,201807010259,3,2,
Pattern Matcher : 146
201807010259,6,2,201807010259,3,2,
Pattern Matcher : 147
201807010259,6,2,201807010259,3,2,
Pattern Matcher : 148
201807010259,6,2,201807010259,3,2,
Pattern Matcher : 149
201807010359,6,2,
boundary: POLYGON((-123.352 38.5706,-123.34 38.5617,-123.317 38.5439,-123.305 38.535,-123.294 38.517,-123.282 38.5081,-123.271 38.5082,-123.27 38.4992,-123.247 38.4814,-123.236 38.4725,-123.224 38.4545,-123.212 38.4456,-123.212 38.4366,-123.212 38.4276,-123.212 38.4005,-123.189 38.3917,-123.189 38.3826,-123.188 38.3466,-123.177 38.3376,-123.176 38.3286,-123.176 38.3196,-123.176 38.2925,-123.153 38.2837,-123.153 38.2747,-123.164 38.2656,-123.164 38.2385,-123.141 38.2297,-123.141 38.2206,-123.141 38.2116,-123.152 38.1935,-123.151 38.1574,-123.14 38.1485,-123.14 38.1394,-123.14 38.1304,-123.139 38.1034,-123.116 38.0945,-123.127 38.0764,-123.127 38.0493,-123.104 38.0405,-123.104 38.0315,-123.115 38.0133,-123.092 37.9864,-123.081 37.9685,-123.058 37.9596,-123.058 37.9506,-123.057 37.9416,-123.046 37.9056,-123.046 37.8966,-123.045 37.8875,-123.034 37.8515,-123.022 37.8426,-122.999 37.8247,-122.999 37.8157,-122.999 37.8067,-123.01 37.7885,-123.01 37.7795,-123.021 37.7794,-123.033 37.7793,-123.044 37.7883,-123.067 37.8062,-123.101 37.8059,-123.124 37.8147,-123.135 37.8146,-123.147 37.8145,-123.158 37.8145,-123.17 37.8234,-123.181 37.8413,-123.204 37.8502,-123.226 37.8319,-123.226 37.8229,-123.238 37.8228,-123.249 37.8227,-123.283 37.8224,-123.306 37.8312,-123.317 37.8311,-123.329 37.8309,-123.34 37.8308,-123.374 37.8215,-123.385 37.8033,-123.373 37.7764,-123.339 37.7767,-123.316 37.7679,-123.316 37.7589,-123.293 37.741,-123.271 37.7413,-123.26 37.7594,-123.248 37.7685,-123.225 37.7597,-123.225 37.7507,-123.202 37.7329,-123.191 37.7239,-123.202 37.7148,-123.202 37.6877,-123.179 37.6789,-123.179 37.6699,-123.156 37.652,-123.145 37.6431,-123.133 37.6252,-123.122 37.6162,-123.133 37.6161,-123.144 37.616,-123.156 37.6159,-123.167 37.6159,-123.178 37.6158,-123.189 37.6157,-123.201 37.6156,-123.201 37.6246,-123.19 37.6427,-123.201 37.6607,-123.235 37.6604,-123.258 37.6692,-123.27 37.6871,-123.293 37.6959,-123.315 37.6777,-123.326 37.6685,-123.337 37.6504,-123.348 37.6412,-123.371 37.65,-123.394 37.6318,-123.405 37.6226,-123.416 37.6225,-123.45 37.6221,-123.461 37.613,-123.472 37.6129,-123.484 37.6127,-123.495 37.6126,-123.506 37.6125,-123.518 37.6123,-123.529 37.6122,-123.54 37.6121,-123.552 37.6119,-123.563 37.6118,-123.574 37.6117,-123.586 37.6115,-123.597 37.6114,-123.608 37.6113,-123.62 37.6111,-123.631 37.611,-123.642 37.6108,-123.654 37.6107,-123.665 37.6106,-123.676 37.6104,-123.676 37.6194,-123.677 37.6285,-123.677 37.6375,-123.677 37.6645,-123.678 37.6736,-123.678 37.6826,-123.678 37.6916,-123.678 37.7006,-123.678 37.7187,-123.679 37.7277,-123.679 37.7367,-123.679 37.7457,-123.679 37.7548,-123.679 37.7638,-123.68 37.7818,-123.68 37.7909,-123.68 37.7999,-123.68 37.8089,-123.68 37.8179,-123.681 37.8269,-123.681 37.836,-123.681 37.845,-123.681 37.854,-123.681 37.863,-123.682 37.8811,-123.682 37.8901,-123.682 37.8991,-123.682 37.9081,-123.682 37.9172,-123.683 37.9262,-123.683 37.9442,-123.683 37.9532,-123.683 37.9623,-123.684 37.9803,-123.684 37.9893,-123.684 37.9983,-123.685 38.0164,-123.685 38.0254,-123.685 38.0435,-123.685 38.0615,-123.686 38.0795,-123.686 38.0976,-123.686 38.1066,-123.687 38.1156,-123.687 38.1246,-123.687 38.1337,-123.687 38.1427,-123.687 38.1517,-123.687 38.1607,-123.688 38.1698,-123.688 38.1788,-123.688 38.1968,-123.688 38.2058,-123.689 38.2149,-123.689 38.2239,-123.689 38.2329,-123.689 38.2419,-123.69 38.26,-123.69 38.278,-123.69 38.287,-123.69 38.296,-123.69 38.3051,-123.691 38.3141,-123.691 38.3231,-123.691 38.3411,-123.692 38.3592,-123.692 38.3682,-123.692 38.3772,-123.692 38.3862,-123.692 38.3953,-123.693 38.4133,-123.693 38.4223,-123.693 38.4314,-123.693 38.4404,-123.693 38.4494,-123.694 38.4584,-123.694 38.4765,-123.694 38.4855,-123.695 38.5035,-123.695 38.5125,-123.695 38.5216,-123.695 38.5306,-123.695 38.5396,-123.696 38.5486,-123.696 38.5576,-123.696 38.5667,-123.696 38.5847,-123.697 38.6027,-123.697 38.6118,-123.697 38.6208,-123.697 38.6298,-123.697 38.6388,-123.698 38.6478,-123.698 38.6569,-123.698 38.6659,-123.698 38.6749,-123.698 38.6839,-123.699 38.6929,-123.699 38.702,-123.699 38.711,-123.699 38.729,-123.7 38.738,-123.7 38.7471,-123.7 38.7561,-123.7 38.7651,-123.7 38.7741,-123.701 38.7922,-123.701 38.8012,-123.701 38.8102,-123.701 38.8282,-123.702 38.8373,-123.702 38.8553,-123.702 38.8733,-123.703 38.8824,-123.703 38.8914,-123.691 38.8915,-123.668 38.8648,-123.667 38.8557,-123.644 38.838,-123.632 38.8291,-123.62 38.8112,-123.609 38.8023,-123.597 38.8025,-123.597 38.7935,-123.574 38.7757,-123.562 38.7668,-123.55 38.7489,-123.539 38.74,-123.527 38.7401,-123.527 38.7311,-123.538 38.722,-123.549 38.7038,-123.561 38.6856,-123.56 38.6766,-123.572 38.6765,-123.583 38.6402,-123.559 38.6135,-123.536 38.6137,-123.525 38.6139,-123.49 38.6142,-123.479 38.6324,-123.468 38.6506,-123.468 38.6596,-123.457 38.6597,-123.445 38.6599,-123.434 38.651,-123.422 38.633,-123.41 38.6241,-123.399 38.6243,-123.398 38.6152,-123.375 38.5974,-123.364 38.5885,-123.352 38.5706))
201807010359,3,2,
Pattern Matcher : 150
201807010359,6,2,201807010359,3,2,
Pattern Matcher : 151
201807010359,6,2,201807010359,3,2,
Pattern Matcher : 152
201807010359,6,2,201807010359,3,2,
Pattern Matcher : 153
201807010359,6,2,201807010359,3,2,
Pattern Matcher : 154
201807010359,6,2,201807010359,3,2,
Pattern Matcher : 155
201807010359,6,2,201807010359,3,2,
Pattern Matcher : 156
201807010359,6,2,201807010359,3,2,
Pattern Matcher : 157
201807010359,6,2,201807010359,3,2,
Pattern Matcher : 158
201807010359,6,2,201807010359,3,2,
Pattern Matcher : 159
201807010359,6,2,201807010359,3,2,
Pattern Matcher : 160
201807010359,6,2,201807010359,3,2,
Pattern Matcher : 161
201807010359,6,2,201807010359,3,2,
Pattern Matcher : 162
201807010359,6,2,201807010359,3,2,
Pattern Matcher : 163
201807010359,6,2,201807010359,3,2,
Pattern Matcher : 164
201807010359,6,2,201807010359,3,2,
Pattern Matcher : 165
201807010359,6,2,201807010359,3,2,
Pattern Matcher : 166
201807010359,6,2,201807010359,3,2,
Pattern Matcher : 167
201807010359,6,2,201807010359,3,2,
Pattern Matcher : 168
201807010359,6,2,201807010359,3,2,
Pattern Matcher : 169
201807010359,6,2,201807010359,3,2,
Pattern Matcher : 170
201807010359,6,2,201807010359,3,2,
Pattern Matcher : 171
201807010359,6,2,201807010359,3,2,
Pattern Matcher : 172
201807010359,6,2,201807010359,3,2,
Pattern Matcher : 173
201807010359,6,2,201807010359,3,2,
Pattern Matcher : 174
201807010359,6,2,201807010359,3,2,
Pattern Matcher : 175
201807010359,6,2,201807010359,3,2,
Pattern Matcher : 176
201807010359,6,2,201807010359,3,2,
Pattern Matcher : 177
201807010359,6,2,201807010359,3,2,
Pattern Matcher : 178
201807010359,6,2,201807010359,3,2,
Pattern Matcher : 179
201807010359,6,2,
boundary: POLYGON((-122.228 38.7027,-122.228 38.7118,-122.251 38.7298,-122.262 38.7388,-122.262 38.7478,-122.251 38.7659,-122.239 38.7749,-122.228 38.7749,-122.216 38.7749,-122.216 38.7659,-122.193 38.7479,-122.182 38.7388,-122.17 38.7208,-122.147 38.7118,-122.147 38.7027,-122.147 38.6937,-122.159 38.6937,-122.17 38.6937,-122.205 38.6937,-122.228 38.7027))
201807010359,3,2,
Pattern Matcher : 180
201807010359,6,2,201807010359,3,2,
Pattern Matcher : 181
201807010359,6,2,201807010359,3,2,
Pattern Matcher : 182
201807010359,6,2,201807010359,3,2,
Pattern Matcher : 183
201807010359,6,2,201807010359,3,2,
Pattern Matcher : 184
201807010359,6,2,201807010359,3,2,
Pattern Matcher : 185
201807010359,6,2,201807010359,3,2,
Pattern Matcher : 186
201807010359,6,2,201807010359,3,2,
Pattern Matcher : 187
201807010359,6,2,201807010359,3,2,
Pattern Matcher : 188
201807010359,6,2,201807010359,3,2,
Pattern Matcher : 189
201807010359,6,2,201807010359,3,2,
Pattern Matcher : 190
201807010359,6,2,201807010359,3,2,
Pattern Matcher : 191
201807010359,6,2,201807010359,3,2,
Pattern Matcher : 192
201807010359,6,2,201807010359,3,2,
Pattern Matcher : 193
201807010359,6,2,201807010359,3,2,
Pattern Matcher : 194
201807010359,6,2,201807010359,3,2,
Pattern Matcher : 195
201807010359,6,2,201807010359,3,2,
Pattern Matcher : 196
201807010359,6,2,201807010359,3,2,
Pattern Matcher : 197
201807010359,6,2,201807010359,3,2,
Pattern Matcher : 198
201807010359,6,2,201807010359,3,2,
Pattern Matcher : 199
201807010359,6,2,201807010359,3,2,
Pattern Matcher : 200
201807010359,6,2,201807010359,3,2,
Pattern Matcher : 201
201807010359,6,2,
boundary: POLYGON((-123.706 39.0447,-123.706 39.0537,-123.706 39.0628,-123.707 39.0718,-123.707 39.0808,-123.695 39.0809,-123.695 39.0719,-123.695 39.0629,-123.706 39.0447))
201807010359,3,2,
Pattern Matcher : 202
201807010359,6,2,201807010359,3,2,
Pattern Matcher : 203
201807010359,6,2,201807010359,3,2,
Pattern Matcher : 204
201807010359,6,2,201807010359,3,2,
Pattern Matcher : 205
201807010359,6,2,201807010359,3,2,
Pattern Matcher : 206
201807010359,6,2,201807010359,3,2,
Pattern Matcher : 207
201807010359,6,2,201807010359,3,2,
Pattern Matcher : 208
201807010359,6,2,201807010359,3,2,
Pattern Matcher : 209
201807010421,6,2,
boundary: POLYGON((-122.17 38.6667,-122.182 38.6667,-122.193 38.6757,-122.205 38.6937,-122.228 38.7027,-122.228 38.7118,-122.251 38.7298,-122.262 38.7388,-122.262 38.7478,-122.251 38.7659,-122.239 38.7749,-122.228 38.7749,-122.216 38.7749,-122.193 38.7749,-122.182 38.7749,-122.17 38.7659,-122.17 38.7569,-122.17 38.7479,-122.17 38.7208,-122.147 38.7118,-122.147 38.7027,-122.147 38.6937,-122.159 38.6757,-122.17 38.6667))
201807010428,3,2,
Pattern Matcher : 210
201807010424,6,2,201807010428,3,2,
Pattern Matcher : 211
201807010520,6,2,
boundary: POLYGON((-122.136 38.6396,-122.147 38.6396,-122.159 38.6396,-122.17 38.6486,-122.182 38.6667,-122.216 38.6667,-122.239 38.6757,-122.239 38.6847,-122.262 38.7027,-122.274 38.7117,-122.274 38.7208,-122.262 38.7388,-122.262 38.7478,-122.251 38.7659,-122.239 38.7749,-122.228 38.7749,-122.216 38.7749,-122.193 38.7749,-122.182 38.7749,-122.17 38.7659,-122.159 38.7479,-122.147 38.7388,-122.136 38.7388,-122.136 38.7208,-122.124 38.6847,-122.124 38.6757,-122.124 38.6667,-122.136 38.6486,-122.136 38.6396))
201807010522,3,2,
Pattern Matcher : 212
201807010627,6,2,
boundary: POLYGON((-122.136 38.6396,-122.147 38.6396,-122.159 38.6396,-122.182 38.6396,-122.193 38.6396,-122.216 38.6486,-122.216 38.6576,-122.239 38.6757,-122.239 38.6847,-122.262 38.7027,-122.274 38.7117,-122.274 38.7208,-122.262 38.7388,-122.262 38.7478,-122.251 38.7478,-122.239 38.7478,-122.228 38.7479,-122.205 38.7479,-122.193 38.7479,-122.182 38.7388,-122.17 38.7208,-122.147 38.7118,-122.147 38.7027,-122.147 38.6937,-122.136 38.6576,-122.136 38.6486,-122.136 38.6396))
201807010630,3,2,
Pattern Matcher : 213
201807010727,6,2,
boundary: POLYGON((-122.136 38.6396,-122.147 38.6396,-122.159 38.6396,-122.182 38.6396,-122.193 38.6396,-122.216 38.6486,-122.216 38.6576,-122.239 38.6757,-122.239 38.6847,-122.262 38.7027,-122.274 38.7117,-122.274 38.7208,-122.262 38.7298,-122.251 38.7208,-122.239 38.7208,-122.216 38.7388,-122.205 38.7479,-122.193 38.7479,-122.182 38.7388,-122.17 38.7208,-122.147 38.7118,-122.147 38.7027,-122.124 38.6847,-122.124 38.6757,-122.124 38.6667,-122.136 38.6486,-122.136 38.6396))
201807010731,3,2,
Pattern Matcher : 214
201807010728,6,2,201807010731,3,2,
Pattern Matcher : 215
201807010818,6,2,
boundary: POLYGON((-122.136 38.6396,-122.147 38.6396,-122.159 38.6396,-122.182 38.6396,-122.193 38.6396,-122.216 38.6486,-122.216 38.6576,-122.239 38.6757,-122.239 38.6847,-122.239 38.6937,-122.251 38.7298,-122.262 38.7388,-122.285 38.7568,-122.297 38.7659,-122.285 38.7839,-122.274 38.802,-122.262 38.802,-122.251 38.802,-122.239 38.802,-122.239 38.793,-122.216 38.7749,-122.216 38.7659,-122.193 38.7479,-122.182 38.7388,-122.17 38.7208,-122.147 38.7118,-122.147 38.7027,-122.124 38.6847,-122.124 38.6757,-122.124 38.6667,-122.136 38.6486,-122.136 38.6396))
201807010824,3,2,
Pattern Matcher : 216
201807010820,6,2,201807010824,3,2,
Pattern Matcher : 217
201807010924,6,2,
boundary: POLYGON((-122.182 38.6396,-122.193 38.6396,-122.216 38.6486,-122.216 38.6576,-122.239 38.6757,-122.239 38.6847,-122.262 38.7027,-122.274 38.7117,-122.274 38.7208,-122.262 38.7388,-122.262 38.7478,-122.274 38.7839,-122.274 38.7929,-122.274 38.802,-122.262 38.802,-122.251 38.802,-122.239 38.802,-122.239 38.793,-122.216 38.7749,-122.216 38.7659,-122.193 38.7479,-122.182 38.7388,-122.17 38.7208,-122.147 38.7118,-122.147 38.7027,-122.147 38.6937,-122.159 38.6757,-122.17 38.6667,-122.182 38.6486,-122.182 38.6396))
201807010930,3,2,
Pattern Matcher : 218
201807010927,6,2,201807010930,3,2,
Pattern Matcher : 219
201807011042,6,2,
boundary: POLYGON((-122.136 38.6396,-122.147 38.6396,-122.159 38.6396,-122.182 38.6396,-122.193 38.6396,-122.216 38.6486,-122.216 38.6576,-122.239 38.6757,-122.239 38.6847,-122.262 38.7027,-122.274 38.7117,-122.285 38.7298,-122.297 38.7388,-122.308 38.7388,-122.32 38.7568,-122.331 38.7658,-122.343 38.7658,-122.331 38.7839,-122.32 38.7839,-122.308 38.7749,-122.297 38.7749,-122.285 38.7839,-122.274 38.7749,-122.262 38.7749,-122.251 38.7749,-122.239 38.7749,-122.228 38.7749,-122.216 38.7749,-122.216 38.7659,-122.193 38.7479,-122.182 38.7388,-122.17 38.7208,-122.147 38.7118,-122.147 38.7027,-122.124 38.6847,-122.124 38.6757,-122.124 38.6667,-122.136 38.6486,-122.136 38.6396))
201807011045,3,2,
Pattern Matcher : 220
201807011043,6,2,201807011045,3,2,
Pattern Matcher : 221
201807011155,6,2,
boundary: POLYGON((-122.113 38.6125,-122.124 38.6125,-122.136 38.6125,-122.147 38.6125,-122.159 38.6125,-122.17 38.6125,-122.182 38.6216,-122.193 38.6396,-122.216 38.6486,-122.216 38.6576,-122.239 38.6757,-122.239 38.6847,-122.239 38.6937,-122.251 38.7298,-122.262 38.7388,-122.285 38.7568,-122.297 38.7659,-122.285 38.7839,-122.274 38.7749,-122.262 38.7749,-122.251 38.7749,-122.239 38.7749,-122.228 38.7749,-122.216 38.7749,-122.216 38.7659,-122.216 38.7569,-122.216 38.7479,-122.205 38.7208,-122.193 38.7118,-122.17 38.7208,-122.147 38.7118,-122.147 38.7027,-122.147 38.6937,-122.136 38.6576,-122.136 38.6486,-122.113 38.6306,-122.101 38.6306,-122.101 38.6215,-122.101 38.6125,-122.113 38.6125))
201807011157,3,2,
Pattern Matcher : 222
201807011259,6,2,
boundary: POLYGON((-122.17 38.6125,-122.205 38.6125,-122.228 38.6215,-122.228 38.6306,-122.251 38.6486,-122.262 38.6576,-122.274 38.6757,-122.285 38.6847,-122.285 38.6937,-122.285 38.7027,-122.274 38.7208,-122.262 38.7298,-122.251 38.7208,-122.239 38.7208,-122.228 38.7208,-122.216 38.7208,-122.205 38.7208,-122.193 38.7118,-122.17 38.7208,-122.147 38.7118,-122.147 38.7027,-122.147 38.6937,-122.136 38.6576,-122.136 38.6486,-122.113 38.6306,-122.101 38.6306,-122.101 38.6215,-122.101 38.6125,-122.113 38.6125,-122.124 38.6125,-122.136 38.6125,-122.147 38.6125,-122.159 38.6125,-122.17 38.6125))
201807011259,3,2,
Pattern Matcher : 223
201807011259,6,2,201807011259,3,2,
Pattern Matcher : 224
201807011359,6,2,
boundary: POLYGON((-122.113 38.5854,-122.124 38.5855,-122.136 38.5855,-122.147 38.5855,-122.17 38.5855,-122.182 38.5855,-122.193 38.5945,-122.205 38.6125,-122.228 38.6215,-122.228 38.6306,-122.251 38.6486,-122.262 38.6576,-122.251 38.6757,-122.239 38.6937,-122.228 38.7118,-122.228 38.7208,-122.239 38.7569,-122.251 38.7569,-122.262 38.7569,-122.274 38.7568,-122.285 38.7568,-122.297 38.7659,-122.308 38.7839,-122.32 38.7929,-122.32 38.8019,-122.32 38.8109,-122.308 38.8109,-122.297 38.8019,-122.285 38.8019,-122.274 38.802,-122.262 38.802,-122.251 38.802,-122.239 38.802,-122.239 38.793,-122.216 38.7749,-122.216 38.7659,-122.216 38.7569,-122.216 38.7479,-122.205 38.7208,-122.193 38.7118,-122.182 38.6937,-122.159 38.6847,-122.159 38.6757,-122.136 38.6576,-122.136 38.6486,-122.113 38.6306,-122.101 38.6306,-122.101 38.6215,-122.101 38.6125,-122.113 38.5945,-122.113 38.5854))
201807011359,3,2,
Pattern Matcher : 225
201807011459,6,2,
boundary: POLYGON((-122.09 38.5584,-122.102 38.5584,-122.113 38.5584,-122.136 38.5584,-122.147 38.5584,-122.17 38.5674,-122.182 38.5855,-122.193 38.5945,-122.205 38.6125,-122.228 38.6215,-122.228 38.6306,-122.251 38.6486,-122.262 38.6576,-122.274 38.6757,-122.285 38.6847,-122.285 38.6937,-122.285 38.7027,-122.274 38.7208,-122.262 38.7298,-122.251 38.7208,-122.239 38.7208,-122.228 38.7208,-122.216 38.7208,-122.205 38.7208,-122.193 38.7118,-122.182 38.6937,-122.159 38.6847,-122.159 38.6757,-122.136 38.6576,-122.136 38.6486,-122.136 38.6396,-122.124 38.6035,-122.113 38.6035,-122.113 38.5945,-122.09 38.5764,-122.09 38.5674,-122.09 38.5584))
201807011459,3,2,
Pattern Matcher : 226
201807011459,6,2,201807011459,3,2,
Pattern Matcher : 227
201807011559,6,2,201807011559,3,2,
Pattern Matcher : 228
201807011559,6,2,201807011559,3,2,
Pattern Matcher : 229
201807011559,6,2,201807011559,3,2,
Pattern Matcher : 230
201807011559,6,2,
boundary: POLYGON((-122.147 38.5584,-122.17 38.5674,-122.182 38.5855,-122.216 38.5855,-122.239 38.5945,-122.239 38.6035,-122.239 38.6125,-122.251 38.6486,-122.262 38.6576,-122.251 38.6757,-122.262 38.7027,-122.274 38.7117,-122.274 38.7208,-122.262 38.7298,-122.251 38.7208,-122.239 38.7208,-122.228 38.7208,-122.216 38.7208,-122.205 38.7208,-122.193 38.7118,-122.182 38.6937,-122.159 38.6847,-122.159 38.6757,-122.17 38.6667,-122.17 38.6396,-122.147 38.6306,-122.147 38.6216,-122.124 38.6035,-122.113 38.6035,-122.113 38.5945,-122.09 38.5764,-122.09 38.5674,-122.09 38.5584,-122.102 38.5584,-122.113 38.5584,-122.136 38.5584,-122.147 38.5584))
201807011559,3,2,
Pattern Matcher : 231
201807011559,6,2,201807011559,3,2,
Pattern Matcher : 232
201807011559,6,2,201807011559,3,2,
Pattern Matcher : 233
201807011559,6,2,201807011559,3,2,
Pattern Matcher : 234
201807011659,6,2,201807011659,3,2,
Pattern Matcher : 235
201807011659,6,2,201807011659,3,2,
Pattern Matcher : 236
201807011659,6,2,201807011659,3,2,
Pattern Matcher : 237
201807011659,6,2,
boundary: POLYGON((-122.147 38.5584,-122.17 38.5674,-122.182 38.5855,-122.193 38.5945,-122.205 38.6125,-122.228 38.6215,-122.228 38.6306,-122.251 38.6486,-122.262 38.6576,-122.251 38.6757,-122.262 38.7027,-122.274 38.7117,-122.274 38.7208,-122.285 38.7568,-122.297 38.7659,-122.285 38.7839,-122.274 38.802,-122.262 38.802,-122.251 38.802,-122.239 38.802,-122.239 38.793,-122.216 38.7749,-122.216 38.7659,-122.216 38.7569,-122.216 38.7479,-122.205 38.7208,-122.193 38.7118,-122.17 38.7208,-122.147 38.7118,-122.147 38.7027,-122.147 38.6937,-122.136 38.6576,-122.136 38.6486,-122.136 38.6396,-122.124 38.6035,-122.113 38.6035,-122.113 38.5945,-122.113 38.5854,-122.124 38.5764,-122.136 38.5584,-122.147 38.5584))
201807011659,3,2,
Pattern Matcher : 238
201807011659,6,2,201807011659,3,2,
Pattern Matcher : 239
201807011659,6,2,201807011659,3,2,
Pattern Matcher : 240
201807011659,6,2,201807011659,3,2,
Pattern Matcher : 241
201807011659,6,2,201807011659,3,2,
Pattern Matcher : 242
201807011659,6,2,201807011659,3,2,
Pattern Matcher : 243
201807011659,6,2,201807011659,3,2,
Pattern Matcher : 244
201807011659,6,2,201807011659,3,2,
Pattern Matcher : 245
201807011659,6,2,201807011659,3,2,
Pattern Matcher : 246
201807011659,6,2,201807011659,3,2,
Pattern Matcher : 247
201807011659,6,2,201807011659,3,2,
Pattern Matcher : 248
201807011659,6,2,201807011659,3,2,
Pattern Matcher : 249
201807011659,6,2,201807011659,3,2,
Pattern Matcher : 250
201807011759,6,2,
boundary: POLYGON((-122.182 38.5855,-122.193 38.5945,-122.193 38.6035,-122.193 38.6125,-122.182 38.6125,-122.159 38.6035,-122.159 38.5945,-122.17 38.5855,-122.182 38.5855))
201807011759,3,2,
Pattern Matcher : 251
201807011759,6,2,201807011759,3,2,
Pattern Matcher : 252
201807011759,6,2,201807011759,3,2,
Pattern Matcher : 253
201807011759,6,2,201807011759,3,2,
Pattern Matcher : 254
201807011759,6,2,201807011759,3,2,
Pattern Matcher : 255
201807011759,6,2,201807011759,3,2,
Pattern Matcher : 256
201807011759,6,2,201807011759,3,2,
Pattern Matcher : 257
201807011759,6,2,201807011759,3,2,
Pattern Matcher : 258
201807011759,6,2,201807011759,3,2,
Pattern Matcher : 259
201807011759,6,2,201807011759,3,2,
Pattern Matcher : 260
201807011759,6,2,201807011759,3,2,
Pattern Matcher : 261
201807011759,6,2,201807011759,3,2,
Pattern Matcher : 262
201807011759,6,2,201807011759,3,2,
Pattern Matcher : 263
201807011759,6,2,201807011759,3,2,
Pattern Matcher : 264
201807011759,6,2,201807011759,3,2,
Pattern Matcher : 265
201807011759,6,2,
boundary: POLYGON((-122.205 38.6937,-122.228 38.7027,-122.239 38.7027,-122.251 38.7027,-122.262 38.7027,-122.274 38.7117,-122.274 38.7208,-122.285 38.7568,-122.297 38.7659,-122.285 38.7839,-122.274 38.7749,-122.262 38.7749,-122.251 38.7749,-122.239 38.7749,-122.228 38.7749,-122.216 38.7749,-122.216 38.7659,-122.216 38.7569,-122.216 38.7479,-122.205 38.7208,-122.193 38.7118,-122.17 38.7208,-122.147 38.7118,-122.147 38.7027,-122.147 38.6937,-122.159 38.6937,-122.17 38.6937,-122.205 38.6937))
201807011759,3,2,
Pattern Matcher : 266
201807011759,6,2,201807011759,3,2,
Pattern Matcher : 267
201807011759,6,2,201807011759,3,2,
Pattern Matcher : 268
201807011759,6,2,201807011759,3,2,
Pattern Matcher : 269
201807011759,6,2,201807011759,3,2,
Pattern Matcher : 270
201807011759,6,2,201807011759,3,2,
Pattern Matcher : 271
201807011759,6,2,201807011759,3,2,
Pattern Matcher : 272
201807011759,6,2,201807011759,3,2,
Pattern Matcher : 273
201807011759,6,2,201807011759,3,2,
Pattern Matcher : 274
201807011759,6,2,201807011759,3,2,
Pattern Matcher : 275
201807011759,6,2,201807011759,3,2,
Pattern Matcher : 276
201807011759,6,2,201807011759,3,2,
Pattern Matcher : 277
201807011759,6,2,201807011759,3,2,
Pattern Matcher : 278
201807011759,6,2,201807011759,3,2,
Pattern Matcher : 279
201807011759,6,2,201807011759,3,2,
Pattern Matcher : 280
201807011859,6,2,
boundary: POLYGON((-122.113 38.5945,-122.113 38.5854,-122.124 38.5855,-122.136 38.5855,-122.147 38.5855,-122.17 38.5855,-122.182 38.5855,-122.193 38.5945,-122.193 38.6035,-122.193 38.6125,-122.182 38.6125,-122.159 38.6035,-122.147 38.6035,-122.136 38.6035,-122.124 38.6035,-122.113 38.6035,-122.113 38.5945))
201807011859,3,2,
Pattern Matcher : 281
201807011859,6,2,201807011859,3,2,
Pattern Matcher : 282
201807011859,6,2,201807011859,3,2,
Pattern Matcher : 283
201807011859,6,2,201807011859,3,2,
Pattern Matcher : 284
201807011859,6,2,201807011859,3,2,
Pattern Matcher : 285
201807011859,6,2,201807011859,3,2,
Pattern Matcher : 286
201807011859,6,2,201807011859,3,2,
Pattern Matcher : 287
201807011859,6,2,201807011859,3,2,
Pattern Matcher : 288
201807011859,6,2,
boundary: POLYGON((-122.159 38.6757,-122.17 38.6667,-122.182 38.6667,-122.193 38.6757,-122.205 38.6937,-122.228 38.7027,-122.228 38.7118,-122.228 38.7208,-122.216 38.7208,-122.205 38.7208,-122.193 38.7118,-122.17 38.7208,-122.147 38.7118,-122.147 38.7027,-122.147 38.6937,-122.159 38.6757))
201807011859,3,2,
Pattern Matcher : 289
201807011859,6,2,201807011859,3,2,
Pattern Matcher : 290
201807011859,6,2,201807011859,3,2,
Pattern Matcher : 291
201807011859,6,2,201807011859,3,2,
Pattern Matcher : 292
201807011859,6,2,201807011859,3,2,
Pattern Matcher : 293
201807011859,6,2,201807011859,3,2,
Pattern Matcher : 294
201807011859,6,2,201807011859,3,2,
Pattern Matcher : 295
201807011859,6,2,201807011859,3,2,
Pattern Matcher : 296
201807011959,6,2,
boundary: POLYGON((-122.159 38.5945,-122.17 38.5855,-122.182 38.5855,-122.193 38.5945,-122.193 38.6035,-122.193 38.6125,-122.182 38.6125,-122.159 38.6035,-122.159 38.5945))
201807011959,3,2,
Pattern Matcher : 297
201807011959,6,2,201807011959,3,2,
Pattern Matcher : 298
201807011959,6,2,201807011959,3,2,
Pattern Matcher : 299
201807011959,6,2,201807011959,3,2,
Pattern Matcher : 300
201807011959,6,2,201807011959,3,2,
Pattern Matcher : 301
201807011959,6,2,
boundary: POLYGON((-122.159 38.6757,-122.17 38.6667,-122.182 38.6667,-122.193 38.6757,-122.193 38.6847,-122.193 38.6937,-122.182 38.6937,-122.159 38.6847,-122.159 38.6757))
201807011959,3,2,
Pattern Matcher : 302
201807011959,6,2,201807011959,3,2,
Pattern Matcher : 303
201807011959,6,2,201807011959,3,2,
Pattern Matcher : 304
201807011959,6,2,201807011959,3,2,
Pattern Matcher : 305
201807011959,6,2,201807011959,3,2,
Pattern Matcher : 306
201807012059,6,2,
boundary: POLYGON((-122.159 38.5945,-122.17 38.5855,-122.182 38.5855,-122.193 38.5945,-122.193 38.6035,-122.193 38.6125,-122.182 38.6125,-122.159 38.6035,-122.159 38.5945))
201807012059,3,2,
Pattern Matcher : 307
201807012059,6,2,201807012059,3,2,
Pattern Matcher : 308
201807012059,6,2,201807012059,3,2,
Pattern Matcher : 309
201807012059,6,2,201807012059,3,2,
Pattern Matcher : 310
201807012059,6,2,201807012059,3,2,
Pattern Matcher : 311
201807012159,6,2,
boundary: POLYGON((-122.09 38.5674,-122.09 38.5584,-122.102 38.5584,-122.113 38.5584,-122.136 38.5584,-122.147 38.5584,-122.17 38.5674,-122.182 38.5855,-122.193 38.5945,-122.193 38.6035,-122.193 38.6125,-122.193 38.6396,-122.216 38.6486,-122.216 38.6576,-122.205 38.6667,-122.193 38.6847,-122.193 38.6937,-122.182 38.6937,-122.159 38.6847,-122.159 38.6757,-122.136 38.6576,-122.136 38.6486,-122.136 38.6396,-122.124 38.6035,-122.113 38.6035,-122.113 38.5945,-122.09 38.5764,-122.09 38.5674))
201807012159,3,2,
Pattern Matcher : 312
201807012159,6,2,201807012159,3,2,
Pattern Matcher : 313
201807012159,6,2,201807012159,3,2,
Pattern Matcher : 314
201807012159,6,2,201807012159,3,2,
Pattern Matcher : 315
201807012159,6,2,201807012159,3,2,
Pattern Matcher : 316
201807012159,6,2,201807012159,3,2,
Pattern Matcher : 317
201807012159,6,2,201807012159,3,2,
Pattern Matcher : 318
201807012159,6,2,201807012159,3,2,
Pattern Matcher : 319
201807012159,6,2,201807012159,3,2,
Pattern Matcher : 320
201807012159,6,2,201807012159,3,2,
Pattern Matcher : 321
201807012159,6,2,
boundary: POLYGON((-122.285 38.7568,-122.297 38.7659,-122.285 38.7839,-122.274 38.7749,-122.262 38.7749,-122.251 38.7749,-122.262 38.7569,-122.274 38.7568,-122.285 38.7568))
201807012159,3,2,
Pattern Matcher : 322
201807012159,6,2,201807012159,3,2,
Pattern Matcher : 323
201807012159,6,2,201807012159,3,2,
Pattern Matcher : 324
201807012159,6,2,201807012159,3,2,
Pattern Matcher : 325
201807012159,6,2,201807012159,3,2,
Pattern Matcher : 326
201807012159,6,2,201807012159,3,2,
Pattern Matcher : 327
201807012159,6,2,201807012159,3,2,
Pattern Matcher : 328
201807012159,6,2,201807012159,3,2,
Pattern Matcher : 329
201807012159,6,2,201807012159,3,2,
Pattern Matcher : 330
201807012159,6,2,201807012159,3,2,
Pattern Matcher : 331
201807012259,6,2,
boundary: POLYGON((-122.147 38.5584,-122.17 38.5674,-122.182 38.5855,-122.193 38.5945,-122.205 38.6125,-122.228 38.6215,-122.228 38.6306,-122.228 38.6396,-122.216 38.6576,-122.205 38.6667,-122.193 38.6667,-122.159 38.6667,-122.136 38.6576,-122.136 38.6486,-122.113 38.6306,-122.101 38.6306,-122.101 38.6215,-122.101 38.6125,-122.09 38.5764,-122.09 38.5674,-122.09 38.5584,-122.102 38.5584,-122.113 38.5584,-122.136 38.5584,-122.147 38.5584))
201807012259,3,2,
Pattern Matcher : 332
201807012259,6,2,201807012259,3,2,
Pattern Matcher : 333
201807012259,6,2,201807012259,3,2,
Pattern Matcher : 334
201807012259,6,2,201807012259,3,2,
Pattern Matcher : 335
201807012259,6,2,201807012259,3,2,
Pattern Matcher : 336
201807012259,6,2,201807012259,3,2,
Pattern Matcher : 337
201807012259,6,2,201807012259,3,2,
Pattern Matcher : 338
201807012259,6,2,
boundary: POLYGON((-122.216 38.7569,-122.216 38.7479,-122.228 38.7569,-122.239 38.7569,-122.251 38.7569,-122.262 38.7569,-122.274 38.7568,-122.285 38.7568,-122.297 38.7659,-122.285 38.7839,-122.274 38.7749,-122.262 38.7749,-122.251 38.7749,-122.239 38.7749,-122.228 38.7749,-122.216 38.7749,-122.216 38.7659,-122.216 38.7569))
201807012259,3,2,
Pattern Matcher : 339
201807012259,6,2,201807012259,3,2,
Pattern Matcher : 340
201807012259,6,2,201807012259,3,2,
Pattern Matcher : 341
201807012259,6,2,201807012259,3,2,
Pattern Matcher : 342
201807012259,6,2,201807012259,3,2,
Pattern Matcher : 343
201807012259,6,2,201807012259,3,2,
Pattern Matcher : 344
201807012259,6,2,201807012259,3,2,
Pattern Matcher : 345
201807012359,6,2,
boundary: POLYGON((-122.182 38.5855,-122.193 38.5945,-122.205 38.6125,-122.228 38.6215,-122.228 38.6306,-122.228 38.6396,-122.239 38.6757,-122.239 38.6847,-122.239 38.6937,-122.251 38.7298,-122.262 38.7388,-122.262 38.7478,-122.274 38.7839,-122.274 38.7929,-122.297 38.811,-122.308 38.82,-122.308 38.829,-122.297 38.838,-122.285 38.829,-122.274 38.829,-122.262 38.829,-122.251 38.829,-122.239 38.829,-122.228 38.82,-122.205 38.802,-122.193 38.793,-122.193 38.7839,-122.205 38.7749,-122.228 38.7479,-122.228 38.7388,-122.205 38.7208,-122.193 38.7118,-122.182 38.6937,-122.159 38.6847,-122.147 38.6847,-122.136 38.6847,-122.124 38.6847,-122.124 38.6757,-122.124 38.6667,-122.113 38.6306,-122.101 38.6306,-122.101 38.6215,-122.101 38.6125,-122.113 38.5945,-122.113 38.5854,-122.124 38.5855,-122.136 38.5855,-122.147 38.5855,-122.17 38.5855,-122.182 38.5855))
201807012359,3,2,
Pattern Matcher : 346
201807012359,6,2,201807012359,3,2,
Pattern Matcher : 347
201807012359,6,2,201807012359,3,2,
Pattern Matcher : 348
201807012359,6,2,201807012359,3,2,
Pattern Matcher : 349
201807012359,6,2,201807012359,3,2,
Pattern Matcher : 350
201807012359,6,2,201807012359,3,2,
Pattern Matcher : 351
201807012359,6,2,201807012359,3,2,
Pattern Matcher : 352
201807012359,6,2,201807012359,3,2,
Pattern Matcher : 353
201807012359,6,2,201807012359,3,2,
Pattern Matcher : 354
201807012359,6,2,201807012359,3,2,
Pattern Matcher : 355
201807012359,6,2,201807012359,3,2,
Pattern Matcher : 356
201807012359,6,2,201807012359,3,2,
Pattern Matcher : 357
201807012359,6,2,201807012359,3,2,
event stream queue is empty now!
perform 2loadshedding
eventCn 5362
#full Match 358
#high latecny (> 150)192
#NumPartialMatch 371
#NumDropedPM 0
#NumDropedInputEvents 0
avg latency: 960
expression size: 0



********   Event Pattern    ********
TYPE Satellite {
    time,
    channelID,
    level,
    boundary
};

QUERY fail3
EVENT SEQ(Satellite c07,Satellite c07MinusC14)
WHERE c07.boundary /\ c07MinusC14.boundary
    && c07.channelID == 6 
    && c07MinusC14.channelID == 3
    && c07.level == 2 && c07MinusC14.level == 2
WITHIN 1h
RETURN Fire(c07.time,c07.channelID,c07.level,
    INTERSECT(c07.boundary,c07MinusC14.boundary),
    c07MinusC14.time,c07MinusC14.channelID,c07MinusC14.level
);