c06
c16
c06
c16
c06
c16
c06
c06
c06
c06
c16
c16
c16
c16
Pattern Matcher : 0
201806300059,2,2,201806300059,5,2,
Pattern Matcher : 1
201806300059,2,2,201806300059,5,2,
Pattern Matcher : 2
201806300059,2,2,201806300059,5,2,
Pattern Matcher : 3
201806300059,2,2,201806300059,5,2,
Pattern Matcher : 4
201806300059,2,2,201806300059,5,2,
Pattern Matcher : 5
201806300159,2,2,
boundary: POLYGON((-120.862 37.9915,-120.862 37.9825,-120.873 37.9826,-120.885 37.9828,-120.885 37.9918,-120.884 38.0008,-120.873 38.0007,-120.862 38.0006,-120.862 37.9915))
201806300159,5,2,
Pattern Matcher : 6
201806300159,2,2,201806300159,5,2,
Pattern Matcher : 7
201806300159,2,2,201806300159,5,2,
Pattern Matcher : 8
201806300159,2,2,201806300159,5,2,
Pattern Matcher : 9
201806300359,2,2,201806300359,5,2,
Pattern Matcher : 10
201806300359,2,2,201806300359,5,2,
Pattern Matcher : 11
201806300359,2,2,201806300359,5,2,
Pattern Matcher : 12
201806300359,2,2,201806300359,5,2,
Pattern Matcher : 13
201806300359,2,2,201806300359,5,2,
Pattern Matcher : 14
201806300359,2,2,201806300359,5,2,
Pattern Matcher : 15
201806300359,2,2,201806300359,5,2,
Pattern Matcher : 16
201806300359,2,2,201806300359,5,2,
Pattern Matcher : 17
201806300359,2,2,201806300359,5,2,
Pattern Matcher : 18
201806300359,2,2,201806300359,5,2,
Pattern Matcher : 19
201806300359,2,2,201806300359,5,2,
Pattern Matcher : 20
201806300359,2,2,201806300359,5,2,
Pattern Matcher : 21
201806300359,2,2,201806300359,5,2,
Pattern Matcher : 22
201806300359,2,2,201806300359,5,2,
Pattern Matcher : 23
201806300359,2,2,201806300359,5,2,
Pattern Matcher : 24
201806300359,2,2,201806300359,5,2,
Pattern Matcher : 25
201806300359,2,2,201806300359,5,2,
Pattern Matcher : 26
201806300359,2,2,201806300359,5,2,
Pattern Matcher : 27
201806300359,2,2,201806300359,5,2,
Pattern Matcher : 28
201806300359,2,2,201806300359,5,2,
Pattern Matcher : 29
201806300359,2,2,201806300359,5,2,
Pattern Matcher : 30
201806300359,2,2,201806300359,5,2,
Pattern Matcher : 31
201806300359,2,2,201806300359,5,2,
Pattern Matcher : 32
201806300359,2,2,201806300359,5,2,
Pattern Matcher : 33
201806300359,2,2,201806300359,5,2,
Pattern Matcher : 34
201806300359,2,2,201806300359,5,2,
Pattern Matcher : 35
201806300359,2,2,201806300359,5,2,
Pattern Matcher : 36
201806300359,2,2,201806300359,5,2,
Pattern Matcher : 37
201806301859,2,2,
boundary: POLYGON((-122.298 39.3883,-122.309 39.3793,-122.321 39.3793,-122.333 39.3883,-122.344 39.4063,-122.356 39.4153,-122.368 39.4153,-122.368 39.4243,-122.368 39.4333,-122.356 39.4514,-122.356 39.4604,-122.344 39.4604,-122.333 39.4604,-122.321 39.4514,-122.31 39.4334,-122.298 39.4244,-122.286 39.4244,-122.286 39.4154,-122.286 39.4064,-122.298 39.3883))
201806301859,5,2,
Pattern Matcher : 38
201806301859,2,2,
boundary: POLYGON((-122.368 39.5777,-122.38 39.5777,-122.38 39.5867,-122.403 39.6047,-122.415 39.6137,-122.415 39.6227,-122.403 39.6317,-122.391 39.6227,-122.38 39.6228,-122.38 39.6137,-122.356 39.5957,-122.345 39.5957,-122.345 39.5867,-122.345 39.5777,-122.356 39.5777,-122.368 39.5777))
201806301859,5,2,
Pattern Matcher : 39
201806301859,2,2,201806301859,5,2,
Pattern Matcher : 40
201806301859,2,2,201806301859,5,2,
Pattern Matcher : 41
201806301859,2,2,201806301859,5,2,
Pattern Matcher : 42
201806301859,2,2,201806301859,5,2,
Pattern Matcher : 43
201806301859,2,2,201806301859,5,2,
Pattern Matcher : 44
201806301859,2,2,201806301859,5,2,
Pattern Matcher : 45
201806302159,2,2,201806302159,5,2,
Pattern Matcher : 46
201806302159,2,2,201806302159,5,2,
Pattern Matcher : 47
201806302159,2,2,201806302159,5,2,
Pattern Matcher : 48
201806302259,2,2,201806302259,5,2,
Pattern Matcher : 49
201806302259,2,2,
boundary: POLYGON((-122.205 38.7749,-122.216 38.7839,-122.228 38.7839,-122.228 38.793,-122.228 38.802,-122.216 38.802,-122.205 38.802,-122.193 38.793,-122.193 38.7839,-122.205 38.7749))
201806302259,5,2,
Pattern Matcher : 50
201806302259,2,2,201806302259,5,2,
Pattern Matcher : 51
201806302259,2,2,201806302259,5,2,
Pattern Matcher : 52
201806302259,2,2,201806302259,5,2,
Pattern Matcher : 53
201806302259,2,2,201806302259,5,2,
Pattern Matcher : 54
201806302359,2,2,201806302359,5,2,
Pattern Matcher : 55
201806302359,2,2,
boundary: POLYGON((-122.216 38.7479,-122.228 38.7569,-122.239 38.7569,-122.251 38.7569,-122.251 38.7659,-122.239 38.7749,-122.228 38.793,-122.228 38.802,-122.216 38.802,-122.205 38.802,-122.193 38.793,-122.182 38.7749,-122.17 38.7659,-122.17 38.7569,-122.17 38.7479,-122.182 38.7479,-122.193 38.7569,-122.205 38.7569,-122.216 38.7479))
201806302359,5,2,
Pattern Matcher : 56
201806302359,2,2,
boundary: POLYGON((-122.551 39.0179,-122.563 39.0269,-122.574 39.0269,-122.574 39.0359,-122.574 39.0449,-122.563 39.045,-122.551 39.045,-122.54 39.036,-122.54 39.027,-122.551 39.0179))
201806302359,5,2,
Pattern Matcher : 57
201806302359,2,2,201806302359,5,2,
Pattern Matcher : 58
201806302359,2,2,201806302359,5,2,
Pattern Matcher : 59
201806302359,2,2,201806302359,5,2,
Pattern Matcher : 60
201806302359,2,2,201806302359,5,2,
Pattern Matcher : 61
201806302359,2,2,201806302359,5,2,
Pattern Matcher : 62
201806302359,2,2,201806302359,5,2,
Pattern Matcher : 63
201806302359,2,2,201806302359,5,2,
Pattern Matcher : 64
201806302359,2,2,201806302359,5,2,
Pattern Matcher : 65
201806302359,2,2,201806302359,5,2,
Pattern Matcher : 66
201807010059,2,2,201807010059,5,2,
Pattern Matcher : 67
201807010059,2,2,
boundary: POLYGON((-122.193 38.7208,-122.216 38.7298,-122.216 38.7388,-122.239 38.7569,-122.251 38.7569,-122.262 38.7569,-122.274 38.7568,-122.285 38.7568,-122.297 38.7659,-122.285 38.7839,-122.274 38.802,-122.262 38.802,-122.251 38.802,-122.239 38.802,-122.228 38.802,-122.216 38.802,-122.205 38.802,-122.193 38.793,-122.182 38.7749,-122.17 38.7659,-122.17 38.7569,-122.17 38.7479,-122.182 38.7298,-122.182 38.7208,-122.193 38.7208))
201807010059,5,2,
Pattern Matcher : 68
201807010059,2,2,201807010059,5,2,
Pattern Matcher : 69
201807010059,2,2,201807010059,5,2,
Pattern Matcher : 70
201807010059,2,2,201807010059,5,2,
Pattern Matcher : 71
201807010059,2,2,201807010059,5,2,
Pattern Matcher : 72
201807010059,2,2,201807010059,5,2,
Pattern Matcher : 73
201807010059,2,2,201807010059,5,2,
Pattern Matcher : 74
201807010059,2,2,201807010059,5,2,
Pattern Matcher : 75
201807010059,2,2,201807010059,5,2,
Pattern Matcher : 76
201807010059,2,2,201807010059,5,2,
Pattern Matcher : 77
201807010059,2,2,201807010059,5,2,
Pattern Matcher : 78
201807010159,2,2,201807010159,5,2,
Pattern Matcher : 79
201807010159,2,2,
boundary: POLYGON((-122.182 38.7298,-122.182 38.7208,-122.193 38.7208,-122.216 38.7298,-122.228 38.7298,-122.239 38.7298,-122.251 38.7298,-122.262 38.7388,-122.262 38.7478,-122.251 38.7659,-122.239 38.7749,-122.228 38.793,-122.228 38.802,-122.216 38.802,-122.205 38.802,-122.193 38.793,-122.193 38.7839,-122.193 38.7479,-122.182 38.7388,-122.182 38.7298))
201807010159,5,2,
Pattern Matcher : 80
201807010159,2,2,201807010159,5,2,
Pattern Matcher : 81
201807010159,2,2,201807010159,5,2,
Pattern Matcher : 82
201807010159,2,2,201807010159,5,2,
Pattern Matcher : 83
201807010159,2,2,201807010159,5,2,
Pattern Matcher : 84
201807010159,2,2,201807010159,5,2,
Pattern Matcher : 85
201807010159,2,2,201807010159,5,2,
Pattern Matcher : 86
201807010259,2,2,201807010259,5,2,
Pattern Matcher : 87
201807010259,2,2,201807010259,5,2,
Pattern Matcher : 88
201807010259,2,2,
boundary: POLYGON((-122.551 39.0179,-122.563 39.0269,-122.574 39.0269,-122.574 39.0359,-122.574 39.0449,-122.563 39.045,-122.551 39.045,-122.54 39.036,-122.54 39.027,-122.551 39.0179))
201807010259,5,2,
Pattern Matcher : 89
201807010259,2,2,201807010259,5,2,
Pattern Matcher : 90
201807010259,2,2,201807010259,5,2,
Pattern Matcher : 91
201807010259,2,2,201807010259,5,2,
Pattern Matcher : 92
201807010259,2,2,201807010259,5,2,
Pattern Matcher : 93
201807010259,2,2,201807010259,5,2,
Pattern Matcher : 94
201807010259,2,2,201807010259,5,2,
Pattern Matcher : 95
201807010259,2,2,201807010259,5,2,
Pattern Matcher : 96
201807010259,2,2,201807010259,5,2,
Pattern Matcher : 97
201807010259,2,2,201807010259,5,2,
Pattern Matcher : 98
201807010259,2,2,201807010259,5,2,
Pattern Matcher : 99
201807010259,2,2,201807010259,5,2,
Pattern Matcher : 100
201807010259,2,2,201807010259,5,2,
Pattern Matcher : 101
201807010359,2,2,201807010359,5,2,
Pattern Matcher : 102
201807010359,2,2,201807010359,5,2,
Pattern Matcher : 103
201807010359,2,2,201807010359,5,2,
Pattern Matcher : 104
201807010359,2,2,201807010359,5,2,
Pattern Matcher : 105
201807010359,2,2,
boundary: POLYGON((-121.59 38.0426,-121.601 38.0337,-121.624 38.0428,-121.624 38.0518,-121.624 38.0608,-121.612 38.0608,-121.59 38.0516,-121.59 38.0426))
201807010359,5,2,
Pattern Matcher : 106
201807010359,2,2,
boundary: POLYGON((-122.182 38.7298,-122.182 38.7208,-122.193 38.7208,-122.216 38.7298,-122.228 38.7298,-122.239 38.7298,-122.251 38.7298,-122.262 38.7388,-122.262 38.7478,-122.251 38.7478,-122.239 38.7478,-122.228 38.7479,-122.205 38.7479,-122.193 38.7479,-122.182 38.7388,-122.182 38.7298))
201807010359,5,2,
Pattern Matcher : 107
201807010359,2,2,201807010359,5,2,
Pattern Matcher : 108
201807010359,2,2,201807010359,5,2,
Pattern Matcher : 109
201807010359,2,2,201807010359,5,2,
Pattern Matcher : 110
201807010359,2,2,201807010359,5,2,
Pattern Matcher : 111
201807010359,2,2,201807010359,5,2,
Pattern Matcher : 112
201807010359,2,2,201807010359,5,2,
Pattern Matcher : 113
201807010359,2,2,201807010359,5,2,
Pattern Matcher : 114
201807010359,2,2,201807010359,5,2,
Pattern Matcher : 115
201807010359,2,2,201807010359,5,2,
Pattern Matcher : 116
201807010359,2,2,201807010359,5,2,
Pattern Matcher : 117
201807010359,2,2,201807010359,5,2,
Pattern Matcher : 118
201807010359,2,2,201807010359,5,2,
Pattern Matcher : 119
201807010359,2,2,201807010359,5,2,
Pattern Matcher : 120
201807010359,2,2,201807010359,5,2,
Pattern Matcher : 121
201807010359,2,2,201807010359,5,2,
Pattern Matcher : 122
201807010359,2,2,201807010359,5,2,
Pattern Matcher : 123
201807010359,2,2,201807010359,5,2,
Pattern Matcher : 124
201807010359,2,2,201807010359,5,2,
Pattern Matcher : 125
201807010359,2,2,201807010359,5,2,
Pattern Matcher : 126
201807010359,2,2,201807010359,5,2,
Pattern Matcher : 127
201807010359,2,2,201807010359,5,2,
Pattern Matcher : 128
201807010359,2,2,201807010359,5,2,
Pattern Matcher : 129
201807010406,2,2,
boundary: POLYGON((-122.193 38.7028,-122.205 38.6937,-122.228 38.7027,-122.228 38.7118,-122.251 38.7298,-122.262 38.7388,-122.262 38.7478,-122.251 38.7478,-122.239 38.7478,-122.228 38.7479,-122.205 38.7479,-122.193 38.7479,-122.182 38.7388,-122.182 38.7298,-122.182 38.7208,-122.193 38.7028))
201807010459,5,2,
Pattern Matcher : 130
201807010406,2,2,201807010459,5,2,
Pattern Matcher : 131
201807010406,2,2,201807010459,5,2,
Pattern Matcher : 132
201807010406,2,2,201807010459,5,2,
Pattern Matcher : 133
201807010406,2,2,201807010459,5,2,
Pattern Matcher : 134
201807010508,2,2,
boundary: POLYGON((-122.205 38.6667,-122.205 38.6667,-122.205 38.6937,-122.228 38.7027,-122.228 38.7118,-122.239 38.7208,-122.239 38.7208,-122.216 38.7388,-122.205 38.7479,-122.193 38.7479,-122.182 38.7388,-122.17 38.7208,-122.147 38.7118,-122.147 38.7027,-122.147 38.6937,-122.159 38.6757,-122.17 38.6667,-122.182 38.6667,-122.205 38.6667))
201807010553,5,2,
Pattern Matcher : 135
201807010508,2,2,201807010556,5,2,
Pattern Matcher : 136
201807010508,2,2,201807010558,5,2,
Pattern Matcher : 137
201807010508,2,2,201807010558,5,2,
Pattern Matcher : 138
201807010508,2,2,201807010558,5,2,
Pattern Matcher : 139
201807010508,2,2,201807010559,5,2,
Pattern Matcher : 140
201807010508,2,2,201807010559,5,2,
Pattern Matcher : 141
201807010508,2,2,201807010559,5,2,
Pattern Matcher : 142
201807010508,2,2,201807010559,5,2,
Pattern Matcher : 143
201807010607,2,2,201807010657,5,2,
Pattern Matcher : 144
201807010607,2,2,201807010658,5,2,
Pattern Matcher : 145
201807010607,2,2,201807010659,5,2,
Pattern Matcher : 146
201807010607,2,2,201807010659,5,2,
Pattern Matcher : 147
201807010607,2,2,201807010659,5,2,
Pattern Matcher : 148
201807010607,2,2,
boundary: POLYGON((-122.239 38.6757,-122.239 38.6937,-122.228 38.7118,-122.228 38.7208,-122.216 38.7208,-122.205 38.7208,-122.193 38.7118,-122.182 38.6937,-122.159 38.6847,-122.159 38.6757,-122.17 38.6667,-122.182 38.6667,-122.216 38.6667,-122.239 38.6757))
201807010659,5,2,
Pattern Matcher : 149
201807010607,2,2,201807010659,5,2,
Pattern Matcher : 150
201807010607,2,2,201807010659,5,2,
Pattern Matcher : 151
201807010607,2,2,201807010659,5,2,
Pattern Matcher : 152
201807010711,2,2,201807010759,5,2,
Pattern Matcher : 153
201807010711,2,2,201807010759,5,2,
Pattern Matcher : 154
201807010711,2,2,201807010759,5,2,
Pattern Matcher : 155
201807010711,2,2,
boundary: POLYGON((-122.239 38.6757,-122.239 38.6847,-122.239 38.6937,-122.228 38.7118,-122.228 38.7208,-122.216 38.7208,-122.205 38.7208,-122.193 38.7118,-122.17 38.7208,-122.147 38.7118,-122.147 38.7027,-122.147 38.6937,-122.159 38.6757,-122.17 38.6667,-122.182 38.6667,-122.216 38.6667,-122.239 38.6757))
201807010759,5,2,
Pattern Matcher : 156
201807010711,2,2,201807010759,5,2,
Pattern Matcher : 157
201807010711,2,2,201807010759,5,2,
Pattern Matcher : 158
201807010711,2,2,201807010759,5,2,
Pattern Matcher : 159
201807010711,2,2,201807010759,5,2,
Pattern Matcher : 160
201807010711,2,2,201807010759,5,2,
Pattern Matcher : 161
201807010711,2,2,201807010759,5,2,
Pattern Matcher : 162
201807010711,2,2,201807010759,5,2,
Pattern Matcher : 163
201807010807,2,2,201807010853,5,2,
Pattern Matcher : 164
201807010807,2,2,
boundary: POLYGON((-122.251 38.7298,-122.262 38.7388,-122.262 38.7478,-122.251 38.7478,-122.239 38.7478,-122.228 38.7479,-122.228 38.7388,-122.205 38.7208,-122.193 38.7118,-122.17 38.7208,-122.147 38.7118,-122.147 38.7027,-122.147 38.6937,-122.159 38.6757,-122.17 38.6667,-122.182 38.6667,-122.193 38.6757,-122.205 38.6937,-122.228 38.7027,-122.228 38.7118,-122.251 38.7298))
201807010855,5,2,
Pattern Matcher : 165
201807010807,2,2,201807010856,5,2,
Pattern Matcher : 166
201807010807,2,2,201807010859,5,2,
Pattern Matcher : 167
201807010807,2,2,201807010859,5,2,
Pattern Matcher : 168
201807010807,2,2,201807010859,5,2,
Pattern Matcher : 169
201807010807,2,2,201807010859,5,2,
Pattern Matcher : 170
201807010807,2,2,201807010859,5,2,
Pattern Matcher : 171
201807010807,2,2,201807010859,5,2,
Pattern Matcher : 172
201807010807,2,2,201807010859,5,2,
Pattern Matcher : 173
201807010908,2,2,201807010959,5,2,
Pattern Matcher : 174
201807010908,2,2,201807010959,5,2,
Pattern Matcher : 175
201807010908,2,2,
boundary: POLYGON((-122.262 38.7027,-122.274 38.7117,-122.274 38.7208,-122.262 38.7298,-122.251 38.7208,-122.239 38.7208,-122.228 38.7208,-122.216 38.7208,-122.205 38.7208,-122.193 38.7118,-122.193 38.7028,-122.205 38.6937,-122.228 38.7027,-122.239 38.7027,-122.251 38.7027,-122.262 38.7027))
201807010959,5,2,
Pattern Matcher : 176
201807010908,2,2,201807010959,5,2,
Pattern Matcher : 177
201807010908,2,2,201807010959,5,2,
Pattern Matcher : 178
201807010908,2,2,201807010959,5,2,
Pattern Matcher : 179
201807010908,2,2,201807010959,5,2,
Pattern Matcher : 180
201807010908,2,2,201807010959,5,2,
Pattern Matcher : 181
201807010908,2,2,201807010959,5,2,
Pattern Matcher : 182
201807010908,2,2,201807010959,5,2,
Pattern Matcher : 183
201807010908,2,2,201807010959,5,2,
Pattern Matcher : 184
201807010908,2,2,201807010959,5,2,
Pattern Matcher : 185
201807010908,2,2,201807010959,5,2,
Pattern Matcher : 186
201807010908,2,2,201807010959,5,2,
Pattern Matcher : 187
201807010908,2,2,201807010959,5,2,
Pattern Matcher : 188
201807010908,2,2,201807010959,5,2,
Pattern Matcher : 189
201807010908,2,2,201807010959,5,2,
Pattern Matcher : 190
201807010908,2,2,201807010959,5,2,
Pattern Matcher : 191
201807010908,2,2,201807010959,5,2,
Pattern Matcher : 192
201807010908,2,2,201807010959,5,2,
Pattern Matcher : 193
201807010908,2,2,201807010959,5,2,
Pattern Matcher : 194
201807010908,2,2,201807010959,5,2,
Pattern Matcher : 195
201807011007,2,2,201807011059,5,2,
Pattern Matcher : 196
201807011007,2,2,201807011059,5,2,
Pattern Matcher : 197
201807011007,2,2,
boundary: POLYGON((-122.251 38.7298,-122.262 38.7388,-122.285 38.7568,-122.297 38.7659,-122.285 38.7839,-122.274 38.7749,-122.262 38.7749,-122.251 38.7749,-122.228 38.7479,-122.228 38.7388,-122.228 38.7298,-122.239 38.7298,-122.251 38.7298))
201807011059,5,2,
Pattern Matcher : 198
201807011007,2,2,201807011059,5,2,
Pattern Matcher : 199
201807011007,2,2,201807011059,5,2,
Pattern Matcher : 200
201807011007,2,2,201807011059,5,2,
Pattern Matcher : 201
201807011007,2,2,201807011059,5,2,
Pattern Matcher : 202
201807011007,2,2,201807011059,5,2,
Pattern Matcher : 203
201807011007,2,2,201807011059,5,2,
Pattern Matcher : 204
201807011007,2,2,201807011059,5,2,
Pattern Matcher : 205
201807011007,2,2,201807011059,5,2,
Pattern Matcher : 206
201807011007,2,2,201807011059,5,2,
Pattern Matcher : 207
201807011007,2,2,201807011059,5,2,
Pattern Matcher : 208
201807011007,2,2,201807011059,5,2,
Pattern Matcher : 209
201807011106,2,2,201807011159,5,2,
Pattern Matcher : 210
201807011106,2,2,
boundary: POLYGON((-122.216 38.6486,-122.216 38.6576,-122.205 38.6667,-122.193 38.6667,-122.182 38.6576,-122.182 38.6486,-122.182 38.6396,-122.193 38.6396,-122.216 38.6486))
201807011159,5,2,
Pattern Matcher : 211
201807011106,2,2,201807011159,5,2,
Pattern Matcher : 212
201807011106,2,2,201807011159,5,2,
Pattern Matcher : 213
201807011106,2,2,201807011159,5,2,
Pattern Matcher : 214
201807011106,2,2,201807011159,5,2,
Pattern Matcher : 215
201807011106,2,2,201807011159,5,2,
Pattern Matcher : 216
201807011106,2,2,201807011159,5,2,
Pattern Matcher : 217
201807011106,2,2,201807011159,5,2,
Pattern Matcher : 218
201807011206,2,2,201807011259,5,2,
Pattern Matcher : 219
201807011206,2,2,
boundary: POLYGON((-122.216 38.6576,-122.205 38.6667,-122.193 38.6667,-122.182 38.6576,-122.17 38.6396,-122.147 38.6306,-122.147 38.6216,-122.147 38.6125,-122.159 38.6125,-122.17 38.6125,-122.193 38.6125,-122.193 38.6125,-122.193 38.6396,-122.216 38.6486,-122.216 38.6576))
201807011259,5,2,
Pattern Matcher : 220
201807011206,2,2,201807011259,5,2,
Pattern Matcher : 221
201807011206,2,2,201807011259,5,2,
Pattern Matcher : 222
201807011307,2,2,
boundary: POLYGON((-122.205 38.6125,-122.228 38.6215,-122.228 38.6306,-122.228 38.6396,-122.216 38.6576,-122.205 38.6667,-122.193 38.6667,-122.182 38.6576,-122.17 38.6396,-122.147 38.6306,-122.147 38.6216,-122.124 38.6035,-122.113 38.6035,-122.113 38.5945,-122.113 38.5854,-122.124 38.5855,-122.136 38.5855,-122.147 38.5855,-122.147 38.5945,-122.17 38.6125,-122.205 38.6125))
201807011359,5,2,
Pattern Matcher : 223
201807011459,2,2,201807011459,5,2,
Pattern Matcher : 224
201807011459,2,2,
boundary: POLYGON((-122.147 38.5855,-122.17 38.5855,-122.182 38.5855,-122.193 38.5945,-122.193 38.6035,-122.193 38.6125,-122.193 38.6396,-122.216 38.6486,-122.216 38.6576,-122.239 38.6757,-122.239 38.6847,-122.239 38.6937,-122.228 38.6937,-122.216 38.6937,-122.205 38.6847,-122.193 38.6667,-122.182 38.6576,-122.17 38.6396,-122.147 38.6306,-122.147 38.6216,-122.124 38.6035,-122.113 38.6035,-122.113 38.5945,-122.113 38.5854,-122.124 38.5855,-122.136 38.5855,-122.147 38.5855))
201807011459,5,2,
Pattern Matcher : 225
201807011459,2,2,201807011459,5,2,
Pattern Matcher : 226
201807011459,2,2,201807011459,5,2,
Pattern Matcher : 227
201807011459,2,2,201807011459,5,2,
Pattern Matcher : 228
201807011559,2,2,201807011559,5,2,
Pattern Matcher : 229
201807011559,2,2,201807011559,5,2,
Pattern Matcher : 230
201807011559,2,2,201807011559,5,2,
Pattern Matcher : 231
201807011559,2,2,
boundary: POLYGON((-122.182 38.5855,-122.193 38.5945,-122.193 38.6035,-122.193 38.6125,-122.193 38.6396,-122.216 38.6486,-122.216 38.6576,-122.239 38.6757,-122.239 38.6847,-122.239 38.6937,-122.228 38.6937,-122.216 38.6937,-122.205 38.6847,-122.193 38.6667,-122.182 38.6576,-122.182 38.6486,-122.182 38.6396,-122.182 38.6125,-122.159 38.6035,-122.147 38.6035,-122.136 38.6035,-122.124 38.6035,-122.113 38.6035,-122.113 38.5945,-122.113 38.5854,-122.124 38.5855,-122.136 38.5855,-122.147 38.5855,-122.17 38.5855,-122.182 38.5855))
201807011559,5,2,
Pattern Matcher : 232
201807011559,2,2,201807011559,5,2,
Pattern Matcher : 233
201807011559,2,2,201807011559,5,2,
Pattern Matcher : 234
201807011559,2,2,201807011559,5,2,
Pattern Matcher : 235
201807011559,2,2,201807011559,5,2,
Pattern Matcher : 236
201807011559,2,2,201807011559,5,2,
Pattern Matcher : 237
201807011559,2,2,201807011559,5,2,
Pattern Matcher : 238
201807011559,2,2,201807011559,5,2,
Pattern Matcher : 239
201807011659,2,2,201807011659,5,2,
Pattern Matcher : 240
201807011659,2,2,201807011659,5,2,
Pattern Matcher : 241
201807011659,2,2,201807011659,5,2,
Pattern Matcher : 242
201807011659,2,2,201807011659,5,2,
Pattern Matcher : 243
201807011659,2,2,201807011659,5,2,
Pattern Matcher : 244
201807011659,2,2,201807011659,5,2,
Pattern Matcher : 245
201807011659,2,2,201807011659,5,2,
Pattern Matcher : 246
201807011659,2,2,201807011659,5,2,
Pattern Matcher : 247
201807011659,2,2,201807011659,5,2,
Pattern Matcher : 248
201807011659,2,2,201807011659,5,2,
Pattern Matcher : 249
201807011659,2,2,
boundary: POLYGON((-122.182 38.6486,-122.182 38.6396,-122.193 38.6396,-122.216 38.6486,-122.216 38.6576,-122.205 38.6667,-122.193 38.6667,-122.182 38.6576,-122.182 38.6486))
201807011659,5,2,
Pattern Matcher : 250
201807011659,2,2,201807011659,5,2,
Pattern Matcher : 251
201807011659,2,2,201807011659,5,2,
Pattern Matcher : 252
201807011659,2,2,201807011659,5,2,
Pattern Matcher : 253
201807011659,2,2,201807011659,5,2,
Pattern Matcher : 254
201807011659,2,2,201807011659,5,2,
Pattern Matcher : 255
201807011659,2,2,201807011659,5,2,
Pattern Matcher : 256
201807011659,2,2,201807011659,5,2,
Pattern Matcher : 257
201807011659,2,2,201807011659,5,2,
Pattern Matcher : 258
201807011659,2,2,201807011659,5,2,
Pattern Matcher : 259
201807011659,2,2,201807011659,5,2,
Pattern Matcher : 260
201807011659,2,2,201807011659,5,2,
Pattern Matcher : 261
201807011659,2,2,201807011659,5,2,
Pattern Matcher : 262
201807011659,2,2,201807011659,5,2,
Pattern Matcher : 263
201807011659,2,2,201807011659,5,2,
Pattern Matcher : 264
201807011659,2,2,201807011659,5,2,
Pattern Matcher : 265
201807011659,2,2,201807011659,5,2,
Pattern Matcher : 266
201807011659,2,2,201807011659,5,2,
Pattern Matcher : 267
201807011659,2,2,201807011659,5,2,
Pattern Matcher : 268
201807011659,2,2,201807011659,5,2,
Pattern Matcher : 269
201807011659,2,2,201807011659,5,2,
Pattern Matcher : 270
201807011659,2,2,201807011659,5,2,
Pattern Matcher : 271
201807011659,2,2,201807011659,5,2,
Pattern Matcher : 272
201807011659,2,2,201807011659,5,2,
Pattern Matcher : 273
201807011659,2,2,201807011659,5,2,
Pattern Matcher : 274
201807011659,2,2,201807011659,5,2,
Pattern Matcher : 275
201807011659,2,2,201807011659,5,2,
Pattern Matcher : 276
201807011659,2,2,201807011659,5,2,
Pattern Matcher : 277
201807011659,2,2,201807011659,5,2,
Pattern Matcher : 278
201807011659,2,2,201807011659,5,2,
Pattern Matcher : 279
201807011659,2,2,201807011659,5,2,
Pattern Matcher : 280
201807011659,2,2,201807011659,5,2,
Pattern Matcher : 281
201807011659,2,2,201807011659,5,2,
Pattern Matcher : 282
201807011659,2,2,201807011659,5,2,
Pattern Matcher : 283
201807011659,2,2,201807011659,5,2,
Pattern Matcher : 284
201807011659,2,2,201807011659,5,2,
Pattern Matcher : 285
201807011659,2,2,201807011659,5,2,
Pattern Matcher : 286
201807011659,2,2,201807011659,5,2,
Pattern Matcher : 287
201807011759,2,2,201807011759,5,2,
Pattern Matcher : 288
201807011759,2,2,201807011759,5,2,
Pattern Matcher : 289
201807011759,2,2,201807011759,5,2,
Pattern Matcher : 290
201807011759,2,2,
boundary: POLYGON((-122.147 38.6937,-122.159 38.6937,-122.17 38.6937,-122.182 38.7028,-122.182 38.7118,-122.17 38.7208,-122.147 38.7118,-122.147 38.7027,-122.147 38.6937))
201807011759,5,2,
Pattern Matcher : 291
201807011759,2,2,201807011759,5,2,
Pattern Matcher : 292
201807011759,2,2,201807011759,5,2,
Pattern Matcher : 293
201807011759,2,2,201807011759,5,2,
Pattern Matcher : 294
201807011759,2,2,201807011759,5,2,
Pattern Matcher : 295
201807011759,2,2,201807011759,5,2,
Pattern Matcher : 296
201807011759,2,2,201807011759,5,2,
Pattern Matcher : 297
201807011759,2,2,201807011759,5,2,
Pattern Matcher : 298
201807011759,2,2,201807011759,5,2,
Pattern Matcher : 299
201807011759,2,2,201807011759,5,2,
Pattern Matcher : 300
201807011759,2,2,201807011759,5,2,
Pattern Matcher : 301
201807011759,2,2,201807011759,5,2,
Pattern Matcher : 302
201807011759,2,2,201807011759,5,2,
Pattern Matcher : 303
201807011759,2,2,201807011759,5,2,
Pattern Matcher : 304
201807011759,2,2,201807011759,5,2,
Pattern Matcher : 305
201807011759,2,2,201807011759,5,2,
Pattern Matcher : 306
201807011759,2,2,201807011759,5,2,
Pattern Matcher : 307
201807011759,2,2,201807011759,5,2,
Pattern Matcher : 308
201807011759,2,2,201807011759,5,2,
Pattern Matcher : 309
201807011759,2,2,201807011759,5,2,
Pattern Matcher : 310
201807011759,2,2,201807011759,5,2,
Pattern Matcher : 311
201807011759,2,2,201807011759,5,2,
Pattern Matcher : 312
201807011759,2,2,201807011759,5,2,
Pattern Matcher : 313
201807011759,2,2,201807011759,5,2,
Pattern Matcher : 314
201807011759,2,2,201807011759,5,2,
Pattern Matcher : 315
201807011759,2,2,201807011759,5,2,
Pattern Matcher : 316
201807011759,2,2,201807011759,5,2,
Pattern Matcher : 317
201807011759,2,2,201807011759,5,2,
Pattern Matcher : 318
201807011759,2,2,201807011759,5,2,
Pattern Matcher : 319
201807011759,2,2,201807011759,5,2,
Pattern Matcher : 320
201807011759,2,2,201807011759,5,2,
Pattern Matcher : 321
201807011759,2,2,201807011759,5,2,
Pattern Matcher : 322
201807011759,2,2,201807011759,5,2,
Pattern Matcher : 323
201807011759,2,2,201807011759,5,2,
Pattern Matcher : 324
201807011759,2,2,201807011759,5,2,
Pattern Matcher : 325
201807011759,2,2,201807011759,5,2,
Pattern Matcher : 326
201807011759,2,2,201807011759,5,2,
Pattern Matcher : 327
201807011859,2,2,201807011859,5,2,
Pattern Matcher : 328
201807011859,2,2,201807011859,5,2,
Pattern Matcher : 329
201807011859,2,2,
boundary: POLYGON((-122.321 39.3793,-122.333 39.3883,-122.344 39.4063,-122.356 39.4153,-122.368 39.4153,-122.368 39.4243,-122.368 39.4333,-122.356 39.4514,-122.356 39.4604,-122.344 39.4604,-122.333 39.4604,-122.321 39.4514,-122.321 39.4424,-122.321 39.4063,-122.309 39.3973,-122.298 39.3973,-122.298 39.3883,-122.309 39.3793,-122.321 39.3793))
201807011859,5,2,
Pattern Matcher : 330
201807011859,2,2,
boundary: POLYGON((-122.368 39.5777,-122.38 39.5777,-122.38 39.5867,-122.403 39.6047,-122.415 39.6137,-122.415 39.6227,-122.403 39.6317,-122.391 39.6227,-122.38 39.6228,-122.38 39.6137,-122.356 39.5957,-122.345 39.5957,-122.345 39.5867,-122.345 39.5777,-122.356 39.5777,-122.368 39.5777))
201807011859,5,2,
Pattern Matcher : 331
201807011859,2,2,201807011859,5,2,
Pattern Matcher : 332
201807011859,2,2,201807011859,5,2,
Pattern Matcher : 333
201807011859,2,2,201807011859,5,2,
Pattern Matcher : 334
201807011859,2,2,201807011859,5,2,
Pattern Matcher : 335
201807011859,2,2,201807011859,5,2,
Pattern Matcher : 336
201807011859,2,2,201807011859,5,2,
Pattern Matcher : 337
201807011859,2,2,201807011859,5,2,
Pattern Matcher : 338
201807011859,2,2,201807011859,5,2,
Pattern Matcher : 339
201807011859,2,2,201807011859,5,2,
Pattern Matcher : 340
201807011859,2,2,201807011859,5,2,
Pattern Matcher : 341
201807011859,2,2,201807011859,5,2,
Pattern Matcher : 342
201807011859,2,2,201807011859,5,2,
Pattern Matcher : 343
201807011859,2,2,201807011859,5,2,
Pattern Matcher : 344
201807011859,2,2,201807011859,5,2,
Pattern Matcher : 345
201807011859,2,2,201807011859,5,2,
Pattern Matcher : 346
201807011859,2,2,201807011859,5,2,
Pattern Matcher : 347
201807011959,2,2,201807011959,5,2,
Pattern Matcher : 348
201807011959,2,2,201807011959,5,2,
Pattern Matcher : 349
201807011959,2,2,201807011959,5,2,
Pattern Matcher : 350
201807012059,2,2,201807012059,5,2,
Pattern Matcher : 351
201807012059,2,2,201807012059,5,2,
Pattern Matcher : 352
201807012059,2,2,201807012059,5,2,
Pattern Matcher : 353
201807012059,2,2,201807012059,5,2,
Pattern Matcher : 354
201807012059,2,2,201807012059,5,2,
Pattern Matcher : 355
201807012159,2,2,201807012159,5,2,
Pattern Matcher : 356
201807012159,2,2,201807012159,5,2,
Pattern Matcher : 357
201807012159,2,2,201807012159,5,2,
Pattern Matcher : 358
201807012159,2,2,201807012159,5,2,
Pattern Matcher : 359
201807012159,2,2,201807012159,5,2,
Pattern Matcher : 360
201807012159,2,2,201807012159,5,2,
Pattern Matcher : 361
201807012159,2,2,201807012159,5,2,
Pattern Matcher : 362
201807012159,2,2,201807012159,5,2,
Pattern Matcher : 363
201807012159,2,2,201807012159,5,2,
Pattern Matcher : 364
201807012159,2,2,201807012159,5,2,
Pattern Matcher : 365
201807012159,2,2,201807012159,5,2,
Pattern Matcher : 366
201807012159,2,2,201807012159,5,2,
Pattern Matcher : 367
201807012159,2,2,201807012159,5,2,
Pattern Matcher : 368
201807012159,2,2,201807012159,5,2,
Pattern Matcher : 369
201807012159,2,2,201807012159,5,2,
Pattern Matcher : 370
201807012159,2,2,201807012159,5,2,
Pattern Matcher : 371
201807012159,2,2,201807012159,5,2,
Pattern Matcher : 372
201807012159,2,2,201807012159,5,2,
Pattern Matcher : 373
201807012159,2,2,201807012159,5,2,
Pattern Matcher : 374
201807012159,2,2,201807012159,5,2,
Pattern Matcher : 375
201807012159,2,2,201807012159,5,2,
Pattern Matcher : 376
201807012159,2,2,201807012159,5,2,
Pattern Matcher : 377
201807012159,2,2,201807012159,5,2,
Pattern Matcher : 378
201807012159,2,2,201807012159,5,2,
Pattern Matcher : 379
201807012259,2,2,201807012259,5,2,
Pattern Matcher : 380
201807012259,2,2,201807012259,5,2,
Pattern Matcher : 381
201807012259,2,2,201807012259,5,2,
Pattern Matcher : 382
201807012259,2,2,201807012259,5,2,
Pattern Matcher : 383
201807012259,2,2,201807012259,5,2,
Pattern Matcher : 384
201807012259,2,2,201807012259,5,2,
Pattern Matcher : 385
201807012259,2,2,
boundary: POLYGON((-122.113 38.5945,-122.113 38.5854,-122.124 38.5855,-122.136 38.5855,-122.147 38.5855,-122.147 38.5945,-122.17 38.6125,-122.182 38.6216,-122.193 38.6396,-122.216 38.6486,-122.216 38.6576,-122.205 38.6667,-122.193 38.6667,-122.159 38.6667,-122.136 38.6576,-122.136 38.6486,-122.136 38.6396,-122.124 38.6035,-122.113 38.6035,-122.113 38.5945))
201807012259,5,2,
Pattern Matcher : 386
201807012259,2,2,201807012259,5,2,
Pattern Matcher : 387
201807012259,2,2,201807012259,5,2,
Pattern Matcher : 388
201807012259,2,2,201807012259,5,2,
Pattern Matcher : 389
201807012259,2,2,201807012259,5,2,
Pattern Matcher : 390
201807012259,2,2,201807012259,5,2,
Pattern Matcher : 391
201807012259,2,2,201807012259,5,2,
Pattern Matcher : 392
201807012259,2,2,201807012259,5,2,
Pattern Matcher : 393
201807012359,2,2,201807012359,5,2,
Pattern Matcher : 394
201807012359,2,2,201807012359,5,2,
Pattern Matcher : 395
201807012359,2,2,
boundary: POLYGON((-122.113 38.5854,-122.124 38.5855,-122.136 38.5855,-122.147 38.5855,-122.147 38.5945,-122.17 38.6125,-122.182 38.6216,-122.193 38.6396,-122.216 38.6486,-122.216 38.6576,-122.205 38.6667,-122.193 38.6847,-122.193 38.6937,-122.182 38.6937,-122.159 38.6847,-122.159 38.6757,-122.136 38.6576,-122.136 38.6486,-122.136 38.6396,-122.124 38.6035,-122.113 38.6035,-122.113 38.5945,-122.113 38.5854))
201807012359,5,2,
Pattern Matcher : 396
201807012359,2,2,
boundary: POLYGON((-122.205 38.7749,-122.216 38.7839,-122.228 38.7839,-122.239 38.7839,-122.251 38.7839,-122.262 38.7839,-122.274 38.7839,-122.274 38.7929,-122.274 38.802,-122.262 38.82,-122.262 38.829,-122.251 38.829,-122.239 38.829,-122.228 38.82,-122.205 38.802,-122.193 38.793,-122.193 38.7839,-122.205 38.7749))
201807012359,5,2,
Pattern Matcher : 397
201807012359,2,2,201807012359,5,2,
Pattern Matcher : 398
201807012359,2,2,201807012359,5,2,
Pattern Matcher : 399
201807012359,2,2,201807012359,5,2,
Pattern Matcher : 400
201807012359,2,2,201807012359,5,2,
Pattern Matcher : 401
201807012359,2,2,201807012359,5,2,
Pattern Matcher : 402
201807012359,2,2,201807012359,5,2,
Pattern Matcher : 403
201807012359,2,2,201807012359,5,2,
Pattern Matcher : 404
201807012359,2,2,201807012359,5,2,
Pattern Matcher : 405
201807012359,2,2,201807012359,5,2,
Pattern Matcher : 406
201807012359,2,2,201807012359,5,2,
Pattern Matcher : 407
201807012359,2,2,201807012359,5,2,
Pattern Matcher : 408
201807012359,2,2,201807012359,5,2,
Pattern Matcher : 409
201807012359,2,2,201807012359,5,2,
Pattern Matcher : 410
201807012359,2,2,201807012359,5,2,
Pattern Matcher : 411
201807012359,2,2,201807012359,5,2,
Pattern Matcher : 412
201807012359,2,2,201807012359,5,2,
Pattern Matcher : 413
201807012359,2,2,201807012359,5,2,
Pattern Matcher : 414
201807012359,2,2,201807012359,5,2,
Pattern Matcher : 415
201807012359,2,2,201807012359,5,2,
Pattern Matcher : 416
201807012359,2,2,201807012359,5,2,
event stream queue is empty now!
perform 2loadshedding
eventCn 5362
#full Match 417
#high latecny (> 150)62
#NumPartialMatch 421
#NumDropedPM 0
#NumDropedInputEvents 0
avg latency: 181
expression size: 0



********   Event Pattern    ********
TYPE Satellite {
    time,
    channelID,
    level,
    boundary
};

QUERY fail3
EVENT SEQ(Satellite c06,Satellite c16)
WHERE c06.boundary /\ c16.boundary
    && c06.channelID == 2 
    && c16.channelID == 5
    && c06.level == 2 && c16.level == 2
WITHIN 1h
RETURN Fire(c06.time,c06.channelID,c06.level,
    INTERSECT(c06.boundary,c16.boundary),
    c16.time,c16.channelID,c16.level
);