c06
c07MinusC14
c16
c06
c07MinusC14
c16
c06
c06
c06
c07MinusC14
c07MinusC14
c07MinusC14
c06
c07MinusC14
c16
c16
c16
c16
Pattern Matcher : 1
201811082342,2,2,201811082359,3,2,
boundary: POLYGON((-118.939 34.1807,-118.972 34.1897,-118.983 34.1897,-118.993 34.1897,-118.993 34.1988,-118.993 34.2078,-118.983 34.2259,-118.972 34.235,-118.961 34.235,-118.929 34.235,-118.907 34.2259,-118.885 34.1988,-118.896 34.1807,-118.907 34.1807,-118.939 34.1807))
201811082359,5,2,
Pattern Matcher : 2
201811090035,2,2,201811090048,3,2,
boundary: POLYGON((-118.972 34.1897,-118.983 34.1897,-118.993 34.1897,-118.993 34.1988,-118.993 34.2078,-118.983 34.2259,-118.972 34.235,-118.961 34.235,-118.95 34.2259,-118.939 34.2078,-118.929 34.1988,-118.929 34.1897,-118.939 34.1807,-118.972 34.1897))
201811090059,5,2,
Pattern Matcher : 3
201811090035,2,2,201811090048,3,2,
boundary: POLYGON((-118.972 34.1897,-118.983 34.1897,-118.993 34.1897,-118.993 34.1988,-118.993 34.2078,-118.983 34.2259,-118.972 34.235,-118.961 34.235,-118.95 34.2259,-118.939 34.2078,-118.929 34.1988,-118.929 34.1897,-118.939 34.1807,-118.972 34.1897))
201811090125,5,2,
Pattern Matcher : 4
201811090035,2,2,201811090120,3,2,
boundary: POLYGON((-118.972 34.1897,-118.983 34.1897,-118.993 34.1897,-118.993 34.1988,-118.993 34.2078,-118.983 34.2259,-118.972 34.235,-118.961 34.235,-118.95 34.2259,-118.939 34.2078,-118.929 34.1988,-118.929 34.1897,-118.939 34.1807,-118.972 34.1897))
201811090125,5,2,
Pattern Matcher : 5
201811090607,2,2,201811090617,3,2,
boundary: POLYGON((-118.734 34.1986,-118.745 34.1986,-118.766 34.1986,-118.777 34.1986,-118.788 34.2077,-118.788 34.2168,-118.777 34.2258,-118.745 34.2167,-118.734 34.2167,-118.723 34.2166,-118.723 34.2076,-118.723 34.1986,-118.734 34.1986))
201811090623,5,2,
Pattern Matcher : 6
201811090707,2,2,201811090719,3,2,
boundary: POLYGON((-118.76 34.2438,-118.755 34.2438,-118.744 34.2348,-118.743 34.2343,-118.723 34.2166,-118.723 34.2076,-118.723 34.1986,-118.734 34.1805,-118.745 34.1715,-118.755 34.1715,-118.788 34.1715,-118.81 34.1806,-118.82 34.2077,-118.82 34.2168,-118.82 34.2258,-118.809 34.2258,-118.766 34.2439,-118.76 34.2438))
201811090727,5,2,
Pattern Matcher : 7
201811090707,2,2,201811090719,3,2,
boundary: POLYGON((-118.766 34.2439,-118.76 34.2438,-118.755 34.2438,-118.744 34.2348,-118.723 34.2166,-118.723 34.2076,-118.723 34.1986,-118.734 34.1805,-118.745 34.1715,-118.755 34.1715,-118.788 34.1715,-118.81 34.1806,-118.82 34.2077,-118.82 34.2168,-118.82 34.2258,-118.809 34.2258,-118.766 34.2439))
201811090820,5,2,
Pattern Matcher : 8
201811090707,2,2,201811090816,3,2,
boundary: POLYGON((-118.766 34.2439,-118.76 34.2438,-118.755 34.2438,-118.744 34.2348,-118.723 34.2166,-118.723 34.2076,-118.723 34.1986,-118.734 34.1805,-118.745 34.1715,-118.755 34.1715,-118.788 34.1715,-118.81 34.1806,-118.82 34.2077,-118.82 34.2168,-118.82 34.2258,-118.809 34.2258,-118.766 34.2439))
201811090820,5,2,
Pattern Matcher : 9
201811090808,2,2,201811090816,3,2,
boundary: POLYGON((-118.76 34.2438,-118.755 34.2438,-118.744 34.2348,-118.745 34.2257,-118.734 34.1895,-118.734 34.1805,-118.745 34.1715,-118.755 34.1715,-118.788 34.1715,-118.81 34.1806,-118.799 34.1987,-118.788 34.2168,-118.777 34.2258,-118.766 34.2439,-118.76 34.2438))
201811090820,5,2,
Pattern Matcher : 10
201811090808,2,2,201811090816,3,2,
boundary: POLYGON((-118.76 34.2438,-118.755 34.2438,-118.744 34.2348,-118.744 34.2346,-118.745 34.2257,-118.734 34.1895,-118.734 34.1805,-118.745 34.1715,-118.755 34.1715,-118.788 34.1715,-118.81 34.1806,-118.799 34.1987,-118.788 34.2168,-118.777 34.2258,-118.766 34.2439,-118.76 34.2438))
201811090926,5,2,
Pattern Matcher : 11
201811090808,2,2,201811090919,3,2,
boundary: POLYGON((-118.744 34.2346,-118.745 34.2257,-118.734 34.1895,-118.734 34.1805,-118.745 34.1715,-118.755 34.1715,-118.788 34.1715,-118.81 34.1806,-118.799 34.1987,-118.788 34.2168,-118.777 34.2258,-118.766 34.2439,-118.76 34.2438,-118.755 34.2438,-118.744 34.2348,-118.744 34.2346))
201811090926,5,2,
Pattern Matcher : 12
201811090908,2,2,201811090919,3,2,
boundary: POLYGON((-118.796 34.2439,-118.788 34.2439,-118.777 34.2348,-118.734 34.2167,-118.723 34.2166,-118.723 34.2076,-118.723 34.1986,-118.712 34.1625,-118.712 34.1624,-118.723 34.1443,-118.734 34.1443,-118.766 34.1444,-118.788 34.1534,-118.788 34.1625,-118.788 34.2077,-118.799 34.2258,-118.809 34.2349,-118.809 34.2439,-118.796 34.2439))
201811090926,5,2,
Pattern Matcher : 13
201811090908,2,2,201811090919,3,2,
boundary: POLYGON((-118.796 34.2439,-118.788 34.2439,-118.777 34.2348,-118.734 34.2167,-118.723 34.2166,-118.723 34.2076,-118.723 34.1986,-118.712 34.1625,-118.712 34.1624,-118.723 34.1443,-118.734 34.1443,-118.766 34.1444,-118.788 34.1534,-118.788 34.1534,-118.788 34.1535,-118.788 34.1625,-118.788 34.2077,-118.799 34.2258,-118.809 34.2349,-118.809 34.2439,-118.796 34.2439))
201811091024,5,2,
Pattern Matcher : 14
201811090908,2,2,201811091013,3,2,
boundary: POLYGON((-118.796 34.2439,-118.788 34.2439,-118.777 34.2348,-118.734 34.2167,-118.723 34.2166,-118.723 34.2076,-118.723 34.1986,-118.712 34.1625,-118.712 34.1624,-118.723 34.1443,-118.734 34.1443,-118.766 34.1444,-118.788 34.1534,-118.788 34.1534,-118.788 34.1535,-118.788 34.1625,-118.788 34.2077,-118.799 34.2258,-118.809 34.2349,-118.809 34.2439,-118.796 34.2439))
201811091024,5,2,
Pattern Matcher : 15
201811091008,2,2,201811091013,3,2,
boundary: POLYGON((-118.836 34.2329,-118.809 34.2439,-118.796 34.2439,-118.788 34.2439,-118.777 34.2348,-118.755 34.2167,-118.734 34.1895,-118.712 34.1625,-118.712 34.1624,-118.723 34.1443,-118.734 34.1443,-118.766 34.1444,-118.788 34.1534,-118.788 34.1534,-118.805 34.164,-118.831 34.1806,-118.831 34.1806,-118.831 34.1806,-118.842 34.1806,-118.864 34.2078,-118.864 34.2168,-118.853 34.2259,-118.836 34.2329))
201811091024,5,2,
Pattern Matcher : 16
201811091110,2,2,201811091121,3,2,
boundary: POLYGON((-118.853 34.2259,-118.842 34.2259,-118.82 34.2258,-118.809 34.2258,-118.799 34.2168,-118.788 34.1987,-118.777 34.1896,-118.723 34.1895,-118.712 34.1895,-118.701 34.1895,-118.701 34.1719,-118.701 34.1714,-118.712 34.1714,-118.723 34.1714,-118.788 34.1715,-118.82 34.1806,-118.831 34.1806,-118.831 34.1806,-118.842 34.1806,-118.864 34.2078,-118.864 34.2168,-118.853 34.2259,-118.853 34.2259))
201811091132,5,2,
Pattern Matcher : 17
201811091213,2,2,201811091222,3,2,
boundary: POLYGON((-118.809 34.2258,-118.803 34.2205,-118.799 34.2168,-118.781 34.2093,-118.755 34.1986,-118.727 34.1907,-118.723 34.1895,-118.719 34.1895,-118.712 34.1895,-118.701 34.1895,-118.688 34.172,-118.68 34.1623,-118.68 34.1532,-118.68 34.1442,-118.691 34.1442,-118.701 34.1442,-118.712 34.1533,-118.723 34.1714,-118.81 34.1896,-118.82 34.1806,-118.831 34.1806,-118.842 34.1806,-118.842 34.1897,-118.842 34.1987,-118.82 34.2258,-118.809 34.2258))
201811091231,5,2,
Pattern Matcher : 18
201811091213,2,2,201811091222,3,2,
boundary: POLYGON((-118.701 34.1446,-118.712 34.1533,-118.723 34.1714,-118.81 34.1896,-118.82 34.1806,-118.831 34.1806,-118.831 34.1806,-118.842 34.1806,-118.842 34.183,-118.842 34.1897,-118.842 34.1987,-118.82 34.2258,-118.809 34.2258,-118.803 34.2205,-118.799 34.2168,-118.723 34.1895,-118.719 34.1895,-118.712 34.1895,-118.701 34.1895,-118.701 34.1804,-118.701 34.1714,-118.701 34.1446))
201811091329,5,2,
Pattern Matcher : 19
201811091213,2,2,201811091319,3,2,
boundary: POLYGON((-118.831 34.1806,-118.831 34.1806,-118.842 34.1806,-118.842 34.183,-118.842 34.1897,-118.842 34.1987,-118.82 34.2258,-118.809 34.2258,-118.803 34.2205,-118.799 34.2168,-118.723 34.1895,-118.719 34.1895,-118.712 34.1895,-118.701 34.1895,-118.701 34.1804,-118.701 34.1714,-118.701 34.1446,-118.712 34.1533,-118.723 34.1714,-118.81 34.1896,-118.82 34.1806,-118.831 34.1806))
201811091329,5,2,
Pattern Matcher : 20
201811091309,2,2,201811091319,3,2,
boundary: POLYGON((-118.712 34.1173,-118.723 34.1262,-118.734 34.1443,-118.745 34.1534,-118.745 34.1624,-118.734 34.1714,-118.712 34.1624,-118.701 34.1364,-118.701 34.1352,-118.702 34.1305,-118.702 34.1261,-118.707 34.1215,-118.712 34.1173))
201811091329,5,2,
Pattern Matcher : 21
201811091309,2,2,201811091319,3,2,
boundary: POLYGON((-118.712 34.1173,-118.723 34.1262,-118.734 34.1443,-118.745 34.1534,-118.745 34.1624,-118.734 34.1714,-118.725 34.1676,-118.712 34.1624,-118.701 34.1352,-118.702 34.1305,-118.702 34.1261,-118.707 34.1215,-118.712 34.1173))
201811091428,5,2,
Pattern Matcher : 22
201811091309,2,2,201811091421,3,2,
boundary: POLYGON((-118.702 34.1305,-118.702 34.1261,-118.707 34.1215,-118.712 34.1173,-118.723 34.1262,-118.734 34.1443,-118.745 34.1534,-118.745 34.1624,-118.734 34.1714,-118.725 34.1676,-118.712 34.1624,-118.701 34.1352,-118.702 34.1305))
201811091428,5,2,
Pattern Matcher : 23
201811091410,2,2,201811091421,3,2,
boundary: POLYGON((-118.702 34.1305,-118.702 34.1261,-118.707 34.1215,-118.712 34.1172,-118.745 34.1262,-118.756 34.1262,-118.766 34.1353,-118.756 34.1443,-118.745 34.1443,-118.712 34.1443,-118.702 34.1358,-118.701 34.1352,-118.702 34.1305))
201811091428,5,2,
Pattern Matcher : 24
201811091542,2,2,201811091548,3,2,
boundary: POLYGON((-118.702 34.1261,-118.712 34.099,-118.723 34.0991,-118.734 34.0991,-118.756 34.0991,-118.766 34.0991,-118.777 34.1082,-118.799 34.1263,-118.82 34.1535,-118.82 34.1625,-118.82 34.1716,-118.81 34.1716,-118.799 34.1715,-118.756 34.1443,-118.745 34.1443,-118.712 34.1443,-118.701 34.1352,-118.702 34.1261))
201811091559,5,2,
Pattern Matcher : 25
201811091542,2,2,201811091548,3,2,
boundary: POLYGON((-118.734 34.0991,-118.756 34.0991,-118.766 34.0991,-118.777 34.1082,-118.799 34.1263,-118.82 34.1535,-118.82 34.1625,-118.82 34.1716,-118.81 34.1716,-118.799 34.1715,-118.756 34.1443,-118.745 34.1443,-118.712 34.1443,-118.701 34.1352,-118.702 34.1261,-118.712 34.099,-118.723 34.0991,-118.734 34.0991))
201811091648,5,2,
Pattern Matcher : 26
201811091542,2,2,201811091637,3,2,
boundary: POLYGON((-118.702 34.1261,-118.712 34.099,-118.723 34.0991,-118.734 34.0991,-118.756 34.0991,-118.766 34.0991,-118.777 34.1082,-118.799 34.1263,-118.82 34.1535,-118.82 34.1625,-118.82 34.1716,-118.81 34.1716,-118.799 34.1715,-118.756 34.1443,-118.745 34.1443,-118.712 34.1443,-118.701 34.1352,-118.702 34.1261))
201811091648,5,2,
Pattern Matcher : 27
201811091612,2,2,201811091637,3,2,
boundary: POLYGON((-118.777 34.072,-118.81 34.0811,-118.821 34.0811,-118.831 34.0811,-118.853 34.1083,-118.853 34.1173,-118.853 34.1264,-118.842 34.1264,-118.799 34.1444,-118.799 34.2258,-118.809 34.2349,-118.809 34.2439,-118.799 34.2439,-118.788 34.2439,-118.766 34.2439,-118.755 34.2438,-118.744 34.2348,-118.745 34.2257,-118.745 34.1443,-118.734 34.1353,-118.723 34.1171,-118.712 34.1081,-118.712 34.099,-118.734 34.0719,-118.745 34.072,-118.777 34.072))
201811091648,5,2,
Pattern Matcher : 28
201811091709,2,2,201811091731,3,2,
boundary: POLYGON((-118.81 34.054,-118.831 34.054,-118.842 34.054,-118.853 34.0631,-118.864 34.0812,-118.875 34.0902,-118.885 34.1083,-118.896 34.1174,-118.896 34.1264,-118.885 34.1264,-118.842 34.1445,-118.831 34.1535,-118.82 34.1716,-118.809 34.2349,-118.82 34.253,-118.831 34.262,-118.831 34.2711,-118.82 34.2711,-118.809 34.2711,-118.799 34.262,-118.755 34.2438,-118.744 34.2348,-118.69 34.2347,-118.68 34.2437,-118.669 34.2346,-118.669 34.2256,-118.669 34.2165,-118.68 34.1985,-118.701 34.1714,-118.701 34.1352,-118.702 34.1261,-118.712 34.099,-118.734 34.0719,-118.745 34.072,-118.788 34.0539,-118.799 34.054,-118.81 34.054))
201811091744,5,2,
Pattern Matcher : 29
201811091811,2,2,201811091835,3,2,
boundary: POLYGON((-118.755 34.2438,-118.744 34.2348,-118.69 34.2347,-118.68 34.2437,-118.669 34.2346,-118.669 34.2256,-118.669 34.2165,-118.68 34.1985,-118.701 34.1352,-118.702 34.1261,-118.712 34.099,-118.734 34.0719,-118.745 34.0539,-118.756 34.0539,-118.767 34.0539,-118.777 34.0539,-118.788 34.0539,-118.799 34.054,-118.81 34.054,-118.831 34.054,-118.842 34.054,-118.875 34.054,-118.878 34.0556,-118.9 34.1164,-118.896 34.1264,-118.874 34.1535,-118.864 34.1535,-118.831 34.1535,-118.809 34.2349,-118.809 34.2439,-118.799 34.2439,-118.788 34.2439,-118.766 34.2439,-118.755 34.2438))
201811091842,5,2,
Pattern Matcher : 30
201811091913,2,2,201811091927,3,2,
boundary: POLYGON((-118.878 34.0396,-118.875 34.045,-118.88 34.0791,-118.885 34.1083,-118.896 34.1174,-118.916 34.1258,-118.925 34.1294,-118.918 34.1355,-118.874 34.1535,-118.842 34.1987,-118.831 34.1987,-118.82 34.1987,-118.81 34.1896,-118.799 34.1715,-118.712 34.2076,-118.701 34.2166,-118.69 34.2347,-118.68 34.2437,-118.669 34.2346,-118.669 34.2256,-118.669 34.2165,-118.68 34.1985,-118.712 34.1081,-118.712 34.099,-118.734 34.0719,-118.745 34.0539,-118.767 34.0268,-118.777 34.0268,-118.788 34.0268,-118.81 34.0268,-118.821 34.0268,-118.853 34.0269,-118.875 34.0359,-118.878 34.0396))
201811091934,5,2,
Pattern Matcher : 31
201811092013,2,2,201811092034,3,2,
boundary: POLYGON((-118.887 34.0573,-118.892 34.0715,-118.896 34.0812,-118.904 34.0881,-118.907 34.0902,-118.933 34.1083,-118.929 34.1083,-118.896 34.1083,-118.853 34.1264,-118.82 34.1716,-118.81 34.1716,-118.799 34.1715,-118.734 34.2257,-118.734 34.2348,-118.723 34.2438,-118.68 34.2437,-118.669 34.2346,-118.658 34.2165,-118.647 34.2074,-118.647 34.1984,-118.658 34.1894,-118.68 34.1442,-118.691 34.0809,-118.702 34.0719,-118.745 34.0539,-118.767 34.0268,-118.788 34.0087,-118.799 33.9997,-118.81 34.0087,-118.821 34.0268,-118.831 34.0359,-118.875 34.054,-118.887 34.0573))
201811092039,5,2,
Pattern Matcher : 32
201811092124,2,2,201811092137,3,2,
boundary: POLYGON((-118.972 34.072,-118.972 34.0721,-118.972 34.0722,-118.961 34.0812,-118.95 34.0993,-118.939 34.1083,-118.929 34.1083,-118.896 34.1083,-118.853 34.1264,-118.842 34.1264,-118.831 34.1173,-118.777 34.1172,-118.766 34.1263,-118.712 34.1533,-118.712 34.1985,-118.712 34.2076,-118.701 34.2166,-118.69 34.2347,-118.68 34.2437,-118.669 34.2346,-118.658 34.2165,-118.647 34.2074,-118.647 34.1984,-118.658 34.1803,-118.68 34.1442,-118.691 34.0809,-118.702 34.0719,-118.712 34.0719,-118.767 34.0268,-118.777 34.0268,-118.788 34.0268,-118.81 34.0268,-118.821 34.0268,-118.831 34.0359,-118.885 34.0359,-118.896 34.036,-118.907 34.036,-118.95 34.0631,-118.961 34.0631,-118.972 34.072))
201811092143,5,2,
Pattern Matcher : 33
201811092252,2,2,201811092259,3,2,
boundary: POLYGON((-118.961 34.0632,-118.972 34.0721,-118.985 34.0942,-118.988 34.0993,-118.983 34.1083,-118.972 34.1264,-118.961 34.1355,-118.95 34.1355,-118.918 34.1355,-118.907 34.1264,-118.896 34.1083,-118.885 34.0993,-118.875 34.0812,-118.864 34.0721,-118.777 34.1082,-118.777 34.1172,-118.766 34.1353,-118.756 34.1443,-118.745 34.1443,-118.712 34.1443,-118.69 34.2256,-118.69 34.2347,-118.68 34.2437,-118.669 34.2346,-118.658 34.2165,-118.647 34.2074,-118.647 34.1984,-118.658 34.1894,-118.701 34.1352,-118.702 34.1261,-118.691 34.0809,-118.702 34.0719,-118.712 34.0719,-118.767 34.0268,-118.777 34.0268,-118.788 34.0268,-118.81 34.0268,-118.821 34.0268,-118.831 34.0359,-118.885 34.0359,-118.896 34.036,-118.907 34.036,-118.929 34.036,-118.939 34.036,-118.95 34.045,-118.961 34.0631,-118.961 34.0632))
201811092259,5,2,
Pattern Matcher : 34
201811092252,2,2,201811092259,3,2,
boundary: POLYGON((-118.69 34.2347,-118.68 34.2437,-118.669 34.2346,-118.658 34.2165,-118.647 34.2074,-118.647 34.1984,-118.658 34.1894,-118.701 34.1352,-118.702 34.1261,-118.691 34.0809,-118.702 34.0719,-118.712 34.0719,-118.767 34.0268,-118.777 34.0268,-118.788 34.0268,-118.81 34.0268,-118.821 34.0268,-118.831 34.0359,-118.885 34.0359,-118.896 34.036,-118.907 34.036,-118.929 34.036,-118.939 34.036,-118.972 34.036,-118.983 34.045,-118.993 34.0631,-119.004 34.0721,-119.004 34.0812,-118.993 34.0902,-118.983 34.1083,-118.972 34.1264,-118.961 34.1355,-118.95 34.1355,-118.918 34.1355,-118.907 34.1264,-118.896 34.1083,-118.885 34.0993,-118.875 34.0812,-118.864 34.0721,-118.777 34.1082,-118.777 34.1172,-118.766 34.1353,-118.756 34.1443,-118.745 34.1443,-118.712 34.1443,-118.69 34.2256,-118.69 34.2347))
201811092359,5,2,
Pattern Matcher : 35
201811092252,2,2,201811092359,3,2,
boundary: POLYGON((-118.972 34.1264,-118.961 34.1355,-118.95 34.1355,-118.918 34.1355,-118.907 34.1264,-118.896 34.1083,-118.885 34.0993,-118.875 34.0812,-118.864 34.0721,-118.777 34.1082,-118.777 34.1172,-118.766 34.1353,-118.756 34.1443,-118.745 34.1443,-118.712 34.1443,-118.693 34.2166,-118.69 34.2166,-118.658 34.2165,-118.647 34.2074,-118.647 34.1984,-118.658 34.1894,-118.701 34.1352,-118.702 34.1261,-118.691 34.0809,-118.702 34.0719,-118.712 34.0719,-118.767 34.0268,-118.777 34.0268,-118.788 34.0268,-118.81 34.0268,-118.821 34.0268,-118.831 34.0359,-118.885 34.0359,-118.896 34.036,-118.907 34.036,-118.929 34.036,-118.939 34.036,-118.972 34.036,-118.983 34.045,-118.993 34.0631,-119.004 34.0721,-119.004 34.0812,-118.993 34.0902,-118.983 34.1083,-118.972 34.1264))
201811092359,5,2,
Pattern Matcher : 36
201811092350,2,2,201811092359,3,2,
boundary: POLYGON((-118.799 33.9997,-118.81 34.0087,-118.81 34.0178,-118.799 34.0268,-118.756 34.081,-118.756 34.0901,-118.745 34.1172,-118.723 34.1352,-118.712 34.1443,-118.701 34.1352,-118.691 34.1171,-118.68 34.108,-118.68 34.099,-118.691 34.0899,-118.734 34.0719,-118.788 34.0178,-118.788 34.0087,-118.799 33.9997))
201811092359,5,2,
Pattern Matcher : 37
201811092352,2,2,201811092359,3,2,
boundary: POLYGON((-118.972 34.036,-118.983 34.045,-118.993 34.0631,-119.004 34.0721,-119.004 34.0812,-118.993 34.0902,-118.95 34.0993,-118.939 34.1083,-118.929 34.1083,-118.896 34.1083,-118.885 34.0993,-118.885 34.0902,-118.896 34.0812,-118.918 34.045,-118.929 34.036,-118.939 34.036,-118.972 34.036))
201811092359,5,2,
Pattern Matcher : 38
201811100024,2,2,201811100039,3,2,
boundary: POLYGON((-119.004 34.0721,-119.004 34.0812,-118.993 34.0902,-118.983 34.1083,-118.972 34.1083,-118.961 34.1083,-118.939 34.0812,-118.939 34.0721,-118.939 34.0631,-118.95 34.0631,-118.961 34.0631,-118.983 34.0631,-118.993 34.0631,-119.004 34.0721))
201811100046,5,2,
Pattern Matcher : 39
201811100027,2,2,201811100039,3,2,
boundary: POLYGON((-118.712 34.1081,-118.712 34.099,-118.723 34.0991,-118.734 34.0991,-118.745 34.1081,-118.745 34.1172,-118.734 34.1172,-118.723 34.1171,-118.712 34.1081))
201811100046,5,2,
Pattern Matcher : 40
201811100024,2,2,201811100039,3,2,
boundary: POLYGON((-119.004 34.0721,-119.004 34.0812,-118.993 34.0902,-118.983 34.1083,-118.972 34.1083,-118.961 34.1083,-118.939 34.0812,-118.939 34.0721,-118.939 34.0631,-118.95 34.0631,-118.961 34.0631,-118.983 34.0631,-118.993 34.0631,-119.004 34.0721))
201811100127,5,2,
Pattern Matcher : 41
201811100027,2,2,201811100039,3,2,
boundary: POLYGON((-118.712 34.1081,-118.712 34.099,-118.723 34.0991,-118.734 34.0991,-118.745 34.1081,-118.745 34.1172,-118.734 34.1172,-118.723 34.1171,-118.712 34.1081))
201811100127,5,2,
Pattern Matcher : 42
201811100024,2,2,201811100121,3,2,
boundary: POLYGON((-119.004 34.0721,-119.004 34.0812,-118.993 34.0902,-118.983 34.1083,-118.972 34.1083,-118.961 34.1083,-118.939 34.0812,-118.939 34.0721,-118.939 34.0631,-118.95 34.0631,-118.961 34.0631,-118.983 34.0631,-118.993 34.0631,-119.004 34.0721))
201811100127,5,2,
Pattern Matcher : 43
201811100027,2,2,201811100121,3,2,
boundary: POLYGON((-118.745 34.1172,-118.734 34.1172,-118.723 34.1171,-118.712 34.1081,-118.712 34.099,-118.723 34.0991,-118.734 34.0991,-118.745 34.1081,-118.745 34.1172))
201811100127,5,2,
Pattern Matcher : 44
201811100108,2,2,201811100121,3,2,
boundary: POLYGON((-119.004 34.0721,-119.004 34.0812,-118.993 34.0902,-118.972 34.0812,-118.983 34.0631,-118.993 34.0631,-119.004 34.0721))
201811100127,5,2,
Pattern Matcher : 45
201811100110,2,2,201811100121,3,2,
boundary: POLYGON((-118.756 34.0901,-118.745 34.0991,-118.734 34.09,-118.734 34.081,-118.734 34.0719,-118.745 34.072,-118.756 34.081,-118.756 34.0901))
201811100127,5,2,
Pattern Matcher : 46
201811100211,2,2,201811100223,3,2,
boundary: POLYGON((-118.713 34.0538,-118.723 34.0448,-118.734 34.0538,-118.745 34.072,-118.756 34.081,-118.756 34.0901,-118.745 34.0991,-118.734 34.09,-118.723 34.0719,-118.713 34.0629,-118.713 34.0538))
201811100231,5,2,
Pattern Matcher : 47
201811100214,2,2,201811100223,3,2,
boundary: POLYGON((-119.015 34.0902,-119.026 34.0993,-119.026 34.1083,-119.015 34.1174,-118.983 34.1083,-118.972 34.1083,-118.961 34.1083,-118.939 34.1083,-118.929 34.1083,-118.918 34.0993,-118.918 34.0902,-118.939 34.0631,-118.95 34.0631,-118.961 34.0631,-118.983 34.0631,-118.993 34.0631,-119.004 34.0721,-119.015 34.0902))
201811100231,5,2,
Pattern Matcher : 48
201811100312,2,2,201811100325,3,2,
boundary: POLYGON((-118.95 34.0631,-118.961 34.0631,-118.972 34.0721,-118.983 34.0902,-118.983 34.1083,-118.972 34.1083,-118.961 34.1083,-118.939 34.0812,-118.939 34.0721,-118.939 34.0631,-118.95 34.0631))
201811100334,5,2,
Pattern Matcher : 49
201811100312,2,2,201811100325,3,2,
boundary: POLYGON((-118.95 34.0631,-118.961 34.0631,-118.972 34.0721,-118.983 34.0902,-118.983 34.1083,-118.972 34.1083,-118.961 34.1083,-118.939 34.0812,-118.939 34.0721,-118.939 34.0631,-118.95 34.0631))
201811100427,5,2,
Pattern Matcher : 50
201811100408,2,2,201811100419,3,2,
boundary: POLYGON((-118.713 34.0538,-118.723 34.0448,-118.756 34.0539,-118.767 34.0539,-118.777 34.0539,-118.777 34.063,-118.767 34.072,-118.756 34.072,-118.723 34.0719,-118.713 34.0629,-118.713 34.0538))
201811100427,5,2,
Pattern Matcher : 51
201811100312,2,2,201811100422,3,2,
boundary: POLYGON((-118.95 34.0631,-118.961 34.0631,-118.972 34.0721,-118.983 34.0902,-118.983 34.0993,-118.983 34.1083,-118.972 34.1083,-118.961 34.1083,-118.939 34.0812,-118.939 34.0721,-118.939 34.0631,-118.95 34.0631))
201811100427,5,2,
Pattern Matcher : 52
201811100411,2,2,201811100422,3,2,
boundary: POLYGON((-118.983 34.0993,-118.983 34.1083,-118.972 34.1083,-118.961 34.1083,-118.939 34.1083,-118.929 34.1083,-118.918 34.0993,-118.918 34.0902,-118.929 34.0902,-118.939 34.0902,-118.95 34.0902,-118.961 34.0902,-118.972 34.0902,-118.983 34.0902,-118.983 34.0993))
201811100427,5,2,
Pattern Matcher : 53
201811100411,2,2,201811100422,3,2,
boundary: POLYGON((-118.918 34.0993,-118.918 34.0902,-118.929 34.0902,-118.939 34.0902,-118.95 34.0902,-118.961 34.0902,-118.972 34.0902,-118.983 34.0902,-118.983 34.0993,-118.983 34.1083,-118.972 34.1083,-118.961 34.1083,-118.939 34.1083,-118.929 34.1083,-118.918 34.0993))
201811100530,5,2,
Pattern Matcher : 54
201811100411,2,2,201811100521,3,2,
boundary: POLYGON((-118.918 34.0902,-118.929 34.0902,-118.939 34.0902,-118.95 34.0902,-118.961 34.0902,-118.972 34.0902,-118.983 34.0902,-118.983 34.0993,-118.983 34.1083,-118.972 34.1083,-118.961 34.1083,-118.939 34.1083,-118.929 34.1083,-118.918 34.0993,-118.918 34.0902))
201811100530,5,2,
Pattern Matcher : 55
201811100512,2,2,201811100521,3,2,
boundary: POLYGON((-118.745 34.0991,-118.738 34.0971,-118.712 34.09,-118.702 34.09,-118.691 34.0809,-118.702 34.0719,-118.713 34.0538,-118.723 34.0448,-118.734 34.0538,-118.745 34.072,-118.756 34.081,-118.756 34.0899,-118.756 34.0901,-118.745 34.0991))
201811100530,5,2,
Pattern Matcher : 56
201811100512,2,2,201811100521,3,2,
boundary: POLYGON((-118.745 34.0991,-118.738 34.0971,-118.712 34.09,-118.702 34.09,-118.691 34.0809,-118.702 34.0719,-118.713 34.0538,-118.723 34.0448,-118.734 34.0538,-118.745 34.072,-118.756 34.081,-118.756 34.0895,-118.756 34.0901,-118.745 34.0991))
201811100624,5,2,
Pattern Matcher : 57
201811100512,2,2,201811100617,3,2,
boundary: POLYGON((-118.745 34.0991,-118.738 34.0971,-118.712 34.09,-118.702 34.09,-118.691 34.0809,-118.702 34.0719,-118.713 34.0538,-118.723 34.0448,-118.734 34.0538,-118.745 34.072,-118.756 34.081,-118.756 34.0895,-118.756 34.0901,-118.745 34.0991))
201811100624,5,2,
Pattern Matcher : 58
201811100609,2,2,201811100617,3,2,
boundary: POLYGON((-118.773 34.0665,-118.767 34.072,-118.756 34.0901,-118.745 34.099,-118.734 34.09,-118.723 34.0719,-118.713 34.0629,-118.702 34.0447,-118.691 34.0357,-118.691 34.0266,-118.702 34.0176,-118.734 34.0267,-118.745 34.0267,-118.756 34.0268,-118.777 34.0539,-118.777 34.063,-118.773 34.0665))
201811100624,5,2,
Pattern Matcher : 59
201811100609,2,2,201811100617,3,2,
boundary: POLYGON((-118.773 34.0665,-118.767 34.072,-118.756 34.0901,-118.745 34.099,-118.734 34.09,-118.723 34.0719,-118.713 34.0629,-118.702 34.0447,-118.691 34.0357,-118.691 34.0266,-118.702 34.0176,-118.734 34.0267,-118.745 34.0267,-118.756 34.0268,-118.777 34.0539,-118.777 34.063,-118.773 34.0665))
201811100727,5,2,
Pattern Matcher : 60
201811100609,2,2,201811100723,3,2,
boundary: POLYGON((-118.745 34.099,-118.734 34.09,-118.723 34.0719,-118.713 34.0629,-118.702 34.0447,-118.691 34.0357,-118.691 34.0266,-118.702 34.0176,-118.734 34.0267,-118.745 34.0267,-118.756 34.0268,-118.777 34.0539,-118.777 34.063,-118.773 34.0665,-118.767 34.072,-118.756 34.0901,-118.745 34.099))
201811100727,5,2,
Pattern Matcher : 61
201811100711,2,2,201811100723,3,2,
boundary: POLYGON((-118.773 34.0665,-118.767 34.072,-118.767 34.072,-118.756 34.072,-118.723 34.0719,-118.713 34.0629,-118.702 34.0447,-118.691 34.0357,-118.691 34.0266,-118.702 34.0176,-118.723 34.0267,-118.767 34.0539,-118.777 34.0539,-118.777 34.063,-118.773 34.0665))
201811100727,5,2,
Pattern Matcher : 62
201811100711,2,2,201811100723,3,2,
boundary: POLYGON((-118.773 34.0665,-118.767 34.072,-118.767 34.072,-118.756 34.072,-118.723 34.0719,-118.713 34.0629,-118.702 34.0447,-118.691 34.0357,-118.691 34.0266,-118.702 34.0176,-118.723 34.0267,-118.767 34.0539,-118.777 34.0539,-118.777 34.063,-118.773 34.0665))
201811100827,5,2,
Pattern Matcher : 63
201811100711,2,2,201811100821,3,2,
boundary: POLYGON((-118.773 34.0665,-118.767 34.072,-118.767 34.072,-118.756 34.072,-118.723 34.0719,-118.713 34.0629,-118.702 34.0447,-118.691 34.0357,-118.691 34.0266,-118.702 34.0176,-118.723 34.0267,-118.767 34.0539,-118.777 34.0539,-118.777 34.063,-118.773 34.0665))
201811100827,5,2,
Pattern Matcher : 64
201811102010,2,2,201811102028,3,2,
boundary: POLYGON((-118.972 34.1264,-118.961 34.1355,-118.95 34.1355,-118.918 34.1355,-118.907 34.1264,-118.907 34.1174,-118.907 34.1083,-118.918 34.1083,-118.95 34.1083,-118.972 34.1174,-118.972 34.1264))
201811102031,5,2,
Pattern Matcher : 65
201811102129,2,2,201811102148,3,2,
boundary: POLYGON((-118.939 34.0902,-118.95 34.0902,-118.972 34.1174,-118.972 34.1264,-118.961 34.1355,-118.95 34.1355,-118.939 34.1264,-118.929 34.1083,-118.918 34.0993,-118.918 34.0902,-118.929 34.0902,-118.939 34.0902))
201811102153,5,2,
Pattern Matcher : 66
201811102129,2,2,201811102148,3,2,
boundary: POLYGON((-118.939 34.0902,-118.95 34.0902,-118.972 34.1174,-118.972 34.1264,-118.961 34.1355,-118.95 34.1355,-118.939 34.1264,-118.929 34.1083,-118.918 34.0993,-118.918 34.0902,-118.929 34.0902,-118.939 34.0902))
201811102237,5,2,
Pattern Matcher : 67
201811102129,2,2,201811102232,3,2,
boundary: POLYGON((-118.929 34.0902,-118.939 34.0902,-118.95 34.0902,-118.972 34.1174,-118.972 34.1264,-118.961 34.1355,-118.95 34.1355,-118.939 34.1264,-118.929 34.1083,-118.918 34.0993,-118.918 34.0902,-118.929 34.0902))
201811102237,5,2,
event stream queue is empty now!
perform 1loadshedding
eventCn 1499
#full Match 67
#high latecny (> 150)25
#NumPartialMatch 67
#NumDropedPM 0
#NumDropedInputEvents 0
avg latency: 461
expression size: 0
