c06
c07
c06
c07MinusC14
c06
c07
c07MinusC14
c06
c07
c07MinusC14
c07
c07
c07
c07MinusC14
c07MinusC14
c07MinusC14
c07
c07MinusC14
c06
c06
c06
c06
Pattern Matcher : 0
201811082359,6,2,201811082359,3,2,multi: 1

boundary size: 1
boundary: POLYGON((-118.993 34.1897,-118.993 34.1903,-118.993 34.1988,-118.993 34.2078,-118.983 34.2259,-118.972 34.235,-118.961 34.235,-118.929 34.235,-118.907 34.2259,-118.901 34.218,-118.885 34.1988,-118.896 34.1807,-118.907 34.1807,-118.939 34.1807,-118.957 34.1857,-118.972 34.1897,-118.983 34.1897,-118.993 34.1897))
201811082346,2,2,
Pattern Matcher : 1
201811082359,6,2,201811082359,3,2,201811082346,2,2,
Pattern Matcher : 2
201811082359,6,2,201811082359,3,2,201811082346,2,2,
Pattern Matcher : 3
201811082359,6,2,201811082359,3,2,multi: 1

boundary size: 0201811082346,2,2,
Pattern Matcher : 4
201811090039,6,2,201811090045,3,2,multi: 1

boundary size: 1
boundary: POLYGON((-118.939 34.1808,-118.957 34.1857,-118.972 34.1897,-118.983 34.1897,-118.993 34.1897,-118.993 34.1903,-118.993 34.1988,-118.993 34.2078,-118.983 34.2259,-118.972 34.235,-118.961 34.235,-118.95 34.2259,-118.939 34.2078,-118.929 34.1988,-118.929 34.1904,-118.929 34.1897,-118.934 34.1849,-118.939 34.1808))
201811090033,2,2,
Pattern Matcher : 5
201811090041,6,2,201811090045,3,2,201811090033,2,2,
Pattern Matcher : 6
201811090039,6,2,201811090046,3,2,201811090033,2,2,
Pattern Matcher : 7
201811090041,6,2,201811090046,3,2,multi: 1

boundary size: 0201811090033,2,2,
Pattern Matcher : 8
201811090611,6,2,201811090619,3,2,multi: 1

boundary size: 1
boundary: POLYGON((-118.723 34.1986,-118.723 34.1986,-118.748 34.1986,-118.766 34.1986,-118.777 34.1986,-118.788 34.2077,-118.788 34.2168,-118.777 34.2258,-118.745 34.2167,-118.734 34.2167,-118.723 34.2166,-118.723 34.2076,-118.723 34.1986))
201811090608,2,2,
Pattern Matcher : 9
201811090614,6,2,201811090619,3,2,201811090608,2,2,
Pattern Matcher : 10
201811090611,6,2,201811090621,3,2,201811090608,2,2,
Pattern Matcher : 11
201811090614,6,2,201811090621,3,2,multi: 1

boundary size: 0201811090608,2,2,
Pattern Matcher : 12
201811090713,6,2,201811090718,3,2,multi: 1

boundary size: 1
boundary: POLYGON((-118.816 34.1969,-118.82 34.2077,-118.82 34.2168,-118.82 34.2258,-118.82 34.2258,-118.809 34.2258,-118.766 34.2439,-118.76 34.2438,-118.755 34.2438,-118.744 34.2348,-118.723 34.2166,-118.723 34.2076,-118.723 34.1986,-118.734 34.1805,-118.745 34.1715,-118.745 34.1715,-118.771 34.1715,-118.788 34.1715,-118.81 34.1806,-118.816 34.1969))
201811090707,2,2,
Pattern Matcher : 13
201811090716,6,2,201811090718,3,2,201811090707,2,2,
Pattern Matcher : 14
201811090816,6,2,201811090820,3,2,multi: 1

boundary size: 1
boundary: POLYGON((-118.76 34.2438,-118.755 34.2438,-118.744 34.2348,-118.745 34.2257,-118.734 34.1895,-118.734 34.1805,-118.745 34.1715,-118.755 34.1715,-118.788 34.1715,-118.81 34.1806,-118.799 34.1987,-118.788 34.2168,-118.777 34.2258,-118.766 34.2439,-118.76 34.2438))
201811090810,2,2,
Pattern Matcher : 15
201811090913,6,2,201811090917,3,2,multi: 1

boundary size: 1
boundary: POLYGON((-118.799 34.2439,-118.799 34.2439,-118.796 34.2439,-118.788 34.2439,-118.777 34.2348,-118.734 34.2167,-118.723 34.2166,-118.723 34.2076,-118.723 34.1986,-118.712 34.1624,-118.723 34.1443,-118.734 34.1443,-118.766 34.1444,-118.788 34.1534,-118.788 34.1625,-118.788 34.2077,-118.799 34.2258,-118.809 34.2349,-118.809 34.2439,-118.799 34.2439))
201811090907,2,2,
Pattern Matcher : 16
201811091011,6,2,201811091013,3,2,multi: 1

boundary size: 1
boundary: POLYGON((-118.799 34.2439,-118.799 34.2439,-118.796 34.2439,-118.788 34.2439,-118.777 34.2348,-118.755 34.2167,-118.734 34.1895,-118.712 34.1624,-118.723 34.1443,-118.733 34.1443,-118.734 34.1443,-118.736 34.1443,-118.766 34.1444,-118.767 34.1448,-118.788 34.1534,-118.831 34.1806,-118.842 34.1806,-118.864 34.2078,-118.864 34.2168,-118.853 34.2259,-118.809 34.2439,-118.799 34.2439))
201811091008,2,2,
Pattern Matcher : 17
201811091111,6,2,201811091116,3,2,multi: 1

boundary size: 1
boundary: POLYGON((-118.701 34.1714,-118.712 34.1714,-118.723 34.1714,-118.788 34.1715,-118.82 34.1806,-118.831 34.1806,-118.842 34.1806,-118.864 34.2078,-118.864 34.2168,-118.853 34.2259,-118.842 34.2259,-118.82 34.2258,-118.809 34.2258,-118.799 34.2168,-118.788 34.1987,-118.777 34.1896,-118.723 34.1895,-118.712 34.1895,-118.701 34.1895,-118.701 34.1804,-118.701 34.1714))
201811091107,2,2,
Pattern Matcher : 18
201811091214,6,2,201811091219,3,2,multi: 1

boundary size: 1
boundary: POLYGON((-118.68 34.1445,-118.68 34.1442,-118.684 34.1442,-118.691 34.1442,-118.701 34.1442,-118.712 34.1533,-118.723 34.1714,-118.81 34.1896,-118.82 34.1806,-118.831 34.1806,-118.842 34.1806,-118.842 34.1897,-118.842 34.1987,-118.82 34.2258,-118.809 34.2258,-118.799 34.2168,-118.723 34.1895,-118.712 34.1895,-118.701 34.1895,-118.68 34.1623,-118.68 34.1532,-118.68 34.1445))
201811091208,2,2,
Pattern Matcher : 19
201811091317,6,2,201811091323,3,2,multi: 1

boundary size: 1
boundary: POLYGON((-118.712 34.1172,-118.713 34.1172,-118.723 34.1262,-118.734 34.1443,-118.745 34.1534,-118.745 34.1624,-118.734 34.1714,-118.712 34.1624,-118.701 34.1352,-118.702 34.1265,-118.702 34.1261,-118.707 34.1215,-118.712 34.1172))
201811091308,2,2,
Pattern Matcher : 20
201811091415,6,2,201811091419,3,2,multi: 1

boundary size: 1
boundary: POLYGON((-118.712 34.1172,-118.727 34.1212,-118.745 34.1262,-118.756 34.1262,-118.762 34.1314,-118.766 34.1353,-118.766 34.1355,-118.756 34.1443,-118.745 34.1443,-118.712 34.1443,-118.701 34.1352,-118.702 34.1305,-118.702 34.1261,-118.707 34.1215,-118.712 34.1172))
201811091407,2,2,
Pattern Matcher : 21
201811091549,6,2,201811091551,3,2,multi: 1

boundary size: 1
boundary: POLYGON((-118.748 34.0991,-118.756 34.0991,-118.766 34.0991,-118.777 34.1082,-118.79 34.1187,-118.799 34.1263,-118.805 34.1343,-118.82 34.1535,-118.82 34.154,-118.82 34.1625,-118.82 34.1716,-118.81 34.1716,-118.799 34.1715,-118.756 34.1443,-118.745 34.1443,-118.712 34.1443,-118.701 34.1352,-118.702 34.1268,-118.702 34.1261,-118.707 34.1122,-118.712 34.099,-118.717 34.099,-118.723 34.0991,-118.748 34.0991))
201811091547,2,2,
Pattern Matcher : 22
201811091626,6,2,201811091631,3,2,multi: 1

boundary size: 1
boundary: POLYGON((-118.739 34.0719,-118.745 34.072,-118.77 34.072,-118.777 34.072,-118.794 34.0766,-118.81 34.0811,-118.821 34.0811,-118.831 34.0811,-118.849 34.1032,-118.853 34.1083,-118.853 34.1173,-118.853 34.1264,-118.842 34.1264,-118.799 34.1444,-118.799 34.2258,-118.809 34.2349,-118.809 34.2433,-118.809 34.2439,-118.809 34.2439,-118.799 34.2439,-118.788 34.2439,-118.766 34.2439,-118.755 34.2438,-118.744 34.2348,-118.745 34.2257,-118.745 34.1443,-118.734 34.1353,-118.723 34.1171,-118.712 34.1081,-118.712 34.099,-118.734 34.0719,-118.739 34.0719))
201811091608,2,2,
Pattern Matcher : 23
201811091724,6,2,201811091737,3,2,201811091708,2,2,
Pattern Matcher : 24
201811091724,6,2,201811091737,3,2,201811091711,2,2,
Pattern Matcher : 25
201811091724,6,2,201811091737,3,2,201811091713,2,2,
Pattern Matcher : 26
201811091724,6,2,201811091737,3,2,201811091714,2,2,
Pattern Matcher : 27
201811091724,6,2,201811091737,3,2,201811091717,2,2,
Pattern Matcher : 28
201811091724,6,2,201811091737,3,2,201811091719,2,2,
Pattern Matcher : 29
201811091727,6,2,201811091737,3,2,multi: 1

boundary size: 1
boundary: POLYGON((-118.896 34.1263,-118.896 34.1264,-118.896 34.1264,-118.885 34.1264,-118.842 34.1445,-118.831 34.1535,-118.82 34.1716,-118.809 34.2349,-118.82 34.253,-118.831 34.262,-118.831 34.262,-118.831 34.2711,-118.82 34.2711,-118.809 34.2711,-118.799 34.262,-118.755 34.2438,-118.744 34.2348,-118.69 34.2347,-118.69 34.2347,-118.69 34.2347,-118.686 34.2383,-118.68 34.2435,-118.669 34.2346,-118.669 34.2341,-118.669 34.2256,-118.669 34.2165,-118.68 34.1985,-118.701 34.1714,-118.701 34.1352,-118.702 34.1261,-118.712 34.099,-118.734 34.0719,-118.745 34.072,-118.788 34.0539,-118.793 34.0539,-118.799 34.054,-118.841 34.054,-118.842 34.054,-118.853 34.0631,-118.864 34.0812,-118.875 34.0902,-118.885 34.1083,-118.896 34.1174,-118.896 34.1263))
201811091708,2,2,
Pattern Matcher : 30
201811091727,6,2,201811091737,3,2,multi: 1

boundary size: 0201811091711,2,2,
Pattern Matcher : 31
201811091727,6,2,201811091737,3,2,multi: 1

boundary size: 0201811091713,2,2,
Pattern Matcher : 32
201811091727,6,2,201811091737,3,2,multi: 1

boundary size: 0201811091714,2,2,
Pattern Matcher : 33
201811091727,6,2,201811091737,3,2,multi: 1

boundary size: 0201811091717,2,2,
Pattern Matcher : 34
201811091727,6,2,201811091737,3,2,multi: 1

boundary size: 0201811091719,2,2,
Pattern Matcher : 35
201811091728,6,2,201811091737,3,2,201811091708,2,2,
Pattern Matcher : 36
201811091728,6,2,201811091737,3,2,201811091711,2,2,
Pattern Matcher : 37
201811091728,6,2,201811091737,3,2,201811091713,2,2,
Pattern Matcher : 38
201811091728,6,2,201811091737,3,2,201811091714,2,2,
Pattern Matcher : 39
201811091728,6,2,201811091737,3,2,201811091717,2,2,
Pattern Matcher : 40
201811091728,6,2,201811091737,3,2,201811091719,2,2,
Pattern Matcher : 41
201811091729,6,2,201811091737,3,2,201811091708,2,2,
Pattern Matcher : 42
201811091729,6,2,201811091737,3,2,201811091711,2,2,
Pattern Matcher : 43
201811091729,6,2,201811091737,3,2,201811091713,2,2,
Pattern Matcher : 44
201811091729,6,2,201811091737,3,2,201811091714,2,2,
Pattern Matcher : 45
201811091729,6,2,201811091737,3,2,201811091717,2,2,
Pattern Matcher : 46
201811091729,6,2,201811091737,3,2,201811091719,2,2,
Pattern Matcher : 47
201811091731,6,2,201811091737,3,2,201811091708,2,2,
Pattern Matcher : 48
201811091731,6,2,201811091737,3,2,201811091711,2,2,
Pattern Matcher : 49
201811091731,6,2,201811091737,3,2,201811091713,2,2,
Pattern Matcher : 50
201811091731,6,2,201811091737,3,2,201811091714,2,2,
Pattern Matcher : 51
201811091731,6,2,201811091737,3,2,201811091717,2,2,
Pattern Matcher : 52
201811091731,6,2,201811091737,3,2,201811091719,2,2,
Pattern Matcher : 53
201811091733,6,2,201811091737,3,2,201811091708,2,2,
Pattern Matcher : 54
201811091733,6,2,201811091737,3,2,201811091711,2,2,
Pattern Matcher : 55
201811091733,6,2,201811091737,3,2,201811091713,2,2,
Pattern Matcher : 56
201811091733,6,2,201811091737,3,2,201811091714,2,2,
Pattern Matcher : 57
201811091733,6,2,201811091737,3,2,201811091717,2,2,
Pattern Matcher : 58
201811091733,6,2,201811091737,3,2,201811091719,2,2,
Pattern Matcher : 59
201811091817,6,2,201811091831,3,2,multi: 1

boundary size: 1
boundary: POLYGON((-118.69 34.2347,-118.69 34.2347,-118.686 34.2383,-118.68 34.2435,-118.669 34.2346,-118.669 34.2256,-118.669 34.2165,-118.68 34.1985,-118.689 34.1723,-118.701 34.1352,-118.702 34.1305,-118.702 34.1261,-118.702 34.1254,-118.712 34.099,-118.734 34.0719,-118.745 34.0539,-118.756 34.0539,-118.767 34.0539,-118.777 34.0539,-118.788 34.0539,-118.799 34.054,-118.81 34.054,-118.831 34.054,-118.842 34.054,-118.875 34.054,-118.896 34.0631,-118.907 34.0902,-118.907 34.0993,-118.896 34.1264,-118.874 34.1535,-118.864 34.1535,-118.831 34.1535,-118.809 34.2349,-118.809 34.2439,-118.799 34.2439,-118.788 34.2439,-118.766 34.2439,-118.755 34.2438,-118.744 34.2348,-118.69 34.2347,-118.69 34.2347))
201811091808,2,2,
Pattern Matcher : 60
201811091817,6,2,201811091831,3,2,multi: 1

boundary size: 0201811091809,2,2,
Pattern Matcher : 61
201811091817,6,2,201811091831,3,2,multi: 1

boundary size: 0201811091811,2,2,
Pattern Matcher : 62
201811091817,6,2,201811091831,3,2,multi: 1

boundary size: 0201811091813,2,2,
Pattern Matcher : 63
201811091817,6,2,201811091831,3,2,multi: 1

boundary size: 0201811091814,2,2,
Pattern Matcher : 64
201811091819,6,2,201811091831,3,2,201811091808,2,2,
Pattern Matcher : 65
201811091819,6,2,201811091831,3,2,201811091809,2,2,
Pattern Matcher : 66
201811091819,6,2,201811091831,3,2,201811091811,2,2,
Pattern Matcher : 67
201811091819,6,2,201811091831,3,2,201811091813,2,2,
Pattern Matcher : 68
201811091819,6,2,201811091831,3,2,201811091814,2,2,
Pattern Matcher : 69
201811091821,6,2,201811091831,3,2,201811091808,2,2,
Pattern Matcher : 70
201811091821,6,2,201811091831,3,2,201811091809,2,2,
Pattern Matcher : 71
201811091821,6,2,201811091831,3,2,201811091811,2,2,
Pattern Matcher : 72
201811091821,6,2,201811091831,3,2,201811091813,2,2,
Pattern Matcher : 73
201811091821,6,2,201811091831,3,2,201811091814,2,2,
Pattern Matcher : 74
201811091824,6,2,201811091831,3,2,201811091808,2,2,
Pattern Matcher : 75
201811091824,6,2,201811091831,3,2,201811091809,2,2,
Pattern Matcher : 76
201811091824,6,2,201811091831,3,2,201811091811,2,2,
Pattern Matcher : 77
201811091824,6,2,201811091831,3,2,201811091813,2,2,
Pattern Matcher : 78
201811091824,6,2,201811091831,3,2,201811091814,2,2,
Pattern Matcher : 79
201811091826,6,2,201811091831,3,2,201811091808,2,2,
Pattern Matcher : 80
201811091826,6,2,201811091831,3,2,201811091809,2,2,
Pattern Matcher : 81
201811091826,6,2,201811091831,3,2,201811091811,2,2,
Pattern Matcher : 82
201811091826,6,2,201811091831,3,2,201811091813,2,2,
Pattern Matcher : 83
201811091826,6,2,201811091831,3,2,201811091814,2,2,
Pattern Matcher : 84
201811091920,6,2,201811091925,3,2,multi: 1

boundary size: 1
boundary: POLYGON((-118.901 34.1423,-118.874 34.1535,-118.842 34.1985,-118.842 34.1987,-118.831 34.1987,-118.82 34.1987,-118.81 34.1896,-118.799 34.1715,-118.712 34.2076,-118.701 34.2166,-118.69 34.2347,-118.69 34.2347,-118.69 34.2347,-118.686 34.2383,-118.68 34.2435,-118.669 34.2346,-118.669 34.2341,-118.669 34.2256,-118.669 34.2165,-118.68 34.1985,-118.712 34.1081,-118.712 34.099,-118.734 34.0719,-118.745 34.0539,-118.767 34.0268,-118.788 34.0268,-118.788 34.0268,-118.81 34.0268,-118.821 34.0268,-118.841 34.0269,-118.853 34.0269,-118.853 34.027,-118.875 34.0359,-118.896 34.0631,-118.939 34.0902,-118.95 34.0902,-118.95 34.0993,-118.939 34.1083,-118.929 34.1264,-118.918 34.1355,-118.901 34.1423))
201811091911,2,2,
Pattern Matcher : 85
201811091920,6,2,201811091925,3,2,multi: 1

boundary size: 0201811091914,2,2,
Pattern Matcher : 86
201811091920,6,2,201811091925,3,2,multi: 1

boundary size: 0201811091916,2,2,
Pattern Matcher : 87
201811091920,6,2,201811091925,3,2,multi: 1

boundary size: 0201811091917,2,2,
Pattern Matcher : 88
201811091920,6,2,201811091925,3,2,multi: 1

boundary size: 0201811091919,2,2,
Pattern Matcher : 89
201811091922,6,2,201811091925,3,2,201811091911,2,2,
Pattern Matcher : 90
201811091922,6,2,201811091925,3,2,201811091914,2,2,
Pattern Matcher : 91
201811091922,6,2,201811091925,3,2,201811091916,2,2,
Pattern Matcher : 92
201811091922,6,2,201811091925,3,2,201811091917,2,2,
Pattern Matcher : 93
201811091922,6,2,201811091925,3,2,201811091919,2,2,
Pattern Matcher : 94
201811091923,6,2,201811091925,3,2,201811091911,2,2,
Pattern Matcher : 95
201811091923,6,2,201811091925,3,2,201811091914,2,2,
Pattern Matcher : 96
201811091923,6,2,201811091925,3,2,201811091916,2,2,
Pattern Matcher : 97
201811091923,6,2,201811091925,3,2,201811091917,2,2,
Pattern Matcher : 98
201811091923,6,2,201811091925,3,2,201811091919,2,2,
Pattern Matcher : 99
201811092019,6,2,201811092031,3,2,multi: 1

boundary size: 1
boundary: POLYGON((-118.799 33.9997,-118.799 33.9997,-118.81 34.0087,-118.821 34.0268,-118.831 34.0359,-118.875 34.054,-118.907 34.0631,-118.918 34.0631,-118.929 34.0631,-118.939 34.0631,-118.95 34.0631,-118.961 34.0631,-118.972 34.0721,-118.961 34.0812,-118.95 34.0993,-118.939 34.1083,-118.929 34.1083,-118.896 34.1083,-118.853 34.1264,-118.821 34.1714,-118.82 34.1716,-118.81 34.1716,-118.799 34.1715,-118.734 34.2257,-118.734 34.2348,-118.723 34.2438,-118.68 34.2437,-118.669 34.2346,-118.658 34.2165,-118.655 34.2142,-118.647 34.2074,-118.647 34.1984,-118.658 34.1894,-118.679 34.1455,-118.68 34.1442,-118.691 34.0809,-118.702 34.0719,-118.702 34.0717,-118.745 34.0539,-118.767 34.0268,-118.788 34.0087,-118.799 33.9997))
201811092009,2,2,
Pattern Matcher : 100
201811092019,6,2,201811092031,3,2,multi: 1

boundary size: 0201811092011,2,2,
Pattern Matcher : 101
201811092019,6,2,201811092031,3,2,multi: 1

boundary size: 0201811092014,2,2,
Pattern Matcher : 102
201811092019,6,2,201811092031,3,2,multi: 1

boundary size: 0201811092015,2,2,
Pattern Matcher : 103
201811092019,6,2,201811092031,3,2,multi: 1

boundary size: 0201811092016,2,2,
Pattern Matcher : 104
201811092022,6,2,201811092031,3,2,201811092009,2,2,
Pattern Matcher : 105
201811092022,6,2,201811092031,3,2,201811092011,2,2,
Pattern Matcher : 106
201811092022,6,2,201811092031,3,2,201811092014,2,2,
Pattern Matcher : 107
201811092022,6,2,201811092031,3,2,201811092015,2,2,
Pattern Matcher : 108
201811092022,6,2,201811092031,3,2,201811092016,2,2,
Pattern Matcher : 109
201811092025,6,2,201811092031,3,2,201811092009,2,2,
Pattern Matcher : 110
201811092025,6,2,201811092031,3,2,201811092011,2,2,
Pattern Matcher : 111
201811092025,6,2,201811092031,3,2,201811092014,2,2,
Pattern Matcher : 112
201811092025,6,2,201811092031,3,2,201811092015,2,2,
Pattern Matcher : 113
201811092025,6,2,201811092031,3,2,201811092016,2,2,
Pattern Matcher : 114
201811092027,6,2,201811092031,3,2,201811092009,2,2,
Pattern Matcher : 115
201811092027,6,2,201811092031,3,2,201811092011,2,2,
Pattern Matcher : 116
201811092027,6,2,201811092031,3,2,201811092014,2,2,
Pattern Matcher : 117
201811092027,6,2,201811092031,3,2,201811092015,2,2,
Pattern Matcher : 118
201811092027,6,2,201811092031,3,2,201811092016,2,2,
Pattern Matcher : 119
201811092028,6,2,201811092031,3,2,201811092009,2,2,
Pattern Matcher : 120
201811092028,6,2,201811092031,3,2,201811092011,2,2,
Pattern Matcher : 121
201811092028,6,2,201811092031,3,2,201811092014,2,2,
Pattern Matcher : 122
201811092028,6,2,201811092031,3,2,201811092015,2,2,
Pattern Matcher : 123
201811092028,6,2,201811092031,3,2,201811092016,2,2,
Pattern Matcher : 124
201811092130,6,2,201811092142,3,2,multi: 1

boundary size: 1
boundary: POLYGON((-118.691 34.0812,-118.691 34.0809,-118.702 34.0719,-118.702 34.0719,-118.712 34.0719,-118.767 34.0268,-118.777 34.0268,-118.788 34.0268,-118.81 34.0268,-118.821 34.0268,-118.831 34.0359,-118.885 34.0359,-118.89 34.0359,-118.896 34.036,-118.907 34.036,-118.95 34.0631,-118.961 34.0631,-118.961 34.0632,-118.972 34.0721,-118.961 34.0812,-118.95 34.0993,-118.939 34.1083,-118.929 34.1083,-118.896 34.1083,-118.853 34.1264,-118.842 34.1264,-118.831 34.1173,-118.777 34.1172,-118.766 34.1263,-118.712 34.1533,-118.712 34.1985,-118.712 34.2076,-118.701 34.2166,-118.69 34.2347,-118.68 34.2435,-118.669 34.2346,-118.658 34.2165,-118.655 34.2142,-118.647 34.2074,-118.647 34.1984,-118.658 34.1803,-118.68 34.1442,-118.691 34.0812))
201811092128,2,2,
Pattern Matcher : 125
201811092132,6,2,201811092142,3,2,201811092128,2,2,
Pattern Matcher : 126
201811092134,6,2,201811092142,3,2,201811092128,2,2,
Pattern Matcher : 127
201811092137,6,2,201811092142,3,2,201811092128,2,2,
Pattern Matcher : 128
201811092254,6,2,201811092259,3,2,201811092243,2,2,
Pattern Matcher : 129
201811092257,6,2,201811092259,3,2,multi: 1

boundary size: 1
boundary: POLYGON((-118.69 34.2341,-118.69 34.2347,-118.686 34.2383,-118.68 34.2436,-118.679 34.2435,-118.669 34.2346,-118.658 34.2165,-118.647 34.2074,-118.647 34.1984,-118.658 34.1894,-118.701 34.1352,-118.702 34.1261,-118.691 34.0809,-118.702 34.0719,-118.712 34.0719,-118.767 34.0268,-118.777 34.0268,-118.788 34.0268,-118.81 34.0268,-118.821 34.0268,-118.831 34.0359,-118.885 34.0359,-118.896 34.036,-118.907 34.036,-118.929 34.036,-118.939 34.036,-118.972 34.036,-118.983 34.045,-118.993 34.0631,-119.004 34.0721,-119.004 34.0812,-118.993 34.0902,-118.983 34.1083,-118.972 34.1264,-118.961 34.1355,-118.95 34.1355,-118.918 34.1355,-118.907 34.1264,-118.896 34.1083,-118.885 34.0993,-118.875 34.0812,-118.864 34.0721,-118.777 34.1082,-118.777 34.1172,-118.766 34.1353,-118.756 34.1443,-118.745 34.1443,-118.712 34.1443,-118.69 34.2256,-118.69 34.2341))
201811092243,2,2,
Pattern Matcher : 130
201811092257,6,2,201811092259,3,2,201811092243,2,2,
Pattern Matcher : 131
201811092257,6,2,201811092259,3,2,201811092243,2,2,
Pattern Matcher : 132
201811092259,6,2,201811092259,3,2,201811092243,2,2,
Pattern Matcher : 133
201811092259,6,2,201811092259,3,2,201811092243,2,2,
Pattern Matcher : 134
201811092359,6,2,201811092359,3,2,multi: 1

boundary size: 1
boundary: POLYGON((-118.799 33.9997,-118.799 33.9997,-118.81 34.0087,-118.81 34.0178,-118.799 34.0268,-118.756 34.081,-118.756 34.0901,-118.745 34.1172,-118.723 34.1352,-118.712 34.1443,-118.701 34.1352,-118.691 34.1171,-118.68 34.108,-118.68 34.099,-118.68 34.099,-118.68 34.0989,-118.691 34.0899,-118.734 34.0719,-118.788 34.0178,-118.788 34.0087,-118.799 33.9997))
201811092357,2,2,
Pattern Matcher : 135
201811092359,6,2,201811092359,3,2,multi: 1

boundary size: 1
boundary: POLYGON((-118.918 34.045,-118.929 34.036,-118.939 34.036,-118.972 34.036,-118.983 34.045,-118.993 34.0631,-119.004 34.0721,-119.004 34.0812,-118.993 34.0902,-118.95 34.0993,-118.939 34.1083,-118.929 34.1083,-118.896 34.1083,-118.885 34.0993,-118.885 34.0902,-118.896 34.0812,-118.918 34.045))
201811092358,2,2,
Pattern Matcher : 136
201811100027,6,2,201811100031,3,2,multi: 1

boundary size: 1
boundary: POLYGON((-118.993 34.0631,-119.004 34.0721,-119.004 34.0725,-119.004 34.0812,-118.993 34.0902,-118.983 34.1083,-118.972 34.1083,-118.972 34.1083,-118.972 34.1083,-118.961 34.1083,-118.939 34.0812,-118.939 34.0721,-118.939 34.0631,-118.95 34.0631,-118.961 34.0631,-118.983 34.0631,-118.993 34.0631))
201811100020,2,2,
Pattern Matcher : 137
201811100027,6,2,201811100031,3,2,multi: 1

boundary size: 1
boundary: POLYGON((-118.712 34.1081,-118.712 34.099,-118.723 34.0991,-118.734 34.0991,-118.745 34.1081,-118.745 34.1172,-118.734 34.1172,-118.723 34.1171,-118.712 34.1081))
201811100022,2,2,
Pattern Matcher : 138
201811100119,6,2,201811100123,3,2,multi: 1

boundary size: 1
boundary: POLYGON((-118.993 34.0631,-119.004 34.0721,-119.004 34.0812,-118.993 34.0901,-118.972 34.0812,-118.983 34.0631,-118.993 34.0631))
201811100108,2,2,
Pattern Matcher : 139
201811100119,6,2,201811100123,3,2,multi: 1

boundary size: 1
boundary: POLYGON((-118.734 34.081,-118.734 34.0719,-118.745 34.072,-118.756 34.081,-118.756 34.0901,-118.745 34.0991,-118.734 34.09,-118.734 34.081))
201811100109,2,2,
Pattern Matcher : 140
201811100218,6,2,201811100221,3,2,multi: 1

boundary size: 1
boundary: POLYGON((-118.719 34.0488,-118.723 34.0448,-118.734 34.0538,-118.745 34.072,-118.756 34.081,-118.756 34.0901,-118.745 34.0991,-118.734 34.09,-118.723 34.0719,-118.713 34.0629,-118.713 34.0545,-118.713 34.0538,-118.719 34.0488))
201811100206,2,2,
Pattern Matcher : 141
201811100218,6,2,201811100221,3,2,multi: 1

boundary size: 1
boundary: POLYGON((-119.016 34.091,-119.026 34.0993,-119.026 34.1083,-119.017 34.116,-119.015 34.1174,-118.983 34.1083,-118.972 34.1083,-118.961 34.1083,-118.939 34.1083,-118.929 34.1083,-118.929 34.1083,-118.918 34.0993,-118.918 34.0989,-118.918 34.0902,-118.939 34.0631,-118.95 34.0631,-118.961 34.0631,-118.983 34.0631,-118.993 34.0631,-119.004 34.0721,-119.015 34.0902,-119.016 34.091))
201811100209,2,2,
Pattern Matcher : 142
201811100314,6,2,201811100317,3,2,multi: 1

boundary size: 1
boundary: POLYGON((-118.983 34.1083,-118.961 34.1083,-118.939 34.0812,-118.939 34.0721,-118.939 34.0631,-118.95 34.0631,-118.961 34.0631,-118.972 34.0721,-118.983 34.0902,-118.983 34.0993,-118.983 34.1083))
201811100308,2,2,
Pattern Matcher : 143
201811100417,6,2,201811100421,3,2,multi: 1

boundary size: 1
boundary: POLYGON((-118.713 34.0538,-118.723 34.0448,-118.756 34.0539,-118.767 34.0539,-118.777 34.0539,-118.777 34.063,-118.767 34.072,-118.756 34.072,-118.723 34.0719,-118.713 34.0629,-118.713 34.0538))
201811100410,2,2,
Pattern Matcher : 144
201811100417,6,2,201811100421,3,2,multi: 1

boundary size: 0201811100411,2,2,
Pattern Matcher : 145
201811100417,6,2,201811100422,3,2,multi: 1

boundary size: 0201811100410,2,2,
Pattern Matcher : 146
201811100417,6,2,201811100422,3,2,multi: 1

boundary size: 1
boundary: POLYGON((-118.983 34.1083,-118.972 34.1083,-118.961 34.1083,-118.939 34.1083,-118.929 34.1083,-118.918 34.0993,-118.918 34.0989,-118.918 34.0902,-118.929 34.0902,-118.939 34.0902,-118.95 34.0902,-118.961 34.0902,-118.972 34.0902,-118.983 34.0902,-118.983 34.0993,-118.983 34.1083))
201811100411,2,2,
Pattern Matcher : 147
201811100511,6,2,201811100515,3,2,multi: 1

boundary size: 1
boundary: POLYGON((-118.713 34.0538,-118.723 34.0448,-118.734 34.0538,-118.745 34.072,-118.756 34.081,-118.756 34.0901,-118.745 34.0991,-118.712 34.09,-118.702 34.09,-118.691 34.0809,-118.702 34.0719,-118.713 34.0538))
201811100506,2,2,
Pattern Matcher : 148
201811100616,6,2,201811100620,3,2,multi: 1

boundary size: 1
boundary: POLYGON((-118.691 34.0266,-118.702 34.0176,-118.734 34.0267,-118.745 34.0267,-118.756 34.0268,-118.777 34.0539,-118.777 34.063,-118.767 34.072,-118.756 34.0901,-118.745 34.0991,-118.734 34.09,-118.723 34.0719,-118.713 34.0629,-118.702 34.0447,-118.691 34.0357,-118.691 34.0266))
201811100610,2,2,
Pattern Matcher : 149
201811100617,6,2,201811100620,3,2,201811100610,2,2,
Pattern Matcher : 150
201811100719,6,2,201811100723,3,2,multi: 1

boundary size: 1
boundary: POLYGON((-118.694 34.0239,-118.702 34.0176,-118.723 34.0267,-118.767 34.0539,-118.777 34.0539,-118.777 34.0544,-118.777 34.063,-118.767 34.072,-118.756 34.072,-118.723 34.0719,-118.713 34.0629,-118.702 34.0447,-118.691 34.0357,-118.691 34.0266,-118.694 34.0239))
201811100707,2,2,
Pattern Matcher : 151
201811101817,6,2,201811101827,3,2,multi: 1

boundary size: 0201811101808,2,2,
Pattern Matcher : 152
201811101817,6,2,201811101827,3,2,multi: 1

boundary size: 0201811101809,2,2,
Pattern Matcher : 153
201811101817,6,2,201811101827,3,2,multi: 1

boundary size: 0201811101812,2,2,
Pattern Matcher : 154
201811101817,6,2,201811101827,3,2,multi: 1

boundary size: 0201811101814,2,2,
Pattern Matcher : 155
201811101820,6,2,201811101827,3,2,201811101808,2,2,
Pattern Matcher : 156
201811101820,6,2,201811101827,3,2,201811101809,2,2,
Pattern Matcher : 157
201811101820,6,2,201811101827,3,2,201811101812,2,2,
Pattern Matcher : 158
201811101820,6,2,201811101827,3,2,201811101814,2,2,
Pattern Matcher : 159
201811101822,6,2,201811101827,3,2,201811101808,2,2,
Pattern Matcher : 160
201811101822,6,2,201811101827,3,2,201811101809,2,2,
Pattern Matcher : 161
201811101822,6,2,201811101827,3,2,201811101812,2,2,
Pattern Matcher : 162
201811101822,6,2,201811101827,3,2,201811101814,2,2,
Pattern Matcher : 163
201811101917,6,2,201811101921,3,2,multi: 1

boundary size: 0201811101909,2,2,
Pattern Matcher : 164
201811101917,6,2,201811101921,3,2,multi: 1

boundary size: 0201811101912,2,2,
Pattern Matcher : 165
201811101917,6,2,201811101921,3,2,multi: 1

boundary size: 0201811101914,2,2,
Pattern Matcher : 166
201811102018,6,2,201811102025,3,2,multi: 1

boundary size: 0201811102010,2,2,
Pattern Matcher : 167
201811102018,6,2,201811102025,3,2,multi: 1

boundary size: 0201811102013,2,2,
Pattern Matcher : 168
201811102018,6,2,201811102025,3,2,multi: 1

boundary size: 0201811102015,2,2,
Pattern Matcher : 169
201811102021,6,2,201811102025,3,2,201811102010,2,2,
Pattern Matcher : 170
201811102021,6,2,201811102025,3,2,201811102013,2,2,
Pattern Matcher : 171
201811102021,6,2,201811102025,3,2,201811102015,2,2,
Pattern Matcher : 172
201811102023,6,2,201811102025,3,2,201811102010,2,2,
Pattern Matcher : 173
201811102023,6,2,201811102025,3,2,201811102013,2,2,
Pattern Matcher : 174
201811102023,6,2,201811102025,3,2,201811102015,2,2,
Pattern Matcher : 175
201811102018,6,2,201811102027,3,2,multi: 1

boundary size: 1
boundary: POLYGON((-118.918 34.1355,-118.907 34.1264,-118.907 34.1263,-118.907 34.1174,-118.907 34.1083,-118.918 34.1083,-118.95 34.1083,-118.972 34.1174,-118.972 34.1264,-118.961 34.1355,-118.95 34.1355,-118.918 34.1355))
201811102010,2,2,
Pattern Matcher : 176
201811102018,6,2,201811102027,3,2,multi: 1

boundary size: 0201811102013,2,2,
Pattern Matcher : 177
201811102018,6,2,201811102027,3,2,multi: 1

boundary size: 0201811102015,2,2,
Pattern Matcher : 178
201811102021,6,2,201811102027,3,2,201811102010,2,2,
Pattern Matcher : 179
201811102021,6,2,201811102027,3,2,201811102013,2,2,
Pattern Matcher : 180
201811102021,6,2,201811102027,3,2,201811102015,2,2,
Pattern Matcher : 181
201811102023,6,2,201811102027,3,2,201811102010,2,2,
Pattern Matcher : 182
201811102023,6,2,201811102027,3,2,201811102013,2,2,
Pattern Matcher : 183
201811102023,6,2,201811102027,3,2,201811102015,2,2,
Pattern Matcher : 184
201811102126,6,2,201811102137,3,2,201811102121,2,2,
Pattern Matcher : 185
201811102129,6,2,201811102137,3,2,multi: 1

boundary size: 0201811102121,2,2,
Pattern Matcher : 186
201811102131,6,2,201811102137,3,2,201811102121,2,2,
Pattern Matcher : 187
201811102132,6,2,201811102137,3,2,201811102121,2,2,
Pattern Matcher : 188
201811102134,6,2,201811102137,3,2,201811102121,2,2,
Pattern Matcher : 189
201811102126,6,2,201811102138,3,2,201811102121,2,2,
Pattern Matcher : 190
201811102129,6,2,201811102138,3,2,multi: 1

boundary size: 1
boundary: POLYGON((-118.918 34.0993,-118.918 34.0902,-118.929 34.0902,-118.939 34.0902,-118.95 34.0902,-118.972 34.1174,-118.972 34.1264,-118.961 34.1355,-118.95 34.1355,-118.939 34.1264,-118.929 34.1083,-118.918 34.0993))
201811102121,2,2,
Pattern Matcher : 191
201811102131,6,2,201811102138,3,2,201811102121,2,2,
Pattern Matcher : 192
201811102132,6,2,201811102138,3,2,201811102121,2,2,
Pattern Matcher : 193
201811102134,6,2,201811102138,3,2,201811102121,2,2,
event stream queue is empty now!
perform 1loadshedding
eventCn 1499
#full Match 194
#high latecny (> 150)143
#NumPartialMatch 194
#NumDropedPM 0
#NumDropedInputEvents 0
avg latency: 3079
expression size: 0



********   Event Pattern    ********
TYPE Satellite {
    time,
    channelID,
    level,
    boundary
};

QUERY fail3
EVENT SEQ(Satellite c06,Satellite c07,Satellite c07MinusC14)
WHERE c06.boundary /\ c07.boundary && c06.boundary /\ c07MinusC14.boundary
    && c06.channelID == 2
    && c07.channelID == 6 && c07MinusC14.channelID == 3
    && c06.level == 2 && c07.level == 2 && c07MinusC14.level == 2 
WITHIN 1h
RETURN Fire(c07.time,c07.channelID,c07.level,
    c07MinusC14.time,c07MinusC14.channelID,c07MinusC14.level,
    INTERSECT(c07.boundary,c07MinusC14.boundary,c06.boundary),
    c06.time,c06.channelID,c06.level
);