c01
c07MinusC14
c01
c16
c01
c07MinusC14
c16
c01
c07MinusC14
c16
c01
c01
c01
c07MinusC14
c07MinusC14
c07MinusC14
c01
c07MinusC14
c16
c16
c16
c16
Pattern Matcher : 0
201811082316,0,2,201811082359,3,2,multi: 1

boundary size: 1
boundary: POLYGON((-118.896 34.1807,-118.907 34.1807,-118.939 34.1807,-118.972 34.1897,-118.983 34.1897,-118.993 34.1897,-119.015 34.2169,-119.015 34.2259,-119.015 34.235,-119.004 34.235,-118.993 34.235,-118.972 34.235,-118.961 34.235,-118.929 34.235,-118.907 34.2259,-118.885 34.1988,-118.896 34.1807))
201811082359,5,2,
Pattern Matcher : 1
201811082317,0,2,201811082359,3,2,201811082359,5,2,
Pattern Matcher : 2
201811082318,0,2,201811082359,3,2,201811082359,5,2,
Pattern Matcher : 3
201811082319,0,2,201811082359,3,2,201811082359,5,2,
Pattern Matcher : 4
201811082322,0,2,201811082359,3,2,201811082359,5,2,
Pattern Matcher : 5
201811082325,0,2,201811082359,3,2,201811082359,5,2,
Pattern Matcher : 6
201811082326,0,2,201811082359,3,2,201811082359,5,2,
Pattern Matcher : 7
201811082316,0,2,201811082359,3,2,multi: 1

boundary size: 1
boundary: POLYGON((-118.723 34.2212,-118.734 34.2257,-118.734 34.2348,-118.723 34.2438,-118.723 34.2212))
201811082359,5,2,
Pattern Matcher : 8
201811082317,0,2,201811082359,3,2,201811082359,5,2,
Pattern Matcher : 9
201811082318,0,2,201811082359,3,2,201811082359,5,2,
Pattern Matcher : 10
201811082319,0,2,201811082359,3,2,201811082359,5,2,
Pattern Matcher : 11
201811082322,0,2,201811082359,3,2,201811082359,5,2,
Pattern Matcher : 12
201811082325,0,2,201811082359,3,2,201811082359,5,2,
Pattern Matcher : 13
201811082326,0,2,201811082359,3,2,201811082359,5,2,
Pattern Matcher : 14
201811090004,0,2,201811090045,3,2,201811090055,5,2,
Pattern Matcher : 15
201811090006,0,2,201811090045,3,2,201811090055,5,2,
Pattern Matcher : 16
201811090004,0,2,201811090046,3,2,201811090055,5,2,
Pattern Matcher : 17
201811090006,0,2,201811090046,3,2,201811090055,5,2,
Pattern Matcher : 18
201811090004,0,2,201811090045,3,2,201811090058,5,2,
Pattern Matcher : 19
201811090006,0,2,201811090045,3,2,201811090058,5,2,
Pattern Matcher : 20
201811090004,0,2,201811090046,3,2,201811090058,5,2,
Pattern Matcher : 21
201811090006,0,2,201811090046,3,2,201811090058,5,2,
Pattern Matcher : 22
201811090004,0,2,201811090045,3,2,201811090058,5,2,
Pattern Matcher : 23
201811090006,0,2,201811090045,3,2,201811090058,5,2,
Pattern Matcher : 24
201811090004,0,2,201811090046,3,2,201811090058,5,2,
Pattern Matcher : 25
201811090006,0,2,201811090046,3,2,201811090058,5,2,
Pattern Matcher : 26
201811091510,0,2,201811091551,3,2,multi: 1

boundary size: 1
boundary: POLYGON((-118.788 34.1173,-118.799 34.1263,-118.804 34.1323,-118.799 34.1354,-118.788 34.1353,-118.777 34.1172,-118.788 34.1173,-118.788 34.1173))
201811091557,5,2,
Pattern Matcher : 27
201811091510,0,2,201811091551,3,2,multi: 1

boundary size: 0201811091558,5,2,
Pattern Matcher : 28
201811091602,0,2,201811091631,3,2,multi: 1

boundary size: 1
boundary: POLYGON((-118.734 34.0719,-118.745 34.072,-118.777 34.072,-118.81 34.0811,-118.821 34.0811,-118.831 34.0811,-118.853 34.1083,-118.853 34.1173,-118.853 34.1264,-118.842 34.1445,-118.842 34.1806,-118.842 34.1897,-118.842 34.1987,-118.809 34.2439,-118.788 34.271,-118.777 34.271,-118.766 34.2619,-118.723 34.2438,-118.68 34.2437,-118.669 34.2346,-118.669 34.2256,-118.669 34.2165,-118.68 34.1985,-118.701 34.1714,-118.701 34.1352,-118.702 34.1261,-118.712 34.099,-118.734 34.0719))
201811091641,5,2,
Pattern Matcher : 29
201811091602,0,2,201811091631,3,2,multi: 1

boundary size: 0201811091644,5,2,
Pattern Matcher : 30
201811091602,0,2,201811091631,3,2,multi: 1

boundary size: 0201811091645,5,2,
Pattern Matcher : 31
201811091701,0,2,201811091737,3,2,multi: 1

boundary size: 1
boundary: POLYGON((-118.915 34.0754,-118.93 34.1121,-118.896 34.1264,-118.874 34.1535,-118.842 34.1987,-118.831 34.262,-118.831 34.2711,-118.82 34.2711,-118.809 34.2711,-118.788 34.271,-118.777 34.271,-118.766 34.2619,-118.755 34.2438,-118.744 34.2348,-118.69 34.2347,-118.68 34.2437,-118.669 34.2346,-118.658 34.2165,-118.647 34.2074,-118.647 34.1984,-118.658 34.1894,-118.68 34.1442,-118.691 34.0809,-118.702 34.0719,-118.745 34.0539,-118.756 34.0539,-118.767 34.0539,-118.777 34.0539,-118.788 34.0539,-118.799 34.054,-118.81 34.054,-118.831 34.054,-118.842 34.054,-118.875 34.054,-118.896 34.0631,-118.915 34.0754))
201811091751,5,2,
Pattern Matcher : 32
201811091701,0,2,201811091737,3,2,multi: 1

boundary size: 0201811091753,5,2,
Pattern Matcher : 33
201811091801,0,2,201811091831,3,2,multi: 1

boundary size: 1
boundary: POLYGON((-118.961 34.1355,-118.961 34.1355,-118.918 34.1536,-118.896 34.1716,-118.885 34.1807,-118.831 34.262,-118.831 34.2711,-118.82 34.2711,-118.809 34.2711,-118.788 34.271,-118.777 34.271,-118.766 34.2619,-118.755 34.2438,-118.744 34.2348,-118.69 34.2347,-118.68 34.2437,-118.669 34.2346,-118.669 34.2256,-118.669 34.2165,-118.68 34.1985,-118.701 34.1352,-118.702 34.1261,-118.691 34.0809,-118.702 34.0719,-118.713 34.0538,-118.723 34.0448,-118.767 34.0268,-118.777 34.0268,-118.788 34.0268,-118.81 34.0268,-118.821 34.0268,-118.853 34.0269,-118.875 34.0359,-118.879 34.0382,-118.875 34.045,-118.907 34.1355,-118.961 34.1355))
201811091836,5,2,
Pattern Matcher : 34
201811091903,0,2,201811091925,3,2,multi: 1

boundary size: 1
boundary: POLYGON((-118.961 34.1355,-118.961 34.1355,-118.95 34.1355,-118.918 34.1355,-118.874 34.1535,-118.842 34.1987,-118.809 34.2439,-118.799 34.2439,-118.788 34.2439,-118.777 34.2348,-118.69 34.2347,-118.68 34.2437,-118.669 34.2346,-118.658 34.2165,-118.647 34.2074,-118.647 34.1984,-118.658 34.1803,-118.669 34.1713,-118.702 34.1261,-118.691 34.0809,-118.702 34.0719,-118.713 34.0538,-118.723 34.0357,-118.734 34.0267,-118.745 34.0267,-118.756 34.0268,-118.767 34.0268,-118.777 34.0268,-118.788 34.0268,-118.81 34.0268,-118.821 34.0268,-118.853 34.0269,-118.881 34.0347,-118.875 34.045,-118.885 34.1083,-118.896 34.1174,-118.939 34.1355,-118.961 34.1355))
201811091930,5,2,
Pattern Matcher : 35
201811092001,0,2,201811092031,3,2,multi: 1

boundary size: 1
boundary: POLYGON((-118.966 34.1314,-118.961 34.1355,-118.95 34.1355,-118.918 34.1355,-118.874 34.1535,-118.864 34.1535,-118.82 34.1716,-118.81 34.1806,-118.799 34.1987,-118.788 34.1987,-118.734 34.2348,-118.723 34.2438,-118.68 34.2437,-118.669 34.2346,-118.658 34.2165,-118.647 34.2074,-118.647 34.1984,-118.658 34.1803,-118.68 34.1442,-118.691 34.0809,-118.702 34.0719,-118.713 34.0538,-118.723 34.0357,-118.734 34.0267,-118.745 34.0086,-118.756 33.9996,-118.767 33.9996,-118.799 33.9997,-118.831 33.9997,-118.864 34.0088,-118.867 34.0088,-118.896 34.0812,-118.907 34.0902,-118.966 34.1314))
201811092035,5,2,
Pattern Matcher : 36
201811092102,0,2,201811092142,3,2,multi: 1

boundary size: 1
boundary: POLYGON((-118.972 34.072,-118.972 34.0721,-118.983 34.0902,-118.983 34.0905,-118.983 34.0993,-118.983 34.1083,-118.972 34.1083,-118.929 34.1264,-118.918 34.1355,-118.874 34.1535,-118.864 34.1535,-118.831 34.1535,-118.799 34.1444,-118.788 34.1444,-118.745 34.1624,-118.734 34.2257,-118.734 34.2348,-118.723 34.2438,-118.712 34.2618,-118.701 34.2618,-118.69 34.2618,-118.68 34.2437,-118.669 34.2346,-118.658 34.2165,-118.647 34.2074,-118.647 34.1984,-118.647 34.1622,-118.647 34.1532,-118.647 34.1441,-118.658 34.126,-118.669 34.117,-118.691 34.0809,-118.702 34.0719,-118.713 34.0538,-118.723 34.0357,-118.734 34.0267,-118.745 34.0086,-118.756 33.9996,-118.767 33.9996,-118.799 33.9997,-118.81 34.0087,-118.853 34.0269,-118.885 34.0359,-118.896 34.036,-118.907 34.036,-118.929 34.036,-118.939 34.036,-118.95 34.045,-118.961 34.0631,-118.972 34.072))
201811092151,5,2,
Pattern Matcher : 37
201811092206,0,2,201811092259,3,2,multi: 1

boundary size: 1
boundary: POLYGON((-119.007 34.1308,-119.004 34.1355,-118.993 34.1355,-118.95 34.1536,-118.939 34.1626,-118.929 34.1536,-118.874 34.1535,-118.864 34.1535,-118.853 34.1445,-118.799 34.1444,-118.788 34.1444,-118.745 34.1624,-118.734 34.1714,-118.712 34.2076,-118.701 34.2166,-118.69 34.2347,-118.68 34.2437,-118.647 34.2346,-118.636 34.2345,-118.625 34.2255,-118.625 34.2164,-118.647 34.1984,-118.658 34.1351,-118.658 34.126,-118.669 34.0628,-118.669 34.0537,-118.68 34.0447,-118.691 34.0447,-118.723 34.0357,-118.734 34.0267,-118.745 34.0086,-118.756 33.9996,-118.767 33.9996,-118.782 33.9997,-118.799 34.0087,-118.804 33.9997,-118.831 33.9997,-118.864 34.0088,-118.939 34.0088,-118.939 34.036,-118.95 34.045,-118.961 34.0631,-118.972 34.0721,-119.007 34.1308))
201811092259,5,2,
Pattern Matcher : 38
201811092208,0,2,201811092259,3,2,201811092259,5,2,
Pattern Matcher : 39
201811092209,0,2,201811092259,3,2,201811092259,5,2,
Pattern Matcher : 40
201811092206,0,2,201811092259,3,2,multi: 1

boundary size: 0201811092259,5,2,
Pattern Matcher : 41
201811092208,0,2,201811092259,3,2,201811092259,5,2,
Pattern Matcher : 42
201811092209,0,2,201811092259,3,2,201811092259,5,2,
Pattern Matcher : 43
201811092206,0,2,201811092259,3,2,multi: 1

boundary size: 0201811092259,5,2,
Pattern Matcher : 44
201811092208,0,2,201811092259,3,2,201811092259,5,2,
Pattern Matcher : 45
201811092209,0,2,201811092259,3,2,201811092259,5,2,
Pattern Matcher : 46
201811092317,0,2,201811092359,3,2,multi: 1

boundary size: 1
boundary: POLYGON((-119.004 34.0539,-119.004 34.0721,-119.015 34.0902,-119.026 34.0993,-119.03 34.1011,-119.026 34.1083,-119.015 34.1174,-118.972 34.1264,-118.961 34.1355,-118.95 34.1355,-118.918 34.1355,-118.885 34.1264,-118.875 34.1264,-118.853 34.1264,-118.842 34.1264,-118.799 34.1444,-118.788 34.1444,-118.777 34.1444,-118.756 34.1443,-118.712 34.1985,-118.712 34.2076,-118.701 34.2166,-118.69 34.2166,-118.658 34.2165,-118.647 34.2074,-118.647 34.1984,-118.653 34.1667,-118.691 34.1442,-118.701 34.1352,-118.712 34.1262,-118.723 34.1081,-118.734 34.09,-118.745 34.072,-118.756 34.0629,-118.777 34.0268,-118.79 33.9997,-118.799 33.9997,-118.831 33.9997,-118.842 34.0088,-118.907 34.0088,-118.918 34.0088,-118.95 34.0088,-118.961 34.0179,-118.972 34.036,-118.983 34.045,-119.004 34.0539))
201811092359,5,2,
Pattern Matcher : 47
201811092320,0,2,201811092359,3,2,201811092359,5,2,
Pattern Matcher : 48
201811092321,0,2,201811092359,3,2,201811092359,5,2,
Pattern Matcher : 49
201811092323,0,2,201811092359,3,2,201811092359,5,2,
Pattern Matcher : 50
201811092325,0,2,201811092359,3,2,201811092359,5,2,
Pattern Matcher : 51
201811092326,0,2,201811092359,3,2,201811092359,5,2,
Pattern Matcher : 52
201811100004,0,2,201811100031,3,2,multi: 1

boundary size: 1
boundary: POLYGON((-119.019 34.0932,-119.004 34.0902,-118.983 34.0812,-118.95 34.0812,-118.939 34.0812,-118.918 34.0721,-118.907 34.054,-118.896 34.045,-118.889 34.0329,-118.896 34.036,-118.907 34.036,-118.929 34.036,-118.939 34.036,-118.972 34.036,-118.983 34.045,-118.993 34.0631,-119.004 34.0721,-119.015 34.0902,-119.019 34.0932))
201811100041,5,2,
Pattern Matcher : 53
201811100005,0,2,201811100031,3,2,multi: 1

boundary size: 1
boundary: POLYGON((-118.777 34.0901,-118.788 34.0811,-118.799 34.0901,-118.799 34.0992,-118.788 34.1082,-118.777 34.0991,-118.777 34.0901))
201811100041,5,2,
Pattern Matcher : 54
201811100004,0,2,201811100031,3,2,multi: 1

boundary size: 0201811100043,5,2,
Pattern Matcher : 55
201811100005,0,2,201811100031,3,2,multi: 1

boundary size: 0201811100043,5,2,
Pattern Matcher : 56
201811100004,0,2,201811100031,3,2,multi: 1

boundary size: 0201811100046,5,2,
Pattern Matcher : 57
201811100005,0,2,201811100031,3,2,multi: 1

boundary size: 0201811100046,5,2,
Pattern Matcher : 58
201811100004,0,2,201811100031,3,2,multi: 1

boundary size: 0201811100048,5,2,
Pattern Matcher : 59
201811100005,0,2,201811100031,3,2,multi: 1

boundary size: 0201811100048,5,2,
Pattern Matcher : 60
201811101803,0,2,201811101827,3,2,multi: 1

boundary size: 1
boundary: POLYGON((-118.918 34.0902,-118.929 34.0902,-118.939 34.0902,-118.95 34.0902,-118.95 34.0993,-118.939 34.1083,-118.929 34.1083,-118.918 34.0993,-118.918 34.0902))
201811101832,5,2,
Pattern Matcher : 61
201811101803,0,2,201811101827,3,2,multi: 1

boundary size: 0201811101834,5,2,
Pattern Matcher : 62
201811101903,0,2,201811101921,3,2,multi: 1

boundary size: 1
boundary: POLYGON((-118.907 34.1083,-118.918 34.0902,-118.929 34.0902,-118.939 34.0902,-118.95 34.0902,-118.972 34.1174,-118.972 34.1264,-118.961 34.1355,-118.95 34.1355,-118.918 34.1355,-118.907 34.1264,-118.907 34.1174,-118.907 34.1083))
201811101924,5,2,
Pattern Matcher : 63
201811101903,0,2,201811101921,3,2,multi: 1

boundary size: 0201811101925,5,2,
Pattern Matcher : 64
201811102002,0,2,201811102025,3,2,multi: 1

boundary size: 1
boundary: POLYGON((-118.691 34.0809,-118.702 34.0719,-118.712 34.0719,-118.723 34.081,-118.723 34.09,-118.712 34.09,-118.702 34.09,-118.691 34.0809))
201811102031,5,2,
Pattern Matcher : 65
201811102002,0,2,201811102027,3,2,multi: 1

boundary size: 1
boundary: POLYGON((-118.885 34.0902,-118.896 34.0812,-118.929 34.0902,-118.939 34.0902,-118.95 34.0902,-118.972 34.1174,-118.972 34.1264,-118.961 34.1355,-118.95 34.1355,-118.918 34.1355,-118.907 34.1264,-118.896 34.1083,-118.885 34.0993,-118.885 34.0902))
201811102031,5,2,
Pattern Matcher : 66
201811102102,0,2,201811102137,3,2,multi: 1

boundary size: 1
boundary: POLYGON((-118.691 34.0809,-118.702 34.0719,-118.712 34.0719,-118.734 34.0719,-118.745 34.072,-118.756 34.081,-118.756 34.0901,-118.745 34.0991,-118.712 34.09,-118.702 34.09,-118.691 34.0809))
201811102141,5,2,
Pattern Matcher : 67
201811102102,0,2,201811102138,3,2,multi: 1

boundary size: 1
boundary: POLYGON((-118.885 34.0902,-118.896 34.0812,-118.929 34.0902,-118.939 34.0902,-118.95 34.0902,-118.961 34.0902,-118.972 34.0902,-118.983 34.0902,-118.983 34.0993,-118.983 34.1083,-118.993 34.1445,-118.993 34.1536,-118.983 34.1626,-118.972 34.1626,-118.961 34.1536,-118.918 34.1355,-118.907 34.1264,-118.896 34.1083,-118.885 34.0993,-118.885 34.0902))
201811102141,5,2,
Pattern Matcher : 68
201811102203,0,2,201811102230,3,2,multi: 1

boundary size: 1
boundary: POLYGON((-118.918 34.0902,-118.929 34.0902,-118.939 34.0902,-118.95 34.0902,-118.961 34.0902,-118.972 34.0902,-118.983 34.0902,-118.983 34.0993,-118.983 34.1083,-118.972 34.1264,-118.961 34.1355,-118.95 34.1355,-118.939 34.1264,-118.929 34.1083,-118.918 34.0993,-118.918 34.0902))
201811102234,5,2,
Pattern Matcher : 69
201811102203,0,2,201811102230,3,2,multi: 1

boundary size: 0201811102237,5,2,
event stream queue is empty now!
perform 1loadshedding
eventCn 1499
#full Match 70
#high latecny (> 150)36
#NumPartialMatch 71
#NumDropedPM 0
#NumDropedInputEvents 0
avg latency: 1025
expression size: 0



********   Event Pattern    ********
TYPE Satellite {
    time,
    channelID,
    level,
    boundary
};

QUERY fail3
EVENT SEQ(Satellite c01,Satellite c07MinusC14,Satellite c16)
WHERE c01.boundary /\ c07MinusC14.boundary && c01.boundary /\ c16.boundary
    && c01.channelID == 0 && c07MinusC14.channelID == 3
    && c16.channelID == 5
    && c01.level == 2 && c07MinusC14.level == 2 && c16.level == 2
WITHIN 1h
RETURN Fire(c01.time,c01.channelID,c01.level,
    c07MinusC14.time,c07MinusC14.channelID,c07MinusC14.level,
    INTERSECT(c01.boundary,c07MinusC14.boundary,c16.boundary),
    c16.time,c16.channelID,c16.level
);