c06
c07MinusC14
c06
c16
c06
c07MinusC14
c16
c06
c07MinusC14
c16
c06
c06
c06
c07MinusC14
c07MinusC14
c07MinusC14
c06
c07MinusC14
c16
c16
c16
c16
Pattern Matcher : 0
201811082346,2,2,201811082359,3,2,multi: 1

boundary size: 1
boundary: POLYGON((-118.907 34.1807,-118.939 34.1807,-118.972 34.1897,-118.983 34.1897,-118.993 34.1897,-118.993 34.1988,-118.993 34.2078,-118.983 34.2259,-118.972 34.235,-118.961 34.235,-118.929 34.235,-118.907 34.2259,-118.885 34.1988,-118.896 34.1807,-118.907 34.1807))
201811082359,5,2,
Pattern Matcher : 1
201811082346,2,2,201811082359,3,2,201811082359,5,2,
Pattern Matcher : 2
201811090033,2,2,201811090045,3,2,multi: 1

boundary size: 1
boundary: POLYGON((-118.939 34.1807,-118.972 34.1897,-118.983 34.1897,-118.993 34.1897,-118.993 34.1988,-118.993 34.2078,-118.983 34.2259,-118.972 34.235,-118.961 34.235,-118.95 34.2259,-118.939 34.2078,-118.929 34.1988,-118.929 34.1897,-118.939 34.1807))
201811090055,5,2,
Pattern Matcher : 3
201811090033,2,2,201811090046,3,2,201811090055,5,2,
Pattern Matcher : 4
201811090033,2,2,201811090045,3,2,multi: 1

boundary size: 0201811090058,5,2,
Pattern Matcher : 5
201811090033,2,2,201811090046,3,2,201811090058,5,2,
Pattern Matcher : 6
201811090033,2,2,201811090045,3,2,multi: 1

boundary size: 0201811090058,5,2,
Pattern Matcher : 7
201811090033,2,2,201811090046,3,2,201811090058,5,2,
Pattern Matcher : 8
201811090608,2,2,201811090619,3,2,multi: 1

boundary size: 1
boundary: POLYGON((-118.723 34.1986,-118.734 34.1986,-118.745 34.1986,-118.766 34.1986,-118.777 34.1986,-118.788 34.2077,-118.788 34.2168,-118.777 34.2258,-118.745 34.2167,-118.734 34.2167,-118.723 34.2166,-118.723 34.2076,-118.723 34.1986))
201811090626,5,2,
Pattern Matcher : 9
201811090608,2,2,201811090621,3,2,201811090626,5,2,
Pattern Matcher : 10
201811090608,2,2,201811090619,3,2,multi: 1

boundary size: 0201811090628,5,2,
Pattern Matcher : 11
201811090608,2,2,201811090621,3,2,201811090628,5,2,
Pattern Matcher : 12
201811090608,2,2,201811090619,3,2,multi: 1

boundary size: 0201811090630,5,2,
Pattern Matcher : 13
201811090608,2,2,201811090621,3,2,201811090630,5,2,
Pattern Matcher : 14
201811090707,2,2,201811090718,3,2,multi: 1

boundary size: 1
boundary: POLYGON((-118.766 34.2439,-118.76 34.2438,-118.755 34.2438,-118.744 34.2348,-118.743 34.2343,-118.723 34.2166,-118.723 34.2076,-118.723 34.1986,-118.734 34.1805,-118.745 34.1715,-118.755 34.1715,-118.788 34.1715,-118.81 34.1806,-118.82 34.2077,-118.82 34.2168,-118.82 34.2258,-118.809 34.2258,-118.766 34.2439))
201811090723,5,2,
Pattern Matcher : 15
201811090707,2,2,201811090718,3,2,multi: 1

boundary size: 0201811090726,5,2,
Pattern Matcher : 16
201811090810,2,2,201811090820,3,2,multi: 1

boundary size: 1
boundary: POLYGON((-118.76 34.2438,-118.755 34.2438,-118.744 34.2348,-118.745 34.2257,-118.734 34.1895,-118.734 34.1805,-118.745 34.1715,-118.755 34.1715,-118.788 34.1715,-118.81 34.1806,-118.799 34.1987,-118.788 34.2168,-118.777 34.2258,-118.766 34.2439,-118.76 34.2438))
201811090826,5,2,
Pattern Matcher : 17
201811090810,2,2,201811090820,3,2,multi: 1

boundary size: 0201811090829,5,2,
Pattern Matcher : 18
201811090907,2,2,201811090917,3,2,multi: 1

boundary size: 0201811090924,5,2,
Pattern Matcher : 19
201811090907,2,2,201811090917,3,2,multi: 1

boundary size: 1
boundary: POLYGON((-118.796 34.2439,-118.788 34.2439,-118.777 34.2348,-118.734 34.2167,-118.723 34.2166,-118.723 34.2076,-118.723 34.1986,-118.712 34.1625,-118.712 34.1624,-118.723 34.1443,-118.734 34.1443,-118.766 34.1444,-118.788 34.1534,-118.788 34.1625,-118.788 34.2077,-118.799 34.2258,-118.809 34.2349,-118.809 34.2439,-118.796 34.2439))
201811090927,5,2,
Pattern Matcher : 20
201811090907,2,2,201811090917,3,2,multi: 1

boundary size: 0201811090930,5,2,
Pattern Matcher : 21
201811090907,2,2,201811090917,3,2,multi: 1

boundary size: 0201811090932,5,2,
Pattern Matcher : 22
201811091008,2,2,201811091013,3,2,multi: 1

boundary size: 1
boundary: POLYGON((-118.788 34.1534,-118.788 34.1534,-118.805 34.164,-118.831 34.1806,-118.831 34.1806,-118.831 34.1806,-118.842 34.1806,-118.864 34.2078,-118.864 34.2168,-118.853 34.2259,-118.836 34.2329,-118.809 34.2439,-118.796 34.2439,-118.788 34.2439,-118.777 34.2348,-118.755 34.2167,-118.734 34.1895,-118.712 34.1625,-118.712 34.1624,-118.723 34.1443,-118.734 34.1443,-118.766 34.1444,-118.788 34.1534))
201811091022,5,2,
Pattern Matcher : 23
201811091008,2,2,201811091013,3,2,multi: 1

boundary size: 0201811091024,5,2,
Pattern Matcher : 24
201811091008,2,2,201811091013,3,2,multi: 1

boundary size: 0201811091025,5,2,
Pattern Matcher : 25
201811091107,2,2,201811091116,3,2,multi: 1

boundary size: 1
boundary: POLYGON((-118.831 34.1806,-118.831 34.1806,-118.842 34.1806,-118.864 34.2078,-118.864 34.2168,-118.853 34.2259,-118.853 34.2259,-118.842 34.2259,-118.82 34.2258,-118.809 34.2258,-118.799 34.2168,-118.788 34.1987,-118.777 34.1896,-118.723 34.1895,-118.712 34.1895,-118.701 34.1895,-118.701 34.1719,-118.701 34.1714,-118.712 34.1714,-118.723 34.1714,-118.788 34.1715,-118.82 34.1806,-118.831 34.1806))
201811091123,5,2,
Pattern Matcher : 26
201811091107,2,2,201811091116,3,2,multi: 1

boundary size: 0201811091125,5,2,
Pattern Matcher : 27
201811091107,2,2,201811091116,3,2,multi: 1

boundary size: 0201811091128,5,2,
Pattern Matcher : 28
201811091107,2,2,201811091116,3,2,multi: 1

boundary size: 0201811091130,5,2,
Pattern Matcher : 29
201811091208,2,2,201811091219,3,2,multi: 1

boundary size: 1
boundary: POLYGON((-118.809 34.2258,-118.803 34.2205,-118.799 34.2168,-118.797 34.2161,-118.755 34.1986,-118.723 34.1896,-118.723 34.1895,-118.719 34.1895,-118.712 34.1895,-118.701 34.1895,-118.688 34.172,-118.68 34.1623,-118.68 34.1532,-118.68 34.1442,-118.691 34.1442,-118.701 34.1442,-118.712 34.1533,-118.723 34.1714,-118.81 34.1896,-118.82 34.1806,-118.831 34.1806,-118.842 34.1806,-118.842 34.1897,-118.842 34.1987,-118.82 34.2258,-118.809 34.2258))
201811091229,5,2,
Pattern Matcher : 30
201811091308,2,2,201811091323,3,2,multi: 1

boundary size: 0201811091329,5,2,
Pattern Matcher : 31
201811091308,2,2,201811091323,3,2,multi: 1

boundary size: 1
boundary: POLYGON((-118.712 34.1173,-118.723 34.1262,-118.734 34.1443,-118.745 34.1534,-118.745 34.1624,-118.734 34.1714,-118.712 34.1624,-118.701 34.1364,-118.701 34.1352,-118.702 34.1305,-118.702 34.1261,-118.707 34.1215,-118.712 34.1173))
201811091331,5,2,
Pattern Matcher : 32
201811091308,2,2,201811091323,3,2,multi: 1

boundary size: 0201811091334,5,2,
Pattern Matcher : 33
201811091407,2,2,201811091419,3,2,multi: 1

boundary size: 1
boundary: POLYGON((-118.712 34.1172,-118.745 34.1262,-118.756 34.1262,-118.766 34.1353,-118.756 34.1443,-118.745 34.1443,-118.712 34.1443,-118.702 34.1358,-118.701 34.1352,-118.702 34.1305,-118.702 34.1261,-118.707 34.1215,-118.712 34.1172))
201811091428,5,2,
Pattern Matcher : 34
201811091407,2,2,201811091419,3,2,multi: 1

boundary size: 0201811091431,5,2,
Pattern Matcher : 35
201811091407,2,2,201811091419,3,2,multi: 1

boundary size: 0201811091434,5,2,
Pattern Matcher : 36
201811091547,2,2,201811091551,3,2,multi: 1

boundary size: 1
boundary: POLYGON((-118.723 34.0991,-118.734 34.0991,-118.756 34.0991,-118.766 34.0991,-118.777 34.1082,-118.799 34.1263,-118.82 34.1535,-118.82 34.1625,-118.82 34.1716,-118.81 34.1716,-118.799 34.1715,-118.756 34.1443,-118.745 34.1443,-118.712 34.1443,-118.701 34.1352,-118.702 34.1261,-118.712 34.099,-118.723 34.0991))
201811091557,5,2,
Pattern Matcher : 37
201811091547,2,2,201811091551,3,2,multi: 1

boundary size: 0201811091558,5,2,
Pattern Matcher : 38
201811091608,2,2,201811091631,3,2,multi: 1

boundary size: 1
boundary: POLYGON((-118.745 34.072,-118.777 34.072,-118.81 34.0811,-118.821 34.0811,-118.831 34.0811,-118.853 34.1083,-118.853 34.1173,-118.853 34.1264,-118.842 34.1264,-118.799 34.1444,-118.799 34.2258,-118.809 34.2349,-118.809 34.2439,-118.799 34.2439,-118.788 34.2439,-118.766 34.2439,-118.755 34.2438,-118.744 34.2348,-118.745 34.2257,-118.745 34.1443,-118.734 34.1353,-118.723 34.1171,-118.712 34.1081,-118.712 34.099,-118.734 34.0719,-118.745 34.072))
201811091641,5,2,
Pattern Matcher : 39
201811091608,2,2,201811091631,3,2,multi: 1

boundary size: 0201811091644,5,2,
Pattern Matcher : 40
201811091608,2,2,201811091631,3,2,multi: 1

boundary size: 0201811091645,5,2,
Pattern Matcher : 41
201811091708,2,2,201811091737,3,2,multi: 1

boundary size: 1
boundary: POLYGON((-118.799 34.054,-118.81 34.054,-118.831 34.054,-118.842 34.054,-118.853 34.0631,-118.864 34.0812,-118.875 34.0902,-118.885 34.1083,-118.896 34.1174,-118.896 34.1264,-118.885 34.1264,-118.842 34.1445,-118.831 34.1535,-118.82 34.1716,-118.809 34.2349,-118.82 34.253,-118.831 34.262,-118.831 34.2711,-118.82 34.2711,-118.809 34.2711,-118.799 34.262,-118.755 34.2438,-118.744 34.2348,-118.69 34.2347,-118.68 34.2437,-118.669 34.2346,-118.669 34.2256,-118.669 34.2165,-118.68 34.1985,-118.701 34.1714,-118.701 34.1352,-118.702 34.1261,-118.712 34.099,-118.734 34.0719,-118.745 34.072,-118.788 34.0539,-118.799 34.054))
201811091751,5,2,
Pattern Matcher : 42
201811091711,2,2,201811091737,3,2,201811091751,5,2,
Pattern Matcher : 43
201811091713,2,2,201811091737,3,2,201811091751,5,2,
Pattern Matcher : 44
201811091714,2,2,201811091737,3,2,201811091751,5,2,
Pattern Matcher : 45
201811091717,2,2,201811091737,3,2,201811091751,5,2,
Pattern Matcher : 46
201811091719,2,2,201811091737,3,2,201811091751,5,2,
Pattern Matcher : 47
201811091708,2,2,201811091737,3,2,multi: 1

boundary size: 0201811091753,5,2,
Pattern Matcher : 48
201811091711,2,2,201811091737,3,2,201811091753,5,2,
Pattern Matcher : 49
201811091713,2,2,201811091737,3,2,201811091753,5,2,
Pattern Matcher : 50
201811091714,2,2,201811091737,3,2,201811091753,5,2,
Pattern Matcher : 51
201811091717,2,2,201811091737,3,2,201811091753,5,2,
Pattern Matcher : 52
201811091719,2,2,201811091737,3,2,201811091753,5,2,
Pattern Matcher : 53
201811091808,2,2,201811091831,3,2,multi: 1

boundary size: 1
boundary: POLYGON((-118.878 34.0554,-118.9 34.1163,-118.896 34.1264,-118.874 34.1535,-118.864 34.1535,-118.831 34.1535,-118.809 34.2349,-118.809 34.2439,-118.799 34.2439,-118.788 34.2439,-118.766 34.2439,-118.755 34.2438,-118.744 34.2348,-118.69 34.2347,-118.68 34.2437,-118.669 34.2346,-118.669 34.2256,-118.669 34.2165,-118.68 34.1985,-118.701 34.1352,-118.702 34.1261,-118.712 34.099,-118.734 34.0719,-118.745 34.0539,-118.756 34.0539,-118.767 34.0539,-118.777 34.0539,-118.788 34.0539,-118.799 34.054,-118.81 34.054,-118.831 34.054,-118.842 34.054,-118.875 34.054,-118.878 34.0554))
201811091836,5,2,
Pattern Matcher : 54
201811091809,2,2,201811091831,3,2,201811091836,5,2,
Pattern Matcher : 55
201811091811,2,2,201811091831,3,2,201811091836,5,2,
Pattern Matcher : 56
201811091813,2,2,201811091831,3,2,201811091836,5,2,
Pattern Matcher : 57
201811091814,2,2,201811091831,3,2,201811091836,5,2,
Pattern Matcher : 58
201811091911,2,2,201811091925,3,2,multi: 1

boundary size: 1
boundary: POLYGON((-118.878 34.0396,-118.875 34.045,-118.885 34.1083,-118.896 34.1174,-118.925 34.1295,-118.918 34.1355,-118.874 34.1535,-118.842 34.1987,-118.831 34.1987,-118.82 34.1987,-118.81 34.1896,-118.799 34.1715,-118.712 34.2076,-118.701 34.2166,-118.69 34.2347,-118.68 34.2437,-118.669 34.2346,-118.669 34.2256,-118.669 34.2165,-118.68 34.1985,-118.712 34.1081,-118.712 34.099,-118.734 34.0719,-118.745 34.0539,-118.767 34.0268,-118.777 34.0268,-118.788 34.0268,-118.81 34.0268,-118.821 34.0268,-118.853 34.0269,-118.875 34.0359,-118.878 34.0396))
201811091930,5,2,
Pattern Matcher : 59
201811091914,2,2,201811091925,3,2,201811091930,5,2,
Pattern Matcher : 60
201811091916,2,2,201811091925,3,2,201811091930,5,2,
Pattern Matcher : 61
201811091917,2,2,201811091925,3,2,201811091930,5,2,
Pattern Matcher : 62
201811091919,2,2,201811091925,3,2,201811091930,5,2,
Pattern Matcher : 63
201811092009,2,2,201811092031,3,2,multi: 1

boundary size: 1
boundary: POLYGON((-118.887 34.0573,-118.896 34.0812,-118.907 34.0902,-118.933 34.1083,-118.929 34.1083,-118.896 34.1083,-118.853 34.1264,-118.82 34.1716,-118.81 34.1716,-118.799 34.1715,-118.734 34.2257,-118.734 34.2348,-118.723 34.2438,-118.68 34.2437,-118.669 34.2346,-118.658 34.2165,-118.647 34.2074,-118.647 34.1984,-118.658 34.1894,-118.68 34.1442,-118.691 34.0809,-118.702 34.0719,-118.745 34.0539,-118.767 34.0268,-118.788 34.0087,-118.799 33.9997,-118.81 34.0087,-118.821 34.0268,-118.831 34.0359,-118.875 34.054,-118.887 34.0573))
201811092035,5,2,
Pattern Matcher : 64
201811092011,2,2,201811092031,3,2,201811092035,5,2,
Pattern Matcher : 65
201811092014,2,2,201811092031,3,2,201811092035,5,2,
Pattern Matcher : 66
201811092015,2,2,201811092031,3,2,201811092035,5,2,
Pattern Matcher : 67
201811092016,2,2,201811092031,3,2,201811092035,5,2,
Pattern Matcher : 68
201811092128,2,2,201811092142,3,2,multi: 1

boundary size: 1
boundary: POLYGON((-118.972 34.072,-118.972 34.0721,-118.972 34.0722,-118.961 34.0812,-118.95 34.0993,-118.939 34.1083,-118.929 34.1083,-118.896 34.1083,-118.853 34.1264,-118.842 34.1264,-118.831 34.1173,-118.777 34.1172,-118.766 34.1263,-118.712 34.1533,-118.712 34.1985,-118.712 34.2076,-118.701 34.2166,-118.69 34.2347,-118.68 34.2437,-118.669 34.2346,-118.658 34.2165,-118.647 34.2074,-118.647 34.1984,-118.658 34.1803,-118.68 34.1442,-118.691 34.0809,-118.702 34.0719,-118.712 34.0719,-118.767 34.0268,-118.777 34.0268,-118.788 34.0268,-118.81 34.0268,-118.821 34.0268,-118.831 34.0359,-118.885 34.0359,-118.896 34.036,-118.907 34.036,-118.95 34.0631,-118.961 34.0631,-118.972 34.072))
201811092151,5,2,
Pattern Matcher : 69
201811092243,2,2,201811092259,3,2,multi: 1

boundary size: 1
boundary: POLYGON((-118.988 34.0992,-118.983 34.1083,-118.972 34.1264,-118.961 34.1355,-118.95 34.1355,-118.918 34.1355,-118.907 34.1264,-118.896 34.1083,-118.885 34.0993,-118.875 34.0812,-118.864 34.0721,-118.777 34.1082,-118.777 34.1172,-118.766 34.1353,-118.756 34.1443,-118.745 34.1443,-118.712 34.1443,-118.69 34.2256,-118.69 34.2347,-118.68 34.2437,-118.669 34.2346,-118.658 34.2165,-118.647 34.2074,-118.647 34.1984,-118.658 34.1894,-118.701 34.1352,-118.702 34.1261,-118.691 34.0809,-118.702 34.0719,-118.712 34.0719,-118.767 34.0268,-118.777 34.0268,-118.788 34.0268,-118.81 34.0268,-118.821 34.0268,-118.831 34.0359,-118.885 34.0359,-118.896 34.036,-118.939 34.036,-118.95 34.045,-118.961 34.0631,-118.972 34.0721,-118.988 34.0992))
201811092259,5,2,
Pattern Matcher : 70
201811092243,2,2,201811092259,3,2,multi: 1

boundary size: 0201811092259,5,2,
Pattern Matcher : 71
201811092243,2,2,201811092259,3,2,multi: 1

boundary size: 0201811092259,5,2,
Pattern Matcher : 72
201811092357,2,2,201811092359,3,2,multi: 1

boundary size: 1
boundary: POLYGON((-118.799 33.9997,-118.81 34.0087,-118.81 34.0178,-118.799 34.0268,-118.756 34.081,-118.756 34.0901,-118.745 34.1172,-118.723 34.1352,-118.712 34.1443,-118.701 34.1352,-118.691 34.1171,-118.68 34.108,-118.68 34.099,-118.691 34.0899,-118.734 34.0719,-118.788 34.0178,-118.788 34.0087,-118.799 33.9997))
201811092359,5,2,
Pattern Matcher : 73
201811092358,2,2,201811092359,3,2,multi: 1

boundary size: 1
boundary: POLYGON((-118.972 34.036,-118.983 34.045,-118.993 34.0631,-119.004 34.0721,-119.004 34.0812,-118.993 34.0902,-118.95 34.0993,-118.939 34.1083,-118.929 34.1083,-118.896 34.1083,-118.885 34.0993,-118.885 34.0902,-118.896 34.0812,-118.918 34.045,-118.929 34.036,-118.939 34.036,-118.972 34.036))
201811092359,5,2,
Pattern Matcher : 74
201811100020,2,2,201811100031,3,2,multi: 1

boundary size: 1
boundary: POLYGON((-118.993 34.0631,-119.004 34.0721,-119.004 34.0812,-118.993 34.0902,-118.983 34.1083,-118.972 34.1083,-118.961 34.1083,-118.939 34.0812,-118.939 34.0721,-118.939 34.0631,-118.95 34.0631,-118.961 34.0631,-118.983 34.0631,-118.993 34.0631))
201811100041,5,2,
Pattern Matcher : 75
201811100022,2,2,201811100031,3,2,multi: 1

boundary size: 1
boundary: POLYGON((-118.712 34.1081,-118.712 34.099,-118.723 34.0991,-118.734 34.0991,-118.745 34.1081,-118.745 34.1172,-118.734 34.1172,-118.723 34.1171,-118.712 34.1081))
201811100041,5,2,
Pattern Matcher : 76
201811100020,2,2,201811100031,3,2,multi: 1

boundary size: 0201811100043,5,2,
Pattern Matcher : 77
201811100022,2,2,201811100031,3,2,multi: 1

boundary size: 0201811100043,5,2,
Pattern Matcher : 78
201811100020,2,2,201811100031,3,2,multi: 1

boundary size: 0201811100046,5,2,
Pattern Matcher : 79
201811100022,2,2,201811100031,3,2,multi: 1

boundary size: 0201811100046,5,2,
Pattern Matcher : 80
201811100020,2,2,201811100031,3,2,multi: 1

boundary size: 0201811100048,5,2,
Pattern Matcher : 81
201811100022,2,2,201811100031,3,2,multi: 1

boundary size: 0201811100048,5,2,
Pattern Matcher : 82
201811100108,2,2,201811100123,3,2,multi: 1

boundary size: 1
boundary: POLYGON((-118.993 34.0631,-119.004 34.0721,-119.004 34.0812,-118.993 34.0902,-118.972 34.0812,-118.983 34.0631,-118.993 34.0631))
201811100131,5,2,
Pattern Matcher : 83
201811100109,2,2,201811100123,3,2,multi: 1

boundary size: 1
boundary: POLYGON((-118.756 34.0901,-118.745 34.0991,-118.734 34.09,-118.734 34.081,-118.734 34.0719,-118.745 34.072,-118.756 34.081,-118.756 34.0901))
201811100131,5,2,
Pattern Matcher : 84
201811100206,2,2,201811100221,3,2,multi: 1

boundary size: 1
boundary: POLYGON((-118.723 34.0448,-118.734 34.0538,-118.745 34.072,-118.756 34.081,-118.756 34.0901,-118.745 34.0991,-118.734 34.09,-118.723 34.0719,-118.713 34.0629,-118.713 34.0538,-118.723 34.0448))
201811100226,5,2,
Pattern Matcher : 85
201811100209,2,2,201811100221,3,2,multi: 1

boundary size: 1
boundary: POLYGON((-119.004 34.0721,-119.015 34.0902,-119.026 34.0993,-119.026 34.1083,-119.015 34.1174,-118.983 34.1083,-118.972 34.1083,-118.961 34.1083,-118.939 34.1083,-118.929 34.1083,-118.918 34.0993,-118.918 34.0902,-118.939 34.0631,-118.95 34.0631,-118.961 34.0631,-118.983 34.0631,-118.993 34.0631,-119.004 34.0721))
201811100226,5,2,
Pattern Matcher : 86
201811100308,2,2,201811100317,3,2,multi: 1

boundary size: 1
boundary: POLYGON((-118.939 34.0631,-118.95 34.0631,-118.961 34.0631,-118.972 34.0721,-118.983 34.0902,-118.983 34.1083,-118.972 34.1083,-118.961 34.1083,-118.939 34.0812,-118.939 34.0721,-118.939 34.0631))
201811100323,5,2,
Pattern Matcher : 87
201811100308,2,2,201811100317,3,2,multi: 1

boundary size: 0201811100326,5,2,
Pattern Matcher : 88
201811100410,2,2,201811100421,3,2,multi: 1

boundary size: 1
boundary: POLYGON((-118.713 34.0538,-118.723 34.0448,-118.756 34.0539,-118.767 34.0539,-118.777 34.0539,-118.777 34.063,-118.767 34.072,-118.756 34.072,-118.723 34.0719,-118.713 34.0629,-118.713 34.0538))
201811100430,5,2,
Pattern Matcher : 89
201811100411,2,2,201811100421,3,2,201811100430,5,2,
Pattern Matcher : 90
201811100410,2,2,201811100422,3,2,201811100430,5,2,
Pattern Matcher : 91
201811100411,2,2,201811100422,3,2,multi: 1

boundary size: 1
boundary: POLYGON((-118.983 34.0902,-118.983 34.0993,-118.983 34.1083,-118.972 34.1083,-118.961 34.1083,-118.939 34.1083,-118.929 34.1083,-118.918 34.0993,-118.918 34.0902,-118.929 34.0902,-118.939 34.0902,-118.95 34.0902,-118.961 34.0902,-118.972 34.0902,-118.983 34.0902))
201811100430,5,2,
Pattern Matcher : 92
201811100410,2,2,201811100421,3,2,multi: 1

boundary size: 0201811100432,5,2,
Pattern Matcher : 93
201811100411,2,2,201811100421,3,2,201811100432,5,2,
Pattern Matcher : 94
201811100410,2,2,201811100422,3,2,201811100432,5,2,
Pattern Matcher : 95
201811100411,2,2,201811100422,3,2,multi: 1

boundary size: 0201811100432,5,2,
Pattern Matcher : 96
201811100506,2,2,201811100515,3,2,multi: 1

boundary size: 1
boundary: POLYGON((-118.756 34.0899,-118.756 34.0901,-118.745 34.0991,-118.738 34.0971,-118.712 34.09,-118.702 34.09,-118.691 34.0809,-118.702 34.0719,-118.713 34.0538,-118.723 34.0448,-118.734 34.0538,-118.745 34.072,-118.756 34.081,-118.756 34.0899))
201811100527,5,2,
Pattern Matcher : 97
201811100506,2,2,201811100515,3,2,multi: 1

boundary size: 0201811100530,5,2,
Pattern Matcher : 98
201811100506,2,2,201811100515,3,2,multi: 1

boundary size: 0201811100533,5,2,
Pattern Matcher : 99
201811100610,2,2,201811100620,3,2,multi: 1

boundary size: 1
boundary: POLYGON((-118.773 34.0665,-118.767 34.072,-118.756 34.0901,-118.745 34.099,-118.734 34.09,-118.723 34.0719,-118.713 34.0629,-118.702 34.0447,-118.691 34.0357,-118.691 34.0266,-118.702 34.0176,-118.734 34.0267,-118.745 34.0267,-118.756 34.0268,-118.777 34.0539,-118.777 34.063,-118.773 34.0665))
201811100628,5,2,
Pattern Matcher : 100
201811100610,2,2,201811100620,3,2,multi: 1

boundary size: 0201811100629,5,2,
Pattern Matcher : 101
201811100707,2,2,201811100723,3,2,multi: 1

boundary size: 1
boundary: POLYGON((-118.773 34.0665,-118.767 34.072,-118.767 34.072,-118.756 34.072,-118.723 34.0719,-118.713 34.0629,-118.702 34.0447,-118.691 34.0357,-118.691 34.0266,-118.702 34.0176,-118.723 34.0267,-118.767 34.0539,-118.777 34.0539,-118.777 34.063,-118.773 34.0665))
201811100728,5,2,
Pattern Matcher : 102
201811101808,2,2,201811101827,3,2,201811101832,5,2,
Pattern Matcher : 103
201811101809,2,2,201811101827,3,2,201811101832,5,2,
Pattern Matcher : 104
201811101812,2,2,201811101827,3,2,201811101832,5,2,
Pattern Matcher : 105
201811101814,2,2,201811101827,3,2,201811101832,5,2,
Pattern Matcher : 106
201811101808,2,2,201811101827,3,2,201811101834,5,2,
Pattern Matcher : 107
201811101809,2,2,201811101827,3,2,201811101834,5,2,
Pattern Matcher : 108
201811101812,2,2,201811101827,3,2,201811101834,5,2,
Pattern Matcher : 109
201811101814,2,2,201811101827,3,2,201811101834,5,2,
Pattern Matcher : 110
201811101909,2,2,201811101921,3,2,201811101924,5,2,
Pattern Matcher : 111
201811101912,2,2,201811101921,3,2,201811101924,5,2,
Pattern Matcher : 112
201811101914,2,2,201811101921,3,2,201811101924,5,2,
Pattern Matcher : 113
201811101909,2,2,201811101921,3,2,201811101925,5,2,
Pattern Matcher : 114
201811101912,2,2,201811101921,3,2,201811101925,5,2,
Pattern Matcher : 115
201811101914,2,2,201811101921,3,2,201811101925,5,2,
Pattern Matcher : 116
201811102010,2,2,201811102025,3,2,201811102031,5,2,
Pattern Matcher : 117
201811102013,2,2,201811102025,3,2,201811102031,5,2,
Pattern Matcher : 118
201811102015,2,2,201811102025,3,2,201811102031,5,2,
Pattern Matcher : 119
201811102010,2,2,201811102027,3,2,multi: 1

boundary size: 1
boundary: POLYGON((-118.972 34.1174,-118.972 34.1264,-118.961 34.1355,-118.95 34.1355,-118.918 34.1355,-118.907 34.1264,-118.907 34.1174,-118.907 34.1083,-118.918 34.1083,-118.95 34.1083,-118.972 34.1174))
201811102031,5,2,
Pattern Matcher : 120
201811102013,2,2,201811102027,3,2,201811102031,5,2,
Pattern Matcher : 121
201811102015,2,2,201811102027,3,2,201811102031,5,2,
Pattern Matcher : 122
201811102121,2,2,201811102137,3,2,201811102141,5,2,
Pattern Matcher : 123
201811102121,2,2,201811102138,3,2,multi: 1

boundary size: 1
boundary: POLYGON((-118.929 34.0902,-118.939 34.0902,-118.95 34.0902,-118.972 34.1174,-118.972 34.1264,-118.961 34.1355,-118.95 34.1355,-118.939 34.1264,-118.929 34.1083,-118.918 34.0993,-118.918 34.0902,-118.929 34.0902))
201811102141,5,2,
event stream queue is empty now!
perform 1loadshedding
eventCn 1499
#full Match 124
#high latecny (> 150)46
#NumPartialMatch 124
#NumDropedPM 0
#NumDropedInputEvents 0
avg latency: 742
expression size: 0



********   Event Pattern    ********
TYPE Satellite {
    time,
    channelID,
    level,
    boundary
};

QUERY fail3
EVENT SEQ(Satellite c06,Satellite c07MinusC14,Satellite c16)
WHERE c06.boundary /\ c07MinusC14.boundary && c06.boundary /\ c16.boundary
    && c06.channelID == 2 && c07MinusC14.channelID == 3
    && c16.channelID == 5
    && c06.level == 2 && c07MinusC14.level == 2 && c16.level == 2
WITHIN 1h
RETURN Fire(c06.time,c06.channelID,c06.level,
    c07MinusC14.time,c07MinusC14.channelID,c07MinusC14.level,
    INTERSECT(c06.boundary,c07MinusC14.boundary,c16.boundary),
    c16.time,c16.channelID,c16.level
);