c01
c07
c01
c07MinusC14
c01
c07MinusC14
c07
c01
c07MinusC14
c07
c01
c01
c01
c07MinusC14
c07MinusC14
c07MinusC14
c01
c07MinusC14
c07
c07
c07
c07
Pattern Matcher : 0
201811082316,0,2,201811082359,3,2,multi: 1

boundary size: 1
boundary: POLYGON((-118.896 34.1807,-118.907 34.1807,-118.939 34.1807,-118.972 34.1897,-118.983 34.1897,-118.983 34.1897,-118.993 34.1897,-119.015 34.2169,-119.015 34.2259,-119.015 34.235,-119.004 34.235,-118.993 34.235,-118.972 34.235,-118.961 34.235,-118.929 34.235,-118.907 34.2259,-118.885 34.1989,-118.885 34.1988,-118.896 34.1807))
201811082359,6,2,
Pattern Matcher : 1
201811082317,0,2,201811082359,3,2,201811082359,6,2,
Pattern Matcher : 2
201811082318,0,2,201811082359,3,2,201811082359,6,2,
Pattern Matcher : 3
201811082319,0,2,201811082359,3,2,201811082359,6,2,
Pattern Matcher : 4
201811082322,0,2,201811082359,3,2,201811082359,6,2,
Pattern Matcher : 5
201811082325,0,2,201811082359,3,2,201811082359,6,2,
Pattern Matcher : 6
201811082326,0,2,201811082359,3,2,201811082359,6,2,
Pattern Matcher : 7
201811082316,0,2,201811082359,3,2,multi: 1

boundary size: 0201811082359,6,2,
Pattern Matcher : 8
201811082317,0,2,201811082359,3,2,201811082359,6,2,
Pattern Matcher : 9
201811082318,0,2,201811082359,3,2,201811082359,6,2,
Pattern Matcher : 10
201811082319,0,2,201811082359,3,2,201811082359,6,2,
Pattern Matcher : 11
201811082322,0,2,201811082359,3,2,201811082359,6,2,
Pattern Matcher : 12
201811082325,0,2,201811082359,3,2,201811082359,6,2,
Pattern Matcher : 13
201811082326,0,2,201811082359,3,2,201811082359,6,2,
Pattern Matcher : 14
201811082316,0,2,201811082359,3,2,multi: 1

boundary size: 0201811082359,6,2,
Pattern Matcher : 15
201811082317,0,2,201811082359,3,2,201811082359,6,2,
Pattern Matcher : 16
201811082318,0,2,201811082359,3,2,201811082359,6,2,
Pattern Matcher : 17
201811082319,0,2,201811082359,3,2,201811082359,6,2,
Pattern Matcher : 18
201811082322,0,2,201811082359,3,2,201811082359,6,2,
Pattern Matcher : 19
201811082325,0,2,201811082359,3,2,201811082359,6,2,
Pattern Matcher : 20
201811082326,0,2,201811082359,3,2,201811082359,6,2,
Pattern Matcher : 21
201811082316,0,2,201811082359,3,2,multi: 1

boundary size: 1
boundary: POLYGON((-118.734 34.2262,-118.734 34.2348,-118.723 34.2438,-118.723 34.2212,-118.734 34.2257,-118.734 34.2262))
201811082359,6,2,
Pattern Matcher : 22
201811082317,0,2,201811082359,3,2,201811082359,6,2,
Pattern Matcher : 23
201811082318,0,2,201811082359,3,2,201811082359,6,2,
Pattern Matcher : 24
201811082319,0,2,201811082359,3,2,201811082359,6,2,
Pattern Matcher : 25
201811082322,0,2,201811082359,3,2,201811082359,6,2,
Pattern Matcher : 26
201811082325,0,2,201811082359,3,2,201811082359,6,2,
Pattern Matcher : 27
201811082326,0,2,201811082359,3,2,201811082359,6,2,
Pattern Matcher : 28
201811090004,0,2,201811090045,3,2,201811090039,6,2,
Pattern Matcher : 29
201811090006,0,2,201811090045,3,2,201811090039,6,2,
Pattern Matcher : 30
201811090004,0,2,201811090045,3,2,201811090041,6,2,
Pattern Matcher : 31
201811090006,0,2,201811090045,3,2,201811090041,6,2,
Pattern Matcher : 32
201811090004,0,2,201811090046,3,2,201811090039,6,2,
Pattern Matcher : 33
201811090006,0,2,201811090046,3,2,201811090039,6,2,
Pattern Matcher : 34
201811090004,0,2,201811090046,3,2,201811090041,6,2,
Pattern Matcher : 35
201811090006,0,2,201811090046,3,2,201811090041,6,2,
Pattern Matcher : 36
201811091510,0,2,201811091551,3,2,multi: 1

boundary size: 1
boundary: POLYGON((-118.792 34.1203,-118.799 34.1263,-118.799 34.1266,-118.804 34.1323,-118.799 34.1354,-118.788 34.1353,-118.777 34.1172,-118.788 34.1173,-118.792 34.1203))
201811091549,6,2,
Pattern Matcher : 37
201811091602,0,2,201811091631,3,2,multi: 1

boundary size: 1
boundary: POLYGON((-118.734 34.0719,-118.745 34.072,-118.777 34.072,-118.81 34.0811,-118.821 34.0811,-118.831 34.0811,-118.853 34.1083,-118.853 34.1173,-118.853 34.1264,-118.842 34.1445,-118.842 34.1806,-118.842 34.1897,-118.842 34.1987,-118.809 34.2439,-118.788 34.271,-118.777 34.271,-118.768 34.2637,-118.766 34.2619,-118.766 34.2619,-118.766 34.2619,-118.723 34.2438,-118.723 34.2438,-118.723 34.2438,-118.68 34.2437,-118.669 34.2346,-118.669 34.2256,-118.669 34.2165,-118.68 34.1985,-118.701 34.1714,-118.701 34.1352,-118.702 34.1261,-118.712 34.099,-118.734 34.072,-118.734 34.0719,-118.734 34.0719))
201811091626,6,2,
Pattern Matcher : 38
201811091701,0,2,201811091737,3,2,multi: 1

boundary size: 0201811091724,6,2,
Pattern Matcher : 39
201811091701,0,2,201811091737,3,2,multi: 1

boundary size: 1
boundary: POLYGON((-118.767 34.0539,-118.767 34.0539,-118.777 34.0539,-118.788 34.0539,-118.799 34.054,-118.81 34.054,-118.831 34.054,-118.842 34.054,-118.875 34.054,-118.896 34.0631,-118.939 34.0902,-118.95 34.0902,-118.95 34.0993,-118.939 34.1083,-118.896 34.1264,-118.874 34.1535,-118.842 34.1987,-118.831 34.262,-118.831 34.2711,-118.82 34.2711,-118.809 34.2711,-118.788 34.271,-118.777 34.271,-118.766 34.2619,-118.755 34.2438,-118.744 34.2348,-118.69 34.2347,-118.68 34.2437,-118.669 34.2346,-118.658 34.2165,-118.655 34.2143,-118.647 34.2074,-118.647 34.1984,-118.647 34.1982,-118.658 34.1894,-118.68 34.1442,-118.691 34.0809,-118.702 34.0719,-118.745 34.0539,-118.764 34.0539,-118.767 34.0539,-118.767 34.0539))
201811091727,6,2,
Pattern Matcher : 40
201811091701,0,2,201811091737,3,2,multi: 1

boundary size: 0201811091728,6,2,
Pattern Matcher : 41
201811091701,0,2,201811091737,3,2,multi: 1

boundary size: 0201811091729,6,2,
Pattern Matcher : 42
201811091701,0,2,201811091737,3,2,multi: 1

boundary size: 0201811091731,6,2,
Pattern Matcher : 43
201811091701,0,2,201811091737,3,2,multi: 1

boundary size: 0201811091733,6,2,
Pattern Matcher : 44
201811091801,0,2,201811091831,3,2,multi: 1

boundary size: 1
boundary: POLYGON((-118.944 34.0822,-118.95 34.0902,-118.961 34.1041,-118.972 34.1174,-118.972 34.1176,-118.972 34.1264,-118.961 34.1355,-118.918 34.1536,-118.896 34.1716,-118.885 34.1807,-118.831 34.262,-118.831 34.2711,-118.82 34.2711,-118.809 34.2711,-118.788 34.271,-118.777 34.271,-118.766 34.2619,-118.755 34.2438,-118.744 34.2348,-118.69 34.2347,-118.68 34.2437,-118.669 34.2346,-118.669 34.2256,-118.669 34.2165,-118.68 34.1985,-118.701 34.1352,-118.702 34.1261,-118.691 34.0809,-118.702 34.0719,-118.713 34.0538,-118.723 34.0448,-118.767 34.0268,-118.777 34.0268,-118.788 34.0268,-118.81 34.0268,-118.821 34.0268,-118.853 34.0269,-118.875 34.0359,-118.918 34.0631,-118.929 34.0631,-118.929 34.0631,-118.944 34.0822))
201811091817,6,2,
Pattern Matcher : 45
201811091801,0,2,201811091831,3,2,multi: 1

boundary size: 0201811091819,6,2,
Pattern Matcher : 46
201811091801,0,2,201811091831,3,2,multi: 1

boundary size: 0201811091821,6,2,
Pattern Matcher : 47
201811091801,0,2,201811091831,3,2,multi: 1

boundary size: 0201811091824,6,2,
Pattern Matcher : 48
201811091801,0,2,201811091831,3,2,multi: 1

boundary size: 0201811091826,6,2,
Pattern Matcher : 49
201811091903,0,2,201811091925,3,2,multi: 1

boundary size: 1
boundary: POLYGON((-118.961 34.0632,-118.972 34.0721,-118.983 34.0902,-118.983 34.0993,-118.983 34.1083,-118.983 34.1086,-118.972 34.1264,-118.961 34.1355,-118.95 34.1355,-118.918 34.1355,-118.874 34.1535,-118.842 34.1987,-118.809 34.2439,-118.799 34.2439,-118.788 34.2439,-118.777 34.2348,-118.69 34.2347,-118.68 34.2437,-118.669 34.2346,-118.658 34.2165,-118.647 34.2074,-118.647 34.1984,-118.658 34.1803,-118.669 34.1713,-118.702 34.1261,-118.691 34.0809,-118.702 34.0719,-118.713 34.0538,-118.723 34.0357,-118.734 34.0267,-118.745 34.0267,-118.756 34.0268,-118.767 34.0268,-118.777 34.0268,-118.788 34.0268,-118.81 34.0268,-118.821 34.0268,-118.853 34.0269,-118.885 34.0359,-118.896 34.036,-118.907 34.036,-118.929 34.036,-118.939 34.036,-118.95 34.045,-118.961 34.0631,-118.961 34.0632))
201811091920,6,2,
Pattern Matcher : 50
201811091903,0,2,201811091925,3,2,multi: 1

boundary size: 0201811091922,6,2,
Pattern Matcher : 51
201811091903,0,2,201811091925,3,2,multi: 1

boundary size: 0201811091923,6,2,
Pattern Matcher : 52
201811092001,0,2,201811092031,3,2,multi: 1

boundary size: 1
boundary: POLYGON((-118.972 34.036,-118.983 34.045,-118.983 34.0457,-118.983 34.0541,-118.983 34.0902,-118.983 34.0993,-118.983 34.1083,-118.972 34.1264,-118.961 34.1355,-118.95 34.1355,-118.918 34.1355,-118.874 34.1535,-118.864 34.1535,-118.82 34.1716,-118.81 34.1806,-118.799 34.1987,-118.788 34.1987,-118.734 34.2348,-118.723 34.2438,-118.68 34.2437,-118.669 34.2346,-118.658 34.2165,-118.647 34.2074,-118.647 34.1984,-118.658 34.1803,-118.68 34.1442,-118.691 34.0809,-118.702 34.0719,-118.713 34.0538,-118.723 34.0357,-118.734 34.0267,-118.745 34.0086,-118.756 33.9996,-118.767 33.9996,-118.786 33.9997,-118.799 33.9997,-118.817 33.9997,-118.831 33.9997,-118.856 34.0065,-118.864 34.0088,-118.864 34.0088,-118.864 34.0088,-118.874 34.0088,-118.875 34.0088,-118.875 34.0088,-118.885 34.0179,-118.929 34.036,-118.972 34.036))
201811092019,6,2,
Pattern Matcher : 53
201811092001,0,2,201811092031,3,2,multi: 1

boundary size: 0201811092022,6,2,
Pattern Matcher : 54
201811092001,0,2,201811092031,3,2,multi: 1

boundary size: 0201811092025,6,2,
Pattern Matcher : 55
201811092001,0,2,201811092031,3,2,multi: 1

boundary size: 0201811092027,6,2,
Pattern Matcher : 56
201811092001,0,2,201811092031,3,2,multi: 1

boundary size: 0201811092028,6,2,
Pattern Matcher : 57
201811092102,0,2,201811092142,3,2,multi: 1

boundary size: 1
boundary: POLYGON((-118.961 34.0632,-118.972 34.0721,-118.972 34.0723,-118.983 34.0902,-118.983 34.0993,-118.983 34.1083,-118.972 34.1083,-118.929 34.1264,-118.918 34.1355,-118.874 34.1535,-118.864 34.1535,-118.831 34.1535,-118.799 34.1444,-118.788 34.1444,-118.745 34.1624,-118.734 34.2257,-118.734 34.2348,-118.723 34.2438,-118.712 34.2618,-118.701 34.2618,-118.69 34.2618,-118.68 34.2437,-118.669 34.2346,-118.658 34.2165,-118.647 34.2074,-118.647 34.1448,-118.647 34.1441,-118.658 34.126,-118.658 34.1257,-118.669 34.117,-118.691 34.0809,-118.702 34.0719,-118.713 34.0538,-118.723 34.0357,-118.734 34.0267,-118.745 34.0086,-118.756 33.9996,-118.767 33.9996,-118.786 33.9997,-118.799 33.9997,-118.81 34.0087,-118.853 34.0269,-118.885 34.0359,-118.896 34.036,-118.907 34.036,-118.929 34.036,-118.939 34.036,-118.95 34.045,-118.961 34.0631,-118.961 34.0632))
201811092130,6,2,
Pattern Matcher : 58
201811092102,0,2,201811092142,3,2,multi: 1

boundary size: 0201811092132,6,2,
Pattern Matcher : 59
201811092102,0,2,201811092142,3,2,multi: 1

boundary size: 0201811092134,6,2,
Pattern Matcher : 60
201811092102,0,2,201811092142,3,2,multi: 1

boundary size: 0201811092137,6,2,
Pattern Matcher : 61
201811092206,0,2,201811092259,3,2,multi: 1

boundary size: 0201811092254,6,2,
Pattern Matcher : 62
201811092208,0,2,201811092259,3,2,201811092254,6,2,
Pattern Matcher : 63
201811092209,0,2,201811092259,3,2,201811092254,6,2,
Pattern Matcher : 64
201811092206,0,2,201811092259,3,2,multi: 1

boundary size: 1
boundary: POLYGON((-118.817 33.9997,-118.831 33.9997,-118.856 34.0065,-118.864 34.0088,-118.864 34.0088,-118.864 34.0088,-118.874 34.0088,-118.875 34.0088,-118.907 34.0088,-118.918 34.0088,-118.95 34.0088,-118.961 34.0179,-118.972 34.036,-118.983 34.045,-119.026 34.0631,-119.047 34.0721,-119.047 34.0812,-119.037 34.0902,-119.026 34.1083,-119.015 34.1174,-119.004 34.1355,-118.993 34.1355,-118.95 34.1536,-118.939 34.1626,-118.929 34.1536,-118.874 34.1535,-118.864 34.1535,-118.853 34.1445,-118.799 34.1444,-118.788 34.1444,-118.745 34.1624,-118.734 34.1714,-118.712 34.2076,-118.701 34.2166,-118.69 34.2347,-118.68 34.2437,-118.647 34.2346,-118.636 34.2345,-118.625 34.2255,-118.625 34.2247,-118.625 34.2164,-118.647 34.1984,-118.658 34.1351,-118.658 34.126,-118.669 34.0628,-118.669 34.0543,-118.669 34.0537,-118.68 34.0447,-118.691 34.0447,-118.723 34.0357,-118.734 34.0267,-118.745 34.0087,-118.745 34.0086,-118.751 34.0035,-118.756 33.9996,-118.767 33.9996,-118.773 33.9996,-118.782 33.9997,-118.799 34.0087,-118.804 33.9997,-118.817 33.9997))
201811092257,6,2,
Pattern Matcher : 65
201811092208,0,2,201811092259,3,2,201811092257,6,2,
Pattern Matcher : 66
201811092209,0,2,201811092259,3,2,201811092257,6,2,
Pattern Matcher : 67
201811092206,0,2,201811092259,3,2,multi: 1

boundary size: 0201811092257,6,2,
Pattern Matcher : 68
201811092208,0,2,201811092259,3,2,201811092257,6,2,
Pattern Matcher : 69
201811092209,0,2,201811092259,3,2,201811092257,6,2,
Pattern Matcher : 70
201811092206,0,2,201811092259,3,2,multi: 1

boundary size: 0201811092257,6,2,
Pattern Matcher : 71
201811092208,0,2,201811092259,3,2,201811092257,6,2,
Pattern Matcher : 72
201811092209,0,2,201811092259,3,2,201811092257,6,2,
Pattern Matcher : 73
201811092206,0,2,201811092259,3,2,multi: 1

boundary size: 0201811092259,6,2,
Pattern Matcher : 74
201811092208,0,2,201811092259,3,2,201811092259,6,2,
Pattern Matcher : 75
201811092209,0,2,201811092259,3,2,201811092259,6,2,
Pattern Matcher : 76
201811092206,0,2,201811092259,3,2,multi: 1

boundary size: 0201811092259,6,2,
Pattern Matcher : 77
201811092208,0,2,201811092259,3,2,201811092259,6,2,
Pattern Matcher : 78
201811092209,0,2,201811092259,3,2,201811092259,6,2,
Pattern Matcher : 79
201811092317,0,2,201811092359,3,2,multi: 1

boundary size: 1
boundary: POLYGON((-118.874 34.0088,-118.875 34.0088,-118.907 34.0088,-118.918 34.0088,-118.95 34.0088,-118.961 34.0179,-118.972 34.036,-118.983 34.045,-119.026 34.0631,-119.047 34.0721,-119.047 34.0812,-119.037 34.0902,-119.026 34.1083,-119.015 34.1174,-118.972 34.1264,-118.961 34.1355,-118.95 34.1355,-118.918 34.1355,-118.885 34.1264,-118.875 34.1264,-118.853 34.1264,-118.842 34.1264,-118.799 34.1444,-118.788 34.1444,-118.777 34.1444,-118.756 34.1443,-118.712 34.1985,-118.712 34.2076,-118.701 34.2166,-118.69 34.2166,-118.658 34.2165,-118.647 34.2074,-118.647 34.1984,-118.653 34.1667,-118.691 34.1442,-118.701 34.1352,-118.712 34.1262,-118.723 34.1081,-118.734 34.09,-118.745 34.072,-118.756 34.0629,-118.777 34.0268,-118.79 33.9997,-118.817 33.9997,-118.831 33.9997,-118.842 34.0088,-118.874 34.0088))
201811092359,6,2,
Pattern Matcher : 80
201811092320,0,2,201811092359,3,2,201811092359,6,2,
Pattern Matcher : 81
201811092321,0,2,201811092359,3,2,201811092359,6,2,
Pattern Matcher : 82
201811092323,0,2,201811092359,3,2,201811092359,6,2,
Pattern Matcher : 83
201811092325,0,2,201811092359,3,2,201811092359,6,2,
Pattern Matcher : 84
201811092326,0,2,201811092359,3,2,201811092359,6,2,
Pattern Matcher : 85
201811100004,0,2,201811100031,3,2,multi: 1

boundary size: 1
boundary: POLYGON((-119.018 34.0931,-119.004 34.0902,-118.983 34.0812,-118.95 34.0812,-118.939 34.0812,-118.918 34.0721,-118.907 34.054,-118.896 34.045,-118.889 34.0329,-118.89 34.0334,-118.896 34.036,-118.972 34.036,-118.983 34.045,-118.988 34.0538,-118.993 34.0631,-119.004 34.0721,-119.015 34.0902,-119.015 34.0903,-119.018 34.0931))
201811100027,6,2,
Pattern Matcher : 86
201811100005,0,2,201811100031,3,2,multi: 1

boundary size: 1
boundary: POLYGON((-118.777 34.0901,-118.788 34.0811,-118.799 34.0901,-118.799 34.0992,-118.788 34.1082,-118.777 34.0991,-118.777 34.0901))
201811100027,6,2,
Pattern Matcher : 87
201811101803,0,2,201811101827,3,2,multi: 1

boundary size: 1
boundary: POLYGON((-118.918 34.0902,-118.929 34.0902,-118.939 34.0902,-118.95 34.0902,-118.95 34.0993,-118.939 34.1083,-118.929 34.1083,-118.918 34.0993,-118.918 34.0902))
201811101817,6,2,
Pattern Matcher : 88
201811101803,0,2,201811101827,3,2,multi: 1

boundary size: 0201811101820,6,2,
Pattern Matcher : 89
201811101803,0,2,201811101827,3,2,multi: 1

boundary size: 0201811101822,6,2,
Pattern Matcher : 90
201811101903,0,2,201811101921,3,2,multi: 1

boundary size: 1
boundary: POLYGON((-118.907 34.1083,-118.918 34.0902,-118.929 34.0902,-118.939 34.0902,-118.95 34.0902,-118.972 34.1174,-118.972 34.1264,-118.961 34.1355,-118.95 34.1355,-118.918 34.1355,-118.907 34.1264,-118.907 34.1174,-118.907 34.1083))
201811101917,6,2,
Pattern Matcher : 91
201811102002,0,2,201811102025,3,2,multi: 1

boundary size: 1
boundary: POLYGON((-118.691 34.0809,-118.702 34.0719,-118.712 34.0719,-118.723 34.081,-118.723 34.09,-118.712 34.09,-118.702 34.09,-118.691 34.0809))
201811102018,6,2,
Pattern Matcher : 92
201811102002,0,2,201811102025,3,2,multi: 1

boundary size: 0201811102021,6,2,
Pattern Matcher : 93
201811102002,0,2,201811102025,3,2,multi: 1

boundary size: 0201811102023,6,2,
Pattern Matcher : 94
201811102002,0,2,201811102027,3,2,multi: 1

boundary size: 1
boundary: POLYGON((-118.885 34.0902,-118.896 34.0812,-118.929 34.0902,-118.939 34.0902,-118.95 34.0902,-118.972 34.1174,-118.972 34.1264,-118.961 34.1355,-118.95 34.1355,-118.918 34.1355,-118.907 34.1264,-118.896 34.1083,-118.885 34.0993,-118.885 34.0902))
201811102018,6,2,
Pattern Matcher : 95
201811102002,0,2,201811102027,3,2,multi: 1

boundary size: 0201811102021,6,2,
Pattern Matcher : 96
201811102002,0,2,201811102027,3,2,multi: 1

boundary size: 0201811102023,6,2,
Pattern Matcher : 97
201811102102,0,2,201811102137,3,2,multi: 1

boundary size: 0201811102126,6,2,
Pattern Matcher : 98
201811102102,0,2,201811102137,3,2,multi: 1

boundary size: 1
boundary: POLYGON((-118.691 34.0809,-118.702 34.0719,-118.712 34.0719,-118.734 34.0719,-118.745 34.072,-118.756 34.081,-118.756 34.0901,-118.745 34.0991,-118.712 34.09,-118.702 34.09,-118.691 34.0809))
201811102129,6,2,
Pattern Matcher : 99
201811102102,0,2,201811102137,3,2,multi: 1

boundary size: 0201811102131,6,2,
Pattern Matcher : 100
201811102102,0,2,201811102137,3,2,multi: 1

boundary size: 0201811102132,6,2,
Pattern Matcher : 101
201811102102,0,2,201811102137,3,2,multi: 1

boundary size: 0201811102134,6,2,
Pattern Matcher : 102
201811102102,0,2,201811102138,3,2,multi: 1

boundary size: 0201811102126,6,2,
Pattern Matcher : 103
201811102102,0,2,201811102138,3,2,multi: 1

boundary size: 1
boundary: POLYGON((-118.885 34.0902,-118.896 34.0812,-118.929 34.0902,-118.939 34.0902,-118.95 34.0902,-118.961 34.0902,-118.972 34.0902,-118.983 34.0902,-118.983 34.0993,-118.983 34.1083,-118.993 34.1445,-118.993 34.1536,-118.983 34.1626,-118.972 34.1626,-118.961 34.1536,-118.918 34.1355,-118.907 34.1264,-118.896 34.1083,-118.885 34.0993,-118.885 34.0902))
201811102129,6,2,
Pattern Matcher : 104
201811102102,0,2,201811102138,3,2,multi: 1

boundary size: 0201811102131,6,2,
Pattern Matcher : 105
201811102102,0,2,201811102138,3,2,multi: 1

boundary size: 0201811102132,6,2,
Pattern Matcher : 106
201811102102,0,2,201811102138,3,2,multi: 1

boundary size: 0201811102134,6,2,
Pattern Matcher : 107
201811102203,0,2,201811102230,3,2,multi: 1

boundary size: 1
boundary: POLYGON((-118.918 34.0902,-118.929 34.0902,-118.939 34.0902,-118.95 34.0902,-118.961 34.0902,-118.972 34.0902,-118.983 34.0902,-118.983 34.0993,-118.983 34.1083,-118.972 34.1264,-118.961 34.1355,-118.95 34.1355,-118.939 34.1264,-118.929 34.1083,-118.918 34.0993,-118.918 34.0902))
201811102219,6,2,
Pattern Matcher : 108
201811102203,0,2,201811102230,3,2,multi: 1

boundary size: 0201811102221,6,2,
Pattern Matcher : 109
201811102203,0,2,201811102230,3,2,multi: 1

boundary size: 0201811102222,6,2,
Pattern Matcher : 110
201811102203,0,2,201811102230,3,2,multi: 1

boundary size: 0201811102223,6,2,
Pattern Matcher : 111
201811102203,0,2,201811102230,3,2,multi: 1

boundary size: 0201811102226,6,2,
event stream queue is empty now!
perform 2loadshedding
eventCn 1499
#full Match 112
#high latecny (> 150)85
#NumPartialMatch 115
#NumDropedPM 0
#NumDropedInputEvents 0
avg latency: 2400
expression size: 0



********   Event Pattern    ********
TYPE Satellite {
    time,
    channelID,
    level,
    boundary
};

QUERY fail3
EVENT SEQ(Satellite c01,Satellite c07, Satellite c07MinusC14)
WHERE c01.boundary /\ c07.boundary && c01.boundary /\ c07MinusC14.boundary
    && c01.channelID == 0 && c07MinusC14.channelID == 3
    && c07.channelID == 6
    && c01.level == 2 && c07MinusC14.level == 2 && c07.level == 2
WITHIN 1h
RETURN Fire(c01.time,c01.channelID,c01.level,
    c07MinusC14.time,c07MinusC14.channelID,c07MinusC14.level,
    INTERSECT(c01.boundary,c07MinusC14.boundary,c07.boundary),
    c07.time,c07.channelID,c07.level
);