c01
c07
c01
c16
c07
c16
c01
c07
c16
c01
c07
c16
c01
c01
c01
c07
c07
c07
c01
c07
c16
c16
c16
c16
Pattern Matcher : 0
201811081602,0,2,201811081614,6,2,multi: 1

boundary size: 1
boundary: POLYGON((-121.586 39.7553,-121.576 39.7778,-121.565 39.7958,-121.559 39.8048,-121.547 39.8318,-121.535 39.8587,-121.524 39.8632,-121.512 39.8587,-121.483 39.8587,-121.477 39.8587,-121.459 39.8541,-121.454 39.852,-121.448 39.8496,-121.438 39.8387,-121.424 39.8226,-121.421 39.8202,-121.419 39.8181,-121.419 39.8177,-121.419 39.8136,-121.419 39.8091,-121.419 39.8046,-121.419 39.8001,-121.415 39.7639,-121.448 39.7461,-121.454 39.7461,-121.46 39.7461,-121.466 39.7462,-121.501 39.7462,-121.512 39.7507,-121.547 39.7508,-121.565 39.7553,-121.586 39.7553))
201811081640,5,2,
Pattern Matcher : 1
201811081803,0,2,201811081816,6,2,multi: 1

boundary size: 1
boundary: POLYGON((-121.518 39.7012,-121.524 39.6967,-121.53 39.6967,-121.536 39.6967,-121.553 39.7013,-121.565 39.7013,-121.571 39.7013,-121.577 39.7013,-121.582 39.7013,-121.617 39.7013,-121.635 39.7058,-121.647 39.7103,-121.67 39.7373,-121.682 39.7418,-121.682 39.7463,-121.682 39.7508,-121.676 39.7598,-121.664 39.7868,-121.652 39.8093,-121.641 39.8363,-121.629 39.8543,-121.623 39.8678,-121.617 39.8678,-121.611 39.8678,-121.606 39.8678,-121.565 39.8903,-121.559 39.8903,-121.553 39.8903,-121.547 39.8902,-121.53 39.8857,-121.483 39.8587,-121.477 39.8587,-121.459 39.8541,-121.448 39.8496,-121.424 39.8226,-121.419 39.8181,-121.419 39.8136,-121.419 39.8091,-121.419 39.8046,-121.419 39.8001,-121.43 39.7776,-121.448 39.7461,-121.454 39.7461,-121.46 39.7461,-121.466 39.7462,-121.506 39.7237,-121.518 39.7012))
201811081832,5,2,
Pattern Matcher : 2
201811081901,0,2,201811081913,6,2,multi: 1

boundary size: 1
boundary: POLYGON((-121.518 39.7012,-121.524 39.6967,-121.53 39.6967,-121.536 39.6967,-121.553 39.7013,-121.565 39.7013,-121.571 39.7013,-121.577 39.7013,-121.582 39.7013,-121.617 39.7013,-121.635 39.7058,-121.647 39.7103,-121.67 39.7373,-121.682 39.7418,-121.682 39.7463,-121.682 39.7508,-121.676 39.7598,-121.664 39.7868,-121.652 39.8093,-121.641 39.8363,-121.629 39.8543,-121.623 39.8678,-121.617 39.8678,-121.611 39.8678,-121.606 39.8678,-121.565 39.8903,-121.559 39.8903,-121.553 39.8903,-121.547 39.8902,-121.53 39.8857,-121.483 39.8587,-121.477 39.8587,-121.459 39.8541,-121.448 39.8496,-121.424 39.8226,-121.419 39.8181,-121.419 39.8136,-121.419 39.8091,-121.419 39.8046,-121.419 39.8001,-121.43 39.7776,-121.448 39.7461,-121.454 39.7461,-121.46 39.7461,-121.466 39.7462,-121.506 39.7237,-121.518 39.7012))
201811081923,5,2,
Pattern Matcher : 3
201811082001,0,2,201811082013,6,2,multi: 1

boundary size: 1
boundary: POLYGON((-121.53 39.6742,-121.536 39.6697,-121.542 39.6698,-121.547 39.6698,-121.565 39.6743,-121.582 39.6743,-121.588 39.6743,-121.594 39.6743,-121.612 39.6788,-121.617 39.6833,-121.664 39.7058,-121.682 39.7103,-121.693 39.7148,-121.693 39.7193,-121.693 39.7238,-121.693 39.7283,-121.693 39.7328,-121.682 39.7508,-121.676 39.7598,-121.688 39.8228,-121.688 39.8273,-121.688 39.8318,-121.682 39.8453,-121.676 39.8453,-121.67 39.8453,-121.664 39.8453,-121.623 39.8678,-121.617 39.8678,-121.611 39.8678,-121.606 39.8678,-121.571 39.8678,-121.559 39.8633,-121.524 39.8632,-121.512 39.8587,-121.483 39.8587,-121.477 39.8587,-121.459 39.8541,-121.448 39.8496,-121.424 39.8226,-121.419 39.8181,-121.419 39.8136,-121.419 39.8091,-121.419 39.8046,-121.419 39.8001,-121.43 39.7776,-121.448 39.7461,-121.46 39.7236,-121.472 39.6967,-121.477 39.6922,-121.483 39.6922,-121.489 39.6922,-121.53 39.6742))
201811082026,5,2,
Pattern Matcher : 4
201811082101,0,2,201811082119,6,2,multi: 1

boundary size: 1
boundary: POLYGON((-121.53 39.6742,-121.536 39.6697,-121.542 39.6698,-121.547 39.6698,-121.565 39.6743,-121.582 39.6743,-121.588 39.6743,-121.594 39.6743,-121.612 39.6788,-121.623 39.6788,-121.629 39.6788,-121.635 39.6788,-121.641 39.6788,-121.647 39.6788,-121.658 39.6833,-121.664 39.6878,-121.693 39.7148,-121.717 39.7418,-121.728 39.7463,-121.723 39.7643,-121.711 39.7868,-121.699 39.8138,-121.688 39.8318,-121.682 39.8453,-121.676 39.8453,-121.67 39.8453,-121.664 39.8453,-121.635 39.8408,-121.629 39.8408,-121.623 39.8408,-121.582 39.8588,-121.576 39.8633,-121.571 39.8678,-121.559 39.8633,-121.524 39.8632,-121.512 39.8587,-121.483 39.8587,-121.477 39.8587,-121.459 39.8541,-121.448 39.8496,-121.424 39.8226,-121.419 39.8181,-121.419 39.8136,-121.419 39.8091,-121.419 39.8046,-121.419 39.8001,-121.43 39.7776,-121.448 39.7461,-121.46 39.7236,-121.472 39.6967,-121.477 39.6922,-121.483 39.6922,-121.489 39.6922,-121.53 39.6742))
201811082136,5,2,
Pattern Matcher : 5
201811082202,0,2,201811082249,6,2,multi: 1

boundary size: 1
boundary: POLYGON((-121.547 39.6473,-121.553 39.6428,-121.559 39.6428,-121.594 39.6473,-121.6 39.6473,-121.606 39.6473,-121.623 39.6518,-121.629 39.6563,-121.658 39.6833,-121.664 39.6878,-121.693 39.7148,-121.693 39.7193,-121.693 39.7238,-121.693 39.7283,-121.693 39.7328,-121.699 39.7958,-121.699 39.8003,-121.699 39.8048,-121.699 39.8093,-121.699 39.8138,-121.693 39.8183,-121.687 39.8183,-121.682 39.8183,-121.641 39.8363,-121.635 39.8408,-121.629 39.8408,-121.623 39.8408,-121.582 39.8588,-121.576 39.8633,-121.571 39.8678,-121.559 39.8633,-121.524 39.8632,-121.512 39.8587,-121.483 39.8587,-121.477 39.8587,-121.459 39.8541,-121.448 39.8496,-121.424 39.8226,-121.419 39.8181,-121.419 39.8136,-121.419 39.8091,-121.419 39.8046,-121.419 39.8001,-121.43 39.7776,-121.448 39.7461,-121.46 39.7236,-121.472 39.6967,-121.477 39.6922,-121.483 39.6922,-121.489 39.6922,-121.53 39.6742,-121.542 39.6563,-121.547 39.6473))
201811082259,5,2,
Pattern Matcher : 6
201811082301,0,2,201811082348,6,2,multi: 1

boundary size: 1
boundary: POLYGON((-121.547 39.6473,-121.553 39.6428,-121.559 39.6428,-121.594 39.6473,-121.6 39.6473,-121.606 39.6473,-121.623 39.6518,-121.629 39.6563,-121.658 39.6833,-121.664 39.6878,-121.693 39.7148,-121.717 39.7418,-121.728 39.7463,-121.723 39.7643,-121.711 39.7868,-121.699 39.8138,-121.693 39.8183,-121.687 39.8183,-121.682 39.8183,-121.641 39.8363,-121.629 39.8543,-121.623 39.8678,-121.617 39.8678,-121.611 39.8678,-121.606 39.8678,-121.565 39.8903,-121.559 39.8903,-121.553 39.8903,-121.547 39.8902,-121.53 39.8857,-121.483 39.8587,-121.477 39.8587,-121.459 39.8541,-121.448 39.8496,-121.424 39.8226,-121.419 39.8181,-121.419 39.8136,-121.419 39.8091,-121.419 39.8046,-121.419 39.8001,-121.442 39.7641,-121.448 39.7461,-121.46 39.7236,-121.472 39.6967,-121.477 39.6922,-121.483 39.6922,-121.489 39.6922,-121.53 39.6742,-121.542 39.6563,-121.547 39.6473))
201811082359,5,2,
Pattern Matcher : 7
201811090008,0,2,201811090039,6,2,multi: 1

boundary size: 1
boundary: POLYGON((-121.638 39.8408,-121.635 39.8408,-121.623 39.8408,-121.617 39.8408,-121.594 39.8363,-121.588 39.8363,-121.576 39.8363,-121.571 39.8363,-121.553 39.8363,-121.506 39.8407,-121.5 39.8452,-121.489 39.8407,-121.471 39.8272,-121.471 39.8227,-121.471 39.8182,-121.477 39.8047,-121.483 39.7912,-121.524 39.7642,-121.565 39.7283,-121.571 39.7148,-121.589 39.6467,-121.594 39.6473,-121.6 39.6473,-121.606 39.6473,-121.623 39.6518,-121.629 39.6563,-121.676 39.6788,-121.693 39.6833,-121.705 39.6878,-121.728 39.7148,-121.74 39.7193,-121.74 39.7238,-121.74 39.7283,-121.74 39.7328,-121.723 39.7643,-121.711 39.7868,-121.705 39.7913,-121.699 39.7913,-121.693 39.7913,-121.652 39.8093,-121.641 39.8363,-121.638 39.8408))
201811090055,5,2,
Pattern Matcher : 8
201811091603,0,2,201811091615,6,2,multi: 1

boundary size: 1
boundary: POLYGON((-121.409 39.7326,-121.39 39.71,-121.384 39.7055,-121.384 39.701,-121.384 39.6965,-121.384 39.692,-121.384 39.6875,-121.39 39.683,-121.407 39.6876,-121.437 39.6876,-121.442 39.6876,-121.489 39.6697,-121.495 39.6652,-121.501 39.6652,-121.536 39.6697,-121.542 39.6698,-121.547 39.6698,-121.565 39.6743,-121.582 39.6743,-121.588 39.6743,-121.594 39.6743,-121.612 39.6788,-121.617 39.6833,-121.617 39.6878,-121.617 39.6923,-121.612 39.7013,-121.623 39.7643,-121.647 39.7913,-121.652 39.7958,-121.688 39.8228,-121.688 39.8273,-121.688 39.8318,-121.682 39.8453,-121.676 39.8453,-121.67 39.8453,-121.664 39.8453,-121.623 39.8678,-121.611 39.8903,-121.606 39.8948,-121.606 39.8948,-121.606 39.8948,-121.6 39.8948,-121.594 39.8948,-121.588 39.8939,-121.565 39.8903,-121.565 39.8903,-121.565 39.8903,-121.559 39.8903,-121.553 39.8903,-121.55 39.8903,-121.547 39.8902,-121.53 39.8857,-121.529 39.8849,-121.495 39.8542,-121.471 39.8272,-121.465 39.8227,-121.465 39.8182,-121.465 39.8137,-121.465 39.8092,-121.465 39.8047,-121.448 39.7686,-121.442 39.7641,-121.413 39.7371,-121.409 39.7326))
201811091634,5,2,
Pattern Matcher : 9
201811091802,0,2,201811091809,6,2,multi: 1

boundary size: 1
boundary: POLYGON((-121.442 39.6651,-121.448 39.6606,-121.454 39.6606,-121.466 39.6652,-121.495 39.6652,-121.501 39.6652,-121.536 39.6697,-121.542 39.6698,-121.547 39.6698,-121.565 39.6743,-121.571 39.6788,-121.571 39.6833,-121.571 39.6878,-121.571 39.6923,-121.571 39.6968,-121.588 39.7328,-121.588 39.7373,-121.635 39.7868,-121.647 39.7913,-121.652 39.7958,-121.688 39.8228,-121.688 39.8273,-121.688 39.8318,-121.682 39.8453,-121.676 39.8453,-121.67 39.8453,-121.664 39.8453,-121.635 39.8408,-121.629 39.8408,-121.623 39.8408,-121.582 39.8588,-121.576 39.8633,-121.571 39.8678,-121.559 39.8633,-121.524 39.8632,-121.512 39.8587,-121.483 39.8587,-121.477 39.8587,-121.459 39.8541,-121.436 39.8541,-121.43 39.8541,-121.413 39.8496,-121.407 39.845,-121.378 39.818,-121.372 39.8135,-121.372 39.809,-121.372 39.8045,-121.372 39.8,-121.378 39.7955,-121.384 39.791,-121.413 39.7371,-121.413 39.7326,-121.413 39.7281,-121.413 39.7236,-121.413 39.7191,-121.425 39.7011,-121.431 39.6921,-121.437 39.6831,-121.442 39.6651))
201811091823,5,2,
Pattern Matcher : 10
201811091901,0,2,201811091912,6,2,multi: 1

boundary size: 1
boundary: POLYGON((-121.442 39.6651,-121.448 39.6606,-121.454 39.6606,-121.466 39.6652,-121.495 39.6652,-121.501 39.6652,-121.512 39.6697,-121.524 39.6742,-121.553 39.7013,-121.559 39.7058,-121.588 39.7328,-121.588 39.7373,-121.635 39.7868,-121.647 39.7913,-121.652 39.7958,-121.652 39.8003,-121.652 39.8048,-121.652 39.8093,-121.641 39.8363,-121.635 39.8408,-121.629 39.8408,-121.623 39.8408,-121.582 39.8588,-121.576 39.8633,-121.571 39.8678,-121.559 39.8633,-121.524 39.8632,-121.512 39.8587,-121.483 39.8587,-121.477 39.8587,-121.459 39.8541,-121.436 39.8541,-121.43 39.8541,-121.413 39.8496,-121.407 39.845,-121.378 39.818,-121.372 39.8135,-121.372 39.809,-121.372 39.8045,-121.372 39.8,-121.378 39.7955,-121.384 39.791,-121.401 39.755,-121.401 39.7505,-121.401 39.746,-121.407 39.7415,-121.425 39.7056,-121.425 39.7011,-121.431 39.6921,-121.437 39.6831,-121.442 39.6651))
201811091929,5,2,
Pattern Matcher : 11
201811092002,0,2,201811092016,6,2,multi: 1

boundary size: 1
boundary: POLYGON((-121.442 39.6651,-121.448 39.6606,-121.454 39.6606,-121.466 39.6652,-121.495 39.6652,-121.501 39.6652,-121.512 39.6697,-121.524 39.6742,-121.553 39.7013,-121.559 39.7058,-121.588 39.7328,-121.588 39.7373,-121.588 39.7418,-121.588 39.7463,-121.588 39.7508,-121.623 39.8138,-121.635 39.8183,-121.641 39.8228,-121.641 39.8273,-121.641 39.8318,-121.641 39.8363,-121.635 39.8408,-121.629 39.8408,-121.623 39.8408,-121.582 39.8588,-121.576 39.8633,-121.571 39.8678,-121.559 39.8633,-121.524 39.8632,-121.512 39.8587,-121.483 39.8587,-121.477 39.8587,-121.459 39.8541,-121.436 39.8541,-121.43 39.8541,-121.413 39.8496,-121.407 39.845,-121.378 39.818,-121.372 39.8135,-121.372 39.809,-121.372 39.8045,-121.372 39.8,-121.378 39.7955,-121.384 39.791,-121.401 39.755,-121.401 39.7505,-121.401 39.746,-121.407 39.7415,-121.425 39.7056,-121.425 39.7011,-121.431 39.6921,-121.437 39.6831,-121.442 39.6651))
201811092029,5,2,
Pattern Matcher : 12
201811092101,0,2,201811092112,6,2,multi: 1

boundary size: 1
boundary: POLYGON((-121.442 39.6651,-121.448 39.6606,-121.454 39.6606,-121.466 39.6652,-121.483 39.6697,-121.53 39.6967,-121.536 39.6967,-121.553 39.7013,-121.559 39.7058,-121.559 39.7103,-121.559 39.7148,-121.553 39.7238,-121.541 39.7508,-121.518 39.7912,-121.518 39.7957,-121.518 39.8002,-121.535 39.8407,-121.535 39.8452,-121.535 39.8497,-121.535 39.8542,-121.535 39.8587,-121.524 39.8632,-121.512 39.8587,-121.483 39.8587,-121.477 39.8587,-121.459 39.8541,-121.448 39.8496,-121.424 39.8226,-121.419 39.8181,-121.419 39.8136,-121.419 39.8091,-121.419 39.8046,-121.419 39.8001,-121.43 39.7776,-121.425 39.7101,-121.425 39.7056,-121.425 39.7011,-121.431 39.6921,-121.437 39.6831,-121.442 39.6651))
201811092120,5,2,
Pattern Matcher : 13
201811092202,0,2,201811092227,6,2,multi: 1

boundary size: 1
boundary: POLYGON((-121.431 39.6921,-121.437 39.6876,-121.442 39.6876,-121.477 39.6922,-121.483 39.6922,-121.489 39.6922,-121.507 39.6967,-121.524 39.6967,-121.53 39.6967,-121.536 39.6967,-121.553 39.7013,-121.559 39.7058,-121.559 39.7103,-121.559 39.7148,-121.553 39.7238,-121.541 39.7508,-121.518 39.7912,-121.518 39.7957,-121.518 39.8002,-121.535 39.8407,-121.535 39.8452,-121.535 39.8497,-121.535 39.8542,-121.535 39.8587,-121.524 39.8632,-121.512 39.8587,-121.483 39.8587,-121.477 39.8587,-121.459 39.8541,-121.448 39.8496,-121.424 39.8226,-121.419 39.8181,-121.419 39.8136,-121.419 39.8091,-121.419 39.8046,-121.419 39.8001,-121.442 39.7641,-121.425 39.7101,-121.425 39.7056,-121.425 39.7011,-121.431 39.6921))
201811092236,5,2,
Pattern Matcher : 14
201811092303,0,2,201811092342,6,2,multi: 1

boundary size: 1
boundary: POLYGON((-121.431 39.6921,-121.437 39.6876,-121.442 39.6876,-121.477 39.6922,-121.483 39.6922,-121.489 39.6922,-121.507 39.6967,-121.524 39.6967,-121.53 39.6967,-121.536 39.6967,-121.553 39.7013,-121.559 39.7058,-121.559 39.7103,-121.559 39.7148,-121.553 39.7238,-121.547 39.7283,-121.495 39.7462,-121.483 39.7732,-121.512 39.8317,-121.53 39.8362,-121.535 39.8407,-121.535 39.8452,-121.535 39.8497,-121.535 39.8542,-121.535 39.8587,-121.524 39.8632,-121.512 39.8587,-121.483 39.8587,-121.477 39.8587,-121.459 39.8541,-121.448 39.8496,-121.424 39.8226,-121.419 39.8181,-121.419 39.8136,-121.419 39.8091,-121.419 39.8046,-121.419 39.8001,-121.442 39.7641,-121.425 39.7101,-121.425 39.7056,-121.425 39.7011,-121.431 39.6921))
201811092352,5,2,
Pattern Matcher : 15
201811100006,0,2,201811100036,6,2,multi: 1

boundary size: 1
boundary: POLYGON((-121.477 39.8587,-121.471 39.8272,-121.46 39.8136,-121.454 39.8091,-121.435 39.7757,-121.442 39.7641,-121.448 39.7461,-121.46 39.7236,-121.472 39.6967,-121.477 39.6922,-121.483 39.6922,-121.489 39.6922,-121.507 39.6967,-121.524 39.6967,-121.53 39.6967,-121.536 39.6967,-121.553 39.7013,-121.559 39.7058,-121.559 39.7103,-121.559 39.7148,-121.553 39.7238,-121.547 39.7283,-121.53 39.7642,-121.53 39.7687,-121.53 39.7732,-121.524 39.7777,-121.489 39.8362,-121.489 39.8407,-121.489 39.8452,-121.489 39.8497,-121.489 39.8542,-121.483 39.8587,-121.477 39.8587))
201811100043,5,2,
Pattern Matcher : 16
201811100008,0,2,201811100036,6,2,201811100043,5,2,
Pattern Matcher : 17
201811101802,0,2,201811101815,6,2,multi: 1

boundary size: 1
boundary: POLYGON((-121.489 39.6697,-121.495 39.6652,-121.501 39.6652,-121.536 39.6697,-121.542 39.6698,-121.547 39.6698,-121.565 39.6743,-121.571 39.6788,-121.571 39.6833,-121.571 39.6878,-121.571 39.6923,-121.571 39.6968,-121.559 39.7148,-121.553 39.7238,-121.547 39.7283,-121.53 39.7237,-121.501 39.7237,-121.46 39.8046,-121.506 39.8317,-121.512 39.8317,-121.53 39.8362,-121.535 39.8407,-121.535 39.8452,-121.535 39.8497,-121.535 39.8542,-121.535 39.8587,-121.524 39.8632,-121.512 39.8587,-121.483 39.8587,-121.477 39.8587,-121.459 39.8541,-121.448 39.8496,-121.424 39.8226,-121.419 39.8181,-121.419 39.8136,-121.419 39.8091,-121.419 39.8046,-121.419 39.8001,-121.43 39.7956,-121.471 39.7147,-121.471 39.7102,-121.471 39.7057,-121.471 39.7012,-121.472 39.6967,-121.483 39.6787,-121.489 39.6697))
201811101827,5,2,
Pattern Matcher : 18
201811101802,0,2,201811101816,6,2,multi: 1

boundary size: 1
boundary: POLYGON((-121.717 39.7913,-121.728 39.7958,-121.746 39.8003,-121.746 39.8048,-121.746 39.8093,-121.746 39.8138,-121.74 39.8228,-121.734 39.8228,-121.728 39.8228,-121.723 39.8228,-121.693 39.8183,-121.687 39.8183,-121.682 39.8183,-121.676 39.8183,-121.658 39.8138,-121.658 39.8093,-121.658 39.8048,-121.658 39.8003,-121.658 39.7958,-121.664 39.7913,-121.67 39.7913,-121.676 39.7913,-121.682 39.7913,-121.711 39.7913,-121.717 39.7913))
201811101827,5,2,
Pattern Matcher : 19
201811101901,0,2,201811101911,6,2,multi: 1

boundary size: 1
boundary: POLYGON((-121.489 39.6697,-121.495 39.6652,-121.501 39.6652,-121.512 39.6697,-121.524 39.6742,-121.524 39.6787,-121.524 39.6832,-121.524 39.6877,-121.524 39.6922,-121.512 39.7192,-121.501 39.7237,-121.483 39.7192,-121.471 39.7147,-121.471 39.7102,-121.471 39.7057,-121.471 39.7012,-121.472 39.6967,-121.483 39.6787,-121.489 39.6697))
201811101924,5,2,
Pattern Matcher : 20
201811101901,0,2,201811101912,6,2,multi: 1

boundary size: 1
boundary: POLYGON((-121.629 39.7643,-121.635 39.7598,-121.641 39.7598,-121.647 39.7598,-121.676 39.7643,-121.682 39.7643,-121.687 39.7643,-121.693 39.7643,-121.705 39.7688,-121.711 39.7733,-121.746 39.8003,-121.746 39.8048,-121.746 39.8093,-121.746 39.8138,-121.74 39.8228,-121.734 39.8228,-121.728 39.8228,-121.723 39.8228,-121.693 39.8183,-121.687 39.8183,-121.682 39.8183,-121.676 39.8183,-121.658 39.8138,-121.623 39.7823,-121.623 39.7778,-121.629 39.7643))
201811101924,5,2,
Pattern Matcher : 21
201811101901,0,2,201811101914,6,2,multi: 1

boundary size: 1
boundary: POLYGON((-121.407 39.827,-121.413 39.8226,-121.419 39.8226,-121.436 39.8271,-121.459 39.8271,-121.465 39.8272,-121.483 39.8317,-121.5 39.8317,-121.506 39.8317,-121.512 39.8317,-121.53 39.8362,-121.535 39.8407,-121.535 39.8452,-121.535 39.8497,-121.535 39.8542,-121.535 39.8587,-121.524 39.8632,-121.512 39.8587,-121.483 39.8587,-121.477 39.8587,-121.459 39.8541,-121.436 39.8541,-121.43 39.8541,-121.413 39.8496,-121.407 39.845,-121.407 39.8405,-121.407 39.836,-121.407 39.8315,-121.407 39.827))
201811101924,5,2,
Pattern Matcher : 22
201811102001,0,2,201811102015,6,2,multi: 1

boundary size: 1
boundary: POLYGON((-121.489 39.6697,-121.495 39.6652,-121.501 39.6652,-121.512 39.6697,-121.524 39.6742,-121.524 39.6787,-121.524 39.6832,-121.524 39.6877,-121.524 39.6922,-121.512 39.7192,-121.501 39.7237,-121.483 39.7192,-121.471 39.7147,-121.471 39.7102,-121.471 39.7057,-121.471 39.7012,-121.472 39.6967,-121.483 39.6787,-121.489 39.6697))
201811102024,5,2,
Pattern Matcher : 23
201811102001,0,2,201811102017,6,2,multi: 1

boundary size: 1
boundary: POLYGON((-121.629 39.7643,-121.635 39.7598,-121.641 39.7598,-121.647 39.7598,-121.676 39.7643,-121.682 39.7643,-121.687 39.7643,-121.693 39.7643,-121.705 39.7688,-121.711 39.7733,-121.746 39.8003,-121.746 39.8048,-121.746 39.8093,-121.746 39.8138,-121.74 39.8228,-121.734 39.8228,-121.728 39.8228,-121.723 39.8228,-121.693 39.8183,-121.687 39.8183,-121.682 39.8183,-121.676 39.8183,-121.658 39.8138,-121.623 39.7823,-121.623 39.7778,-121.629 39.7643))
201811102024,5,2,
Pattern Matcher : 24
201811102001,0,2,201811102018,6,2,multi: 1

boundary size: 1
boundary: POLYGON((-121.407 39.827,-121.413 39.8226,-121.419 39.8226,-121.436 39.8271,-121.459 39.8271,-121.465 39.8272,-121.483 39.8317,-121.5 39.8317,-121.506 39.8317,-121.512 39.8317,-121.53 39.8362,-121.535 39.8407,-121.535 39.8452,-121.535 39.8497,-121.535 39.8542,-121.535 39.8587,-121.524 39.8632,-121.512 39.8587,-121.483 39.8587,-121.477 39.8587,-121.459 39.8541,-121.436 39.8541,-121.43 39.8541,-121.413 39.8496,-121.407 39.845,-121.407 39.8405,-121.407 39.836,-121.407 39.8315,-121.407 39.827))
201811102024,5,2,
Pattern Matcher : 25
201811102101,0,2,201811102120,6,2,multi: 1

boundary size: 1
boundary: POLYGON((-121.67 39.7688,-121.676 39.7643,-121.682 39.7643,-121.687 39.7643,-121.693 39.7643,-121.705 39.7688,-121.711 39.7733,-121.746 39.8003,-121.746 39.8048,-121.746 39.8093,-121.746 39.8138,-121.74 39.8228,-121.734 39.8228,-121.728 39.8228,-121.723 39.8228,-121.711 39.8183,-121.705 39.8138,-121.67 39.7868,-121.67 39.7823,-121.67 39.7778,-121.67 39.7733,-121.67 39.7688))
201811102128,5,2,
Pattern Matcher : 26
201811102101,0,2,201811102121,6,2,multi: 1

boundary size: 1
boundary: POLYGON((-121.454 39.8316,-121.459 39.8271,-121.465 39.8272,-121.483 39.8317,-121.5 39.8317,-121.506 39.8317,-121.512 39.8317,-121.53 39.8362,-121.535 39.8407,-121.535 39.8452,-121.535 39.8497,-121.535 39.8542,-121.535 39.8587,-121.524 39.8632,-121.512 39.8587,-121.483 39.8587,-121.477 39.8587,-121.459 39.8541,-121.448 39.8496,-121.448 39.8451,-121.454 39.8316))
201811102128,5,2,
Pattern Matcher : 27
201811102202,0,2,201811102222,6,2,multi: 1

boundary size: 1
boundary: POLYGON((-121.629 39.7643,-121.635 39.7598,-121.641 39.7598,-121.647 39.7598,-121.676 39.7643,-121.682 39.7643,-121.687 39.7643,-121.693 39.7643,-121.705 39.7688,-121.711 39.7733,-121.746 39.8003,-121.746 39.8048,-121.746 39.8093,-121.746 39.8138,-121.74 39.8228,-121.734 39.8228,-121.728 39.8228,-121.723 39.8228,-121.693 39.8183,-121.687 39.8183,-121.682 39.8183,-121.676 39.8183,-121.658 39.8138,-121.623 39.7823,-121.623 39.7778,-121.629 39.7643))
201811102229,5,2,
Pattern Matcher : 28
201811102202,0,2,201811102223,6,2,multi: 1

boundary size: 1
boundary: POLYGON((-121.454 39.8316,-121.459 39.8271,-121.465 39.8272,-121.483 39.8317,-121.5 39.8317,-121.506 39.8317,-121.512 39.8317,-121.53 39.8362,-121.535 39.8407,-121.535 39.8452,-121.535 39.8497,-121.535 39.8542,-121.535 39.8587,-121.524 39.8632,-121.512 39.8587,-121.483 39.8587,-121.477 39.8587,-121.459 39.8541,-121.448 39.8496,-121.448 39.8451,-121.454 39.8316))
201811102229,5,2,
Pattern Matcher : 29
201811102303,0,2,201811102338,6,2,multi: 1

boundary size: 1
boundary: POLYGON((-121.629 39.7643,-121.635 39.7598,-121.641 39.7598,-121.647 39.7598,-121.676 39.7643,-121.682 39.7643,-121.687 39.7643,-121.693 39.7643,-121.705 39.7688,-121.711 39.7733,-121.746 39.8003,-121.746 39.8048,-121.746 39.8093,-121.746 39.8138,-121.74 39.8228,-121.734 39.8228,-121.728 39.8228,-121.723 39.8228,-121.693 39.8183,-121.687 39.8183,-121.682 39.8183,-121.676 39.8183,-121.658 39.8138,-121.623 39.7823,-121.623 39.7778,-121.629 39.7643))
201811102351,5,2,
Pattern Matcher : 30
201811102305,0,2,201811102338,6,2,201811102351,5,2,
Pattern Matcher : 31
201811102303,0,2,201811102341,6,2,multi: 1

boundary size: 1
boundary: POLYGON((-121.454 39.8316,-121.459 39.8271,-121.465 39.8272,-121.483 39.8317,-121.5 39.8317,-121.506 39.8317,-121.512 39.8317,-121.53 39.8362,-121.535 39.8407,-121.535 39.8452,-121.535 39.8497,-121.535 39.8542,-121.535 39.8587,-121.524 39.8632,-121.512 39.8587,-121.483 39.8587,-121.477 39.8587,-121.459 39.8541,-121.448 39.8496,-121.448 39.8451,-121.454 39.8316))
201811102351,5,2,
Pattern Matcher : 32
201811102305,0,2,201811102341,6,2,201811102351,5,2,
Pattern Matcher : 33
201811110007,0,2,201811110032,6,2,multi: 1

boundary size: 1
boundary: POLYGON((-121.454 39.8316,-121.459 39.8271,-121.465 39.8272,-121.483 39.8317,-121.489 39.8362,-121.489 39.8407,-121.489 39.8452,-121.489 39.8497,-121.489 39.8542,-121.483 39.8587,-121.477 39.8587,-121.459 39.8541,-121.448 39.8496,-121.448 39.8451,-121.454 39.8316))
201811110044,5,2,
Pattern Matcher : 34
201811111603,0,2,201811111613,6,2,multi: 1

boundary size: 1
boundary: POLYGON((-121.478 39.6652,-121.495 39.6652,-121.501 39.6652,-121.512 39.6697,-121.524 39.6742,-121.524 39.6787,-121.524 39.6832,-121.524 39.6877,-121.524 39.6922,-121.518 39.6967,-121.518 39.6967,-121.512 39.6967,-121.495 39.6922,-121.483 39.6877,-121.483 39.6832,-121.483 39.6787,-121.478 39.6652))
201811111628,5,2,
Pattern Matcher : 35
201811111801,0,2,201811111810,6,2,multi: 1

boundary size: 1
boundary: POLYGON((-121.528 39.6438,-121.489 39.6652,-121.483 39.6652,-121.477 39.6652,-121.472 39.6652,-121.46 39.6607,-121.46 39.6606,-121.456 39.6577,-121.454 39.6561,-121.454 39.6561,-121.454 39.6516,-121.454 39.6471,-121.454 39.6426,-121.46 39.6381,-121.466 39.6382,-121.472 39.6382,-121.477 39.6382,-121.507 39.6382,-121.512 39.6382,-121.524 39.6427,-121.528 39.6438))
201811111822,5,2,
Pattern Matcher : 36
201811111902,0,2,201811111915,6,2,multi: 1

boundary size: 1
boundary: POLYGON((-121.442 39.6651,-121.448 39.6606,-121.454 39.6606,-121.466 39.6652,-121.495 39.6652,-121.501 39.6652,-121.536 39.6697,-121.542 39.6698,-121.547 39.6698,-121.565 39.6743,-121.571 39.6788,-121.571 39.6833,-121.571 39.6878,-121.571 39.6923,-121.571 39.6968,-121.559 39.7013,-121.542 39.6968,-121.518 39.6967,-121.512 39.6967,-121.495 39.6922,-121.472 39.6922,-121.466 39.6922,-121.46 39.6921,-121.448 39.6876,-121.437 39.6831,-121.442 39.6651))
201811111932,5,2,
Pattern Matcher : 37
201811111902,0,2,201811111916,6,2,multi: 1

boundary size: 1
boundary: POLYGON((-121.378 39.7955,-121.384 39.791,-121.395 39.7955,-121.43 39.7956,-121.442 39.8001,-121.46 39.8046,-121.483 39.8317,-121.489 39.8362,-121.489 39.8407,-121.489 39.8452,-121.489 39.8497,-121.489 39.8542,-121.477 39.8812,-121.465 39.8856,-121.448 39.8811,-121.436 39.8766,-121.413 39.8496,-121.407 39.845,-121.378 39.818,-121.372 39.8135,-121.372 39.809,-121.372 39.8045,-121.372 39.8,-121.378 39.7955))
201811111932,5,2,
Pattern Matcher : 38
201811111902,0,2,201811111919,6,2,multi: 1

boundary size: 1
boundary: POLYGON((-121.658 39.7958,-121.664 39.7913,-121.67 39.7913,-121.676 39.7913,-121.682 39.7913,-121.699 39.7958,-121.699 39.8003,-121.699 39.8048,-121.699 39.8093,-121.699 39.8138,-121.693 39.8183,-121.687 39.8183,-121.682 39.8183,-121.676 39.8183,-121.658 39.8138,-121.658 39.8093,-121.658 39.8048,-121.658 39.8003,-121.658 39.7958))
201811111932,5,2,
Pattern Matcher : 39
201811112003,0,2,201811112015,6,2,multi: 1

boundary size: 1
boundary: POLYGON((-121.454 39.6426,-121.46 39.6381,-121.466 39.6382,-121.472 39.6382,-121.477 39.6382,-121.507 39.6382,-121.512 39.6382,-121.524 39.6427,-121.542 39.6473,-121.565 39.6743,-121.571 39.6788,-121.571 39.6833,-121.571 39.6878,-121.571 39.6923,-121.571 39.6968,-121.559 39.7148,-121.553 39.7238,-121.547 39.7283,-121.53 39.7237,-121.518 39.7192,-121.472 39.6922,-121.466 39.6922,-121.46 39.6921,-121.448 39.6876,-121.437 39.6831,-121.442 39.6651,-121.454 39.6426))
201811112032,5,2,
Pattern Matcher : 40
201811112003,0,2,201811112018,6,2,multi: 1

boundary size: 1
boundary: POLYGON((-121.407 39.827,-121.413 39.8226,-121.419 39.8226,-121.436 39.8271,-121.459 39.8271,-121.465 39.8272,-121.483 39.8317,-121.489 39.8362,-121.489 39.8407,-121.489 39.8452,-121.489 39.8497,-121.489 39.8542,-121.483 39.8587,-121.477 39.8587,-121.459 39.8541,-121.436 39.8541,-121.43 39.8541,-121.413 39.8496,-121.407 39.845,-121.407 39.8405,-121.407 39.836,-121.407 39.8315,-121.407 39.827))
201811112032,5,2,
Pattern Matcher : 41
201811112103,0,2,201811112115,6,2,multi: 1

boundary size: 1
boundary: POLYGON((-121.454 39.6426,-121.46 39.6381,-121.466 39.6382,-121.472 39.6382,-121.477 39.6382,-121.495 39.6427,-121.542 39.6698,-121.547 39.6698,-121.565 39.6743,-121.571 39.6788,-121.571 39.6833,-121.571 39.6878,-121.571 39.6923,-121.571 39.6968,-121.559 39.7013,-121.512 39.7192,-121.501 39.7237,-121.483 39.7192,-121.471 39.7147,-121.437 39.6831,-121.442 39.6651,-121.454 39.6426))
201811112130,5,2,
Pattern Matcher : 42
201811112103,0,2,201811112116,6,2,multi: 1

boundary size: 1
boundary: POLYGON((-121.407 39.827,-121.413 39.8226,-121.419 39.8226,-121.436 39.8271,-121.459 39.8271,-121.465 39.8272,-121.483 39.8317,-121.489 39.8362,-121.489 39.8407,-121.489 39.8452,-121.489 39.8497,-121.489 39.8542,-121.483 39.8587,-121.477 39.8587,-121.459 39.8541,-121.436 39.8541,-121.43 39.8541,-121.413 39.8496,-121.407 39.845,-121.407 39.8405,-121.407 39.836,-121.407 39.8315,-121.407 39.827))
201811112130,5,2,
Pattern Matcher : 43
201811112203,0,2,201811112237,6,2,multi: 1

boundary size: 1
boundary: POLYGON((-121.454 39.6426,-121.46 39.6381,-121.466 39.6382,-121.472 39.6382,-121.477 39.6382,-121.507 39.6382,-121.512 39.6382,-121.524 39.6427,-121.542 39.6473,-121.565 39.6743,-121.571 39.6788,-121.571 39.6833,-121.571 39.6878,-121.571 39.6923,-121.571 39.6968,-121.559 39.7148,-121.553 39.7238,-121.547 39.7283,-121.53 39.7237,-121.471 39.7777,-121.471 39.7822,-121.471 39.7867,-121.471 39.7912,-121.471 39.7957,-121.465 39.8002,-121.448 39.8361,-121.448 39.8406,-121.442 39.8496,-121.436 39.8541,-121.43 39.8541,-121.413 39.8496,-121.407 39.845,-121.407 39.8405,-121.407 39.836,-121.407 39.8315,-121.407 39.827,-121.413 39.8226,-121.43 39.7866,-121.43 39.7821,-121.43 39.7776,-121.436 39.7731,-121.442 39.7686,-121.437 39.6831,-121.442 39.6651,-121.454 39.6426))
201811112252,5,2,
Pattern Matcher : 44
201811112302,0,2,201811112344,6,2,multi: 1

boundary size: 1
boundary: POLYGON((-121.454 39.6426,-121.46 39.6381,-121.466 39.6382,-121.472 39.6382,-121.477 39.6382,-121.507 39.6382,-121.512 39.6382,-121.524 39.6427,-121.542 39.6473,-121.565 39.6743,-121.571 39.6788,-121.571 39.6833,-121.571 39.6878,-121.571 39.6923,-121.571 39.6968,-121.559 39.7148,-121.617 39.7868,-121.623 39.7868,-121.629 39.7868,-121.635 39.7868,-121.647 39.7913,-121.652 39.7958,-121.688 39.8228,-121.688 39.8273,-121.688 39.8318,-121.682 39.8453,-121.676 39.8453,-121.67 39.8453,-121.664 39.8453,-121.652 39.8408,-121.647 39.8363,-121.612 39.8093,-121.612 39.8048,-121.612 39.8003,-121.612 39.7958,-121.612 39.7913,-121.547 39.7283,-121.53 39.7237,-121.518 39.7192,-121.472 39.6922,-121.466 39.6922,-121.46 39.6921,-121.448 39.6876,-121.437 39.6831,-121.442 39.6651,-121.454 39.6426))
201811112358,5,2,
Pattern Matcher : 45
201811112305,0,2,201811112344,6,2,201811112358,5,2,
Pattern Matcher : 46
201811112306,0,2,201811112344,6,2,201811112358,5,2,
Pattern Matcher : 47
201811112308,0,2,201811112344,6,2,201811112358,5,2,
Pattern Matcher : 48
201811112310,0,2,201811112344,6,2,201811112358,5,2,
Pattern Matcher : 49
201811112313,0,2,201811112344,6,2,201811112358,5,2,
Pattern Matcher : 50
201811112302,0,2,201811112345,6,2,multi: 1

boundary size: 1
boundary: POLYGON((-121.407 39.827,-121.413 39.8226,-121.419 39.8226,-121.436 39.8271,-121.448 39.8316,-121.448 39.8361,-121.448 39.8406,-121.442 39.8496,-121.436 39.8541,-121.43 39.8541,-121.413 39.8496,-121.407 39.845,-121.407 39.8405,-121.407 39.836,-121.407 39.8315,-121.407 39.827))
201811112358,5,2,
Pattern Matcher : 51
201811112305,0,2,201811112345,6,2,201811112358,5,2,
Pattern Matcher : 52
201811112306,0,2,201811112345,6,2,201811112358,5,2,
Pattern Matcher : 53
201811112308,0,2,201811112345,6,2,201811112358,5,2,
Pattern Matcher : 54
201811112310,0,2,201811112345,6,2,201811112358,5,2,
Pattern Matcher : 55
201811112313,0,2,201811112345,6,2,201811112358,5,2,
Pattern Matcher : 56
201811120006,0,2,201811120039,6,2,multi: 1

boundary size: 1
boundary: POLYGON((-121.509 39.6959,-121.536 39.6517,-121.533 39.645,-121.542 39.6473,-121.565 39.6743,-121.571 39.6788,-121.571 39.6833,-121.571 39.6878,-121.571 39.6923,-121.571 39.6968,-121.559 39.7013,-121.542 39.6968,-121.518 39.6967,-121.512 39.6967,-121.509 39.6959))
201811120055,5,2,
Pattern Matcher : 57
201811120006,0,2,201811120042,6,2,multi: 1

boundary size: 1
boundary: POLYGON((-121.682 39.7913,-121.699 39.7958,-121.699 39.8003,-121.699 39.8048,-121.699 39.8093,-121.699 39.8138,-121.693 39.8183,-121.687 39.8183,-121.682 39.8183,-121.676 39.8183,-121.658 39.8138,-121.658 39.8093,-121.658 39.8048,-121.658 39.8003,-121.658 39.7958,-121.664 39.7913,-121.67 39.7913,-121.676 39.7913,-121.682 39.7913))
201811120055,5,2,
Pattern Matcher : 58
201811121601,0,2,201811121608,6,2,multi: 1

boundary size: 1
boundary: POLYGON((-121.466 39.6157,-121.472 39.6112,-121.478 39.6112,-121.483 39.6112,-121.489 39.6112,-121.501 39.6157,-121.507 39.6202,-121.542 39.6473,-121.542 39.6518,-121.536 39.6652,-121.53 39.6697,-121.524 39.6697,-121.518 39.6697,-121.507 39.6652,-121.495 39.6607,-121.466 39.6337,-121.466 39.6292,-121.466 39.6247,-121.466 39.6202,-121.466 39.6157))
201811121643,5,2,
Pattern Matcher : 59
201811121601,0,2,201811121610,6,2,multi: 1

boundary size: 1
boundary: POLYGON((-121.603 39.8691,-121.565 39.8903,-121.559 39.8903,-121.553 39.8903,-121.55 39.8903,-121.547 39.8902,-121.53 39.8857,-121.53 39.8853,-121.53 39.8812,-121.53 39.8767,-121.53 39.8722,-121.53 39.8677,-121.53 39.8632,-121.54 39.8431,-121.582 39.8633,-121.6 39.8678,-121.603 39.8691))
201811121643,5,2,
Pattern Matcher : 60
201811121801,0,2,201811121812,6,2,multi: 1

boundary size: 1
boundary: POLYGON((-121.466 39.6157,-121.472 39.6112,-121.478 39.6112,-121.483 39.6112,-121.489 39.6112,-121.501 39.6157,-121.507 39.6202,-121.542 39.6473,-121.542 39.6518,-121.536 39.6652,-121.53 39.6697,-121.524 39.6697,-121.518 39.6697,-121.489 39.6652,-121.483 39.6652,-121.477 39.6652,-121.472 39.6652,-121.46 39.6606,-121.454 39.6561,-121.454 39.6516,-121.454 39.6471,-121.454 39.6426,-121.466 39.6157))
201811121828,5,2,
Pattern Matcher : 61
201811121801,0,2,201811121814,6,2,multi: 1

boundary size: 1
boundary: POLYGON((-121.407 39.827,-121.413 39.8226,-121.419 39.8226,-121.436 39.8271,-121.459 39.8271,-121.465 39.8272,-121.483 39.8317,-121.489 39.8362,-121.535 39.8632,-121.541 39.8632,-121.547 39.8633,-121.553 39.8633,-121.565 39.8678,-121.571 39.8723,-121.571 39.8768,-121.565 39.8903,-121.559 39.8903,-121.553 39.8903,-121.547 39.8902,-121.53 39.8857,-121.483 39.8587,-121.477 39.8587,-121.459 39.8541,-121.436 39.8541,-121.43 39.8541,-121.413 39.8496,-121.407 39.845,-121.407 39.8405,-121.407 39.836,-121.407 39.8315,-121.407 39.827))
201811121828,5,2,
Pattern Matcher : 62
201811121901,0,2,201811121911,6,2,multi: 1

boundary size: 1
boundary: POLYGON((-121.466 39.6157,-121.472 39.6112,-121.478 39.6112,-121.483 39.6112,-121.489 39.6112,-121.501 39.6157,-121.507 39.6202,-121.542 39.6473,-121.542 39.6518,-121.536 39.6652,-121.53 39.6697,-121.524 39.6697,-121.518 39.6697,-121.489 39.6652,-121.483 39.6652,-121.477 39.6652,-121.472 39.6652,-121.46 39.6606,-121.454 39.6561,-121.454 39.6516,-121.454 39.6471,-121.454 39.6426,-121.466 39.6157))
201811121925,5,2,
Pattern Matcher : 63
201811121901,0,2,201811121914,6,2,multi: 1

boundary size: 1
boundary: POLYGON((-121.407 39.827,-121.413 39.8226,-121.419 39.8226,-121.436 39.8271,-121.459 39.8271,-121.465 39.8272,-121.483 39.8317,-121.489 39.8362,-121.489 39.8407,-121.489 39.8452,-121.489 39.8497,-121.489 39.8542,-121.477 39.8812,-121.465 39.8856,-121.448 39.8811,-121.436 39.8766,-121.413 39.8496,-121.407 39.845,-121.407 39.8405,-121.407 39.836,-121.407 39.8315,-121.407 39.827))
201811121925,5,2,
Pattern Matcher : 64
201811122003,0,2,201811122018,6,2,multi: 1

boundary size: 1
boundary: POLYGON((-121.466 39.6157,-121.472 39.6112,-121.478 39.6112,-121.483 39.6112,-121.489 39.6112,-121.501 39.6157,-121.507 39.6202,-121.542 39.6473,-121.542 39.6518,-121.536 39.6652,-121.53 39.6697,-121.501 39.7282,-121.501 39.7327,-121.501 39.7372,-121.495 39.7462,-121.489 39.7507,-121.483 39.8317,-121.489 39.8362,-121.535 39.8632,-121.541 39.8632,-121.547 39.8633,-121.553 39.8633,-121.565 39.8678,-121.571 39.8723,-121.571 39.8768,-121.565 39.8903,-121.559 39.8903,-121.553 39.8903,-121.547 39.8902,-121.512 39.8902,-121.5 39.8857,-121.483 39.8812,-121.436 39.8541,-121.43 39.8541,-121.413 39.8496,-121.407 39.845,-121.407 39.8405,-121.407 39.836,-121.407 39.8315,-121.407 39.827,-121.413 39.8226,-121.419 39.8226,-121.46 39.7416,-121.46 39.7371,-121.46 39.7326,-121.46 39.7281,-121.46 39.7236,-121.454 39.6561,-121.454 39.6516,-121.454 39.6471,-121.454 39.6426,-121.466 39.6157))
201811122029,5,2,
Pattern Matcher : 65
201811122103,0,2,201811122116,6,2,multi: 1

boundary size: 1
boundary: POLYGON((-121.466 39.6157,-121.472 39.6112,-121.478 39.6112,-121.483 39.6112,-121.489 39.6112,-121.501 39.6157,-121.507 39.6202,-121.542 39.6473,-121.542 39.6518,-121.536 39.6652,-121.524 39.6922,-121.518 39.6967,-121.501 39.7327,-121.501 39.7372,-121.495 39.7462,-121.489 39.7507,-121.483 39.8317,-121.489 39.8362,-121.535 39.8632,-121.541 39.8632,-121.547 39.8633,-121.553 39.8633,-121.565 39.8678,-121.571 39.8723,-121.6 39.8993,-121.6 39.9038,-121.6 39.9083,-121.6 39.9128,-121.6 39.9173,-121.594 39.9218,-121.588 39.9218,-121.582 39.9218,-121.57 39.9173,-121.559 39.9128,-121.512 39.8902,-121.5 39.8857,-121.483 39.8812,-121.436 39.8541,-121.43 39.8541,-121.413 39.8496,-121.407 39.845,-121.407 39.8405,-121.407 39.836,-121.407 39.8315,-121.407 39.827,-121.413 39.8226,-121.419 39.8226,-121.46 39.7416,-121.46 39.7371,-121.46 39.7326,-121.46 39.7281,-121.46 39.7236,-121.437 39.6831,-121.442 39.6651,-121.454 39.6426,-121.466 39.6157))
201811122125,5,2,
Pattern Matcher : 66
201811122203,0,2,201811122240,6,2,multi: 1

boundary size: 1
boundary: POLYGON((-121.501 39.6427,-121.507 39.6382,-121.512 39.6382,-121.524 39.6427,-121.542 39.6473,-121.542 39.6518,-121.536 39.6652,-121.53 39.6697,-121.501 39.7282,-121.501 39.7327,-121.501 39.7372,-121.495 39.7462,-121.489 39.7507,-121.483 39.8317,-121.489 39.8362,-121.535 39.8632,-121.541 39.8632,-121.547 39.8633,-121.553 39.8633,-121.565 39.8678,-121.571 39.8723,-121.571 39.8768,-121.565 39.8903,-121.559 39.8903,-121.553 39.8903,-121.547 39.8902,-121.512 39.8902,-121.5 39.8857,-121.465 39.8856,-121.448 39.8811,-121.436 39.8766,-121.413 39.8496,-121.407 39.845,-121.407 39.8405,-121.407 39.836,-121.407 39.8315,-121.407 39.827,-121.413 39.8226,-121.419 39.8226,-121.46 39.7416,-121.436 39.7146,-121.425 39.7101,-121.425 39.7056,-121.425 39.7011,-121.431 39.6921,-121.437 39.6876,-121.442 39.6876,-121.495 39.6607,-121.501 39.6427))
201811122249,5,2,
Pattern Matcher : 67
201811122302,0,2,201811122346,6,2,multi: 1

boundary size: 1
boundary: POLYGON((-121.501 39.6427,-121.507 39.6382,-121.512 39.6382,-121.524 39.6427,-121.542 39.6473,-121.542 39.6518,-121.536 39.6652,-121.53 39.6697,-121.501 39.7282,-121.501 39.7327,-121.501 39.7372,-121.495 39.7462,-121.489 39.7507,-121.483 39.8317,-121.489 39.8362,-121.535 39.8632,-121.541 39.8632,-121.547 39.8633,-121.553 39.8633,-121.565 39.8678,-121.571 39.8723,-121.571 39.8768,-121.565 39.8903,-121.559 39.8903,-121.553 39.8903,-121.547 39.8902,-121.53 39.8857,-121.483 39.8587,-121.477 39.8587,-121.459 39.8541,-121.436 39.8541,-121.43 39.8541,-121.413 39.8496,-121.407 39.845,-121.407 39.8405,-121.407 39.836,-121.407 39.8315,-121.407 39.827,-121.413 39.8226,-121.419 39.8226,-121.46 39.7416,-121.436 39.7146,-121.425 39.7101,-121.425 39.7056,-121.425 39.7011,-121.431 39.6921,-121.437 39.6876,-121.442 39.6876,-121.495 39.6607,-121.501 39.6427))
201811122358,5,2,
Pattern Matcher : 68
201811122304,0,2,201811122346,6,2,201811122358,5,2,
Pattern Matcher : 69
201811122307,0,2,201811122346,6,2,201811122358,5,2,
Pattern Matcher : 70
201811122309,0,2,201811122346,6,2,201811122358,5,2,
Pattern Matcher : 71
201811122310,0,2,201811122346,6,2,201811122358,5,2,
Pattern Matcher : 72
201811122311,0,2,201811122346,6,2,201811122358,5,2,
Pattern Matcher : 73
201811130004,0,2,201811130024,6,2,multi: 1

boundary size: 1
boundary: POLYGON((-121.454 39.6426,-121.46 39.6381,-121.466 39.6382,-121.472 39.6382,-121.477 39.6382,-121.507 39.6382,-121.512 39.6382,-121.524 39.6427,-121.542 39.6473,-121.542 39.6518,-121.536 39.6652,-121.524 39.6922,-121.518 39.6967,-121.512 39.6967,-121.495 39.6922,-121.483 39.6877,-121.46 39.6606,-121.454 39.6561,-121.454 39.6516,-121.454 39.6471,-121.454 39.6426))
201811130041,5,2,
Pattern Matcher : 74
201811130004,0,2,201811130026,6,2,multi: 1

boundary size: 1
boundary: POLYGON((-121.439 39.8541,-121.419 39.8361,-121.407 39.8283,-121.407 39.827,-121.413 39.8226,-121.419 39.8226,-121.436 39.8271,-121.459 39.8271,-121.465 39.8272,-121.483 39.8317,-121.489 39.8362,-121.535 39.8632,-121.541 39.8632,-121.547 39.8633,-121.553 39.8633,-121.565 39.8678,-121.571 39.8723,-121.571 39.8768,-121.565 39.8903,-121.559 39.8903,-121.553 39.8903,-121.547 39.8902,-121.53 39.8857,-121.483 39.8587,-121.477 39.8587,-121.459 39.8541,-121.439 39.8541))
201811130041,5,2,
event stream queue is empty now!
perform 2loadshedding
eventCn 2693
#full Match 75
#high latecny (> 150)41
#NumPartialMatch 77
#NumDropedPM 0
#NumDropedInputEvents 0
avg latency: 880
expression size: 0



********   Event Pattern    ********
TYPE Satellite {
    time,
    channelID,
    level,
    boundary
};

QUERY fail3
EVENT SEQ(Satellite c01,Satellite c07,Satellite c16)
WHERE c01.boundary /\ c07.boundary && c01.boundary /\ c16.boundary && c07.boundary /\ c16.boundary
    && c01.channelID == 0 && c07.channelID == 6
    && c16.channelID == 5
    && c01.level == 2 && c07.level == 2 && c16.level == 2
WITHIN 1h
RETURN Fire(c01.time,c01.channelID,c01.level,
    c07.time,c07.channelID,c07.level,
    INTERSECT(c01.boundary,c07.boundary,c16.boundary),
    c16.time,c16.channelID,c16.level
);