c06
c07MinusC14
c06
c16
c06
c07MinusC14
c16
c06
c07MinusC14
c16
c06
c06
c06
c07MinusC14
c07MinusC14
c07MinusC14
c06
c07MinusC14
c16
c16
c16
c16
Pattern Matcher : 0
201811080108,2,2,201811080114,3,2,multi: 1

boundary size: 0201811080132,5,2,
Pattern Matcher : 1
201811080108,2,2,201811080115,3,2,201811080132,5,2,
Pattern Matcher : 2
201811081506,2,2,201811081528,3,2,201811081541,5,2,
Pattern Matcher : 3
201811081508,2,2,201811081528,3,2,201811081541,5,2,
Pattern Matcher : 4
201811081511,2,2,201811081528,3,2,multi: 1

boundary size: 0201811081541,5,2,
Pattern Matcher : 5
201811081513,2,2,201811081528,3,2,201811081541,5,2,
Pattern Matcher : 6
201811081514,2,2,201811081528,3,2,201811081541,5,2,
Pattern Matcher : 7
201811081506,2,2,201811081528,3,2,201811081544,5,2,
Pattern Matcher : 8
201811081508,2,2,201811081528,3,2,201811081544,5,2,
Pattern Matcher : 9
201811081511,2,2,201811081528,3,2,multi: 1

boundary size: 1
boundary: POLYGON((-121.43 39.7957,-121.442 39.8,-121.442 39.8001,-121.46 39.8046,-121.46 39.8091,-121.46 39.8136,-121.46 39.8181,-121.459 39.8226,-121.454 39.8271,-121.448 39.8271,-121.442 39.8271,-121.424 39.8226,-121.421 39.8202,-121.419 39.8181,-121.419 39.8136,-121.419 39.8091,-121.419 39.8046,-121.419 39.8001,-121.425 39.7975,-121.43 39.7957))
201811081544,5,2,
Pattern Matcher : 10
201811081513,2,2,201811081528,3,2,201811081544,5,2,
Pattern Matcher : 11
201811081514,2,2,201811081528,3,2,201811081544,5,2,
Pattern Matcher : 12
201811081610,2,2,201811081634,3,2,multi: 1

boundary size: 1
boundary: POLYGON((-121.454 39.852,-121.448 39.8496,-121.438 39.8387,-121.424 39.8226,-121.421 39.8202,-121.419 39.8181,-121.419 39.8177,-121.419 39.8136,-121.419 39.8091,-121.419 39.8046,-121.419 39.8001,-121.415 39.7639,-121.448 39.7461,-121.454 39.7461,-121.46 39.7461,-121.466 39.7462,-121.501 39.7462,-121.512 39.7507,-121.547 39.7508,-121.594 39.7328,-121.6 39.7218,-121.6 39.7238,-121.6 39.7283,-121.588 39.7508,-121.576 39.7778,-121.565 39.7958,-121.559 39.8048,-121.547 39.8318,-121.535 39.8587,-121.524 39.8632,-121.512 39.8587,-121.483 39.8587,-121.477 39.8587,-121.459 39.8541,-121.454 39.852))
201811081640,5,2,
Pattern Matcher : 13
201811081610,2,2,201811081634,3,2,multi: 1

boundary size: 0201811081642,5,2,
Pattern Matcher : 14
201811081610,2,2,201811081634,3,2,multi: 1

boundary size: 0201811081644,5,2,
Pattern Matcher : 15
201811081811,2,2,201811081821,3,2,multi: 1

boundary size: 0201811081832,5,2,
Pattern Matcher : 16
201811081811,2,2,201811081824,3,2,multi: 1

boundary size: 1
boundary: POLYGON((-121.506 39.7237,-121.512 39.7237,-121.518 39.7237,-121.524 39.7237,-121.559 39.7238,-121.577 39.7283,-121.606 39.7283,-121.623 39.7328,-121.647 39.7328,-121.652 39.7328,-121.67 39.7373,-121.682 39.7418,-121.682 39.7463,-121.682 39.7508,-121.676 39.7598,-121.664 39.7868,-121.652 39.8093,-121.641 39.8363,-121.629 39.8543,-121.623 39.8678,-121.617 39.8678,-121.611 39.8678,-121.606 39.8678,-121.571 39.8678,-121.559 39.8633,-121.524 39.8632,-121.512 39.8587,-121.483 39.8587,-121.477 39.8587,-121.459 39.8541,-121.448 39.8496,-121.424 39.8226,-121.419 39.8181,-121.419 39.8136,-121.419 39.8091,-121.419 39.8046,-121.419 39.8001,-121.43 39.7776,-121.448 39.7461,-121.454 39.7461,-121.46 39.7461,-121.466 39.7462,-121.506 39.7237))
201811081832,5,2,
Pattern Matcher : 17
201811081811,2,2,201811081821,3,2,multi: 1

boundary size: 0201811081833,5,2,
Pattern Matcher : 18
201811081811,2,2,201811081824,3,2,multi: 1

boundary size: 0201811081833,5,2,
Pattern Matcher : 19
201811081909,2,2,201811081917,3,2,multi: 1

boundary size: 1
boundary: POLYGON((-121.518 39.7012,-121.524 39.6967,-121.53 39.6967,-121.536 39.6967,-121.553 39.7013,-121.565 39.7013,-121.571 39.7013,-121.577 39.7013,-121.582 39.7013,-121.617 39.7013,-121.635 39.7058,-121.647 39.7103,-121.67 39.7373,-121.682 39.7418,-121.682 39.7463,-121.682 39.7508,-121.676 39.7598,-121.664 39.7868,-121.652 39.8093,-121.641 39.8363,-121.629 39.8543,-121.623 39.8678,-121.617 39.8678,-121.611 39.8678,-121.606 39.8678,-121.571 39.8678,-121.559 39.8633,-121.524 39.8632,-121.512 39.8587,-121.483 39.8587,-121.477 39.8587,-121.459 39.8541,-121.448 39.8496,-121.424 39.8226,-121.419 39.8181,-121.419 39.8136,-121.419 39.8091,-121.419 39.8046,-121.419 39.8001,-121.43 39.7776,-121.448 39.7461,-121.454 39.7461,-121.46 39.7461,-121.466 39.7462,-121.506 39.7237,-121.518 39.7012))
201811081923,5,2,
Pattern Matcher : 20
201811081909,2,2,201811081917,3,2,multi: 1

boundary size: 0201811081926,5,2,
Pattern Matcher : 21
201811081909,2,2,201811081917,3,2,multi: 1

boundary size: 0201811081928,5,2,
Pattern Matcher : 22
201811082010,2,2,201811082017,3,2,multi: 1

boundary size: 1
boundary: POLYGON((-121.518 39.7012,-121.524 39.6967,-121.53 39.6967,-121.536 39.6967,-121.553 39.7013,-121.565 39.7013,-121.571 39.7013,-121.577 39.7013,-121.582 39.7013,-121.617 39.7013,-121.635 39.7058,-121.664 39.7058,-121.682 39.7103,-121.693 39.7148,-121.693 39.7193,-121.693 39.7238,-121.693 39.7283,-121.693 39.7328,-121.682 39.7508,-121.676 39.7598,-121.664 39.7868,-121.652 39.8093,-121.641 39.8363,-121.635 39.8408,-121.629 39.8408,-121.623 39.8408,-121.582 39.8588,-121.576 39.8633,-121.571 39.8678,-121.559 39.8633,-121.524 39.8632,-121.512 39.8587,-121.483 39.8587,-121.477 39.8587,-121.459 39.8541,-121.448 39.8496,-121.424 39.8226,-121.419 39.8181,-121.419 39.8136,-121.419 39.8091,-121.419 39.8046,-121.419 39.8001,-121.43 39.7776,-121.448 39.7461,-121.46 39.7236,-121.466 39.7192,-121.471 39.7192,-121.477 39.7192,-121.518 39.7012))
201811082026,5,2,
Pattern Matcher : 23
201811082010,2,2,201811082017,3,2,multi: 1

boundary size: 0201811082029,5,2,
Pattern Matcher : 24
201811082115,2,2,201811082124,3,2,multi: 1

boundary size: 1
boundary: POLYGON((-121.577 39.6788,-121.582 39.6743,-121.588 39.6743,-121.594 39.6743,-121.612 39.6788,-121.623 39.6788,-121.629 39.6788,-121.635 39.6788,-121.641 39.6788,-121.647 39.6788,-121.658 39.6833,-121.664 39.6878,-121.693 39.7148,-121.717 39.7418,-121.728 39.7463,-121.723 39.7643,-121.711 39.7868,-121.705 39.7913,-121.699 39.7913,-121.693 39.7913,-121.652 39.8093,-121.641 39.8363,-121.635 39.8408,-121.629 39.8408,-121.623 39.8408,-121.582 39.8588,-121.576 39.8633,-121.571 39.8678,-121.559 39.8633,-121.524 39.8632,-121.512 39.8587,-121.495 39.8542,-121.448 39.8271,-121.442 39.8271,-121.424 39.8226,-121.419 39.8181,-121.419 39.8136,-121.419 39.8091,-121.419 39.8046,-121.419 39.8001,-121.442 39.7641,-121.448 39.7461,-121.46 39.7236,-121.466 39.7192,-121.471 39.7192,-121.477 39.7192,-121.518 39.7012,-121.524 39.6967,-121.53 39.6967,-121.536 39.6967,-121.577 39.6788))
201811082136,5,2,
Pattern Matcher : 25
201811082242,2,2,201811082254,3,2,multi: 1

boundary size: 1
boundary: POLYGON((-121.419 39.8181,-121.419 39.8136,-121.419 39.8091,-121.419 39.8046,-121.419 39.8001,-121.442 39.7641,-121.448 39.7461,-121.46 39.7236,-121.472 39.6967,-121.477 39.6922,-121.483 39.6922,-121.489 39.6922,-121.507 39.6967,-121.524 39.6967,-121.53 39.6967,-121.536 39.6967,-121.577 39.6788,-121.582 39.6743,-121.588 39.6743,-121.594 39.6743,-121.612 39.6788,-121.623 39.6788,-121.629 39.6788,-121.635 39.6788,-121.641 39.6788,-121.647 39.6788,-121.658 39.6833,-121.664 39.6878,-121.693 39.7148,-121.693 39.7193,-121.693 39.7238,-121.693 39.7283,-121.693 39.7328,-121.682 39.7508,-121.676 39.7598,-121.664 39.7868,-121.652 39.8093,-121.641 39.8363,-121.635 39.8408,-121.629 39.8408,-121.623 39.8408,-121.582 39.8588,-121.576 39.8633,-121.571 39.8678,-121.559 39.8633,-121.524 39.8632,-121.512 39.8587,-121.495 39.8542,-121.448 39.8271,-121.442 39.8271,-121.424 39.8226,-121.419 39.8181))
201811082259,5,2,
Pattern Matcher : 26
201811082244,2,2,201811082254,3,2,201811082259,5,2,
Pattern Matcher : 27
201811082340,2,2,201811082352,3,2,multi: 1

boundary size: 1
boundary: POLYGON((-121.483 39.8587,-121.477 39.8587,-121.459 39.8541,-121.448 39.8496,-121.424 39.8226,-121.419 39.8181,-121.419 39.8136,-121.419 39.8091,-121.419 39.8046,-121.419 39.8001,-121.43 39.7956,-121.477 39.7777,-121.489 39.7552,-121.506 39.7237,-121.518 39.7012,-121.524 39.6967,-121.53 39.6967,-121.536 39.6967,-121.577 39.6788,-121.582 39.6743,-121.588 39.6743,-121.594 39.6743,-121.612 39.6788,-121.623 39.6788,-121.629 39.6788,-121.635 39.6788,-121.641 39.6788,-121.647 39.6788,-121.658 39.6833,-121.664 39.6878,-121.693 39.7148,-121.717 39.7418,-121.728 39.7463,-121.723 39.7643,-121.717 39.7688,-121.711 39.7688,-121.664 39.7868,-121.652 39.8093,-121.641 39.8363,-121.635 39.8408,-121.629 39.8408,-121.623 39.8408,-121.582 39.8588,-121.576 39.8633,-121.571 39.8678,-121.559 39.8633,-121.524 39.8632,-121.512 39.8587,-121.483 39.8587))
201811082359,5,2,
Pattern Matcher : 28
201811082342,2,2,201811082352,3,2,201811082359,5,2,
Pattern Matcher : 29
201811082344,2,2,201811082352,3,2,201811082359,5,2,
Pattern Matcher : 30
201811082340,2,2,201811082352,3,2,multi: 1

boundary size: 0201811082359,5,2,
Pattern Matcher : 31
201811082342,2,2,201811082352,3,2,201811082359,5,2,
Pattern Matcher : 32
201811082344,2,2,201811082352,3,2,201811082359,5,2,
Pattern Matcher : 33
201811090030,2,2,201811090045,3,2,multi: 1

boundary size: 1
boundary: POLYGON((-121.641 39.8363,-121.635 39.8408,-121.629 39.8408,-121.623 39.8408,-121.582 39.8588,-121.576 39.8633,-121.571 39.8678,-121.559 39.8633,-121.524 39.8632,-121.512 39.8587,-121.483 39.8587,-121.477 39.8587,-121.459 39.8541,-121.448 39.8496,-121.424 39.8226,-121.419 39.8181,-121.419 39.8136,-121.419 39.8091,-121.419 39.8046,-121.419 39.8001,-121.43 39.7956,-121.46 39.7416,-121.46 39.7371,-121.46 39.7326,-121.46 39.7281,-121.46 39.7236,-121.466 39.7192,-121.471 39.7192,-121.477 39.7192,-121.518 39.7012,-121.53 39.6742,-121.536 39.6697,-121.542 39.6698,-121.547 39.6698,-121.565 39.6743,-121.582 39.6743,-121.588 39.6743,-121.594 39.6743,-121.612 39.6788,-121.623 39.6788,-121.629 39.6788,-121.635 39.6788,-121.641 39.6788,-121.647 39.6788,-121.676 39.6788,-121.693 39.6833,-121.705 39.6878,-121.728 39.7148,-121.74 39.7193,-121.74 39.7238,-121.74 39.7283,-121.74 39.7328,-121.723 39.7643,-121.717 39.7688,-121.711 39.7688,-121.664 39.7868,-121.652 39.8093,-121.641 39.8363))
201811090055,5,2,
Pattern Matcher : 34
201811090033,2,2,201811090045,3,2,201811090055,5,2,
Pattern Matcher : 35
201811090035,2,2,201811090045,3,2,201811090055,5,2,
Pattern Matcher : 36
201811090109,2,2,201811090115,3,2,multi: 1

boundary size: 1
boundary: POLYGON((-121.483 39.8587,-121.483 39.8587,-121.477 39.8587,-121.459 39.8541,-121.459 39.8541,-121.459 39.8541,-121.448 39.8496,-121.424 39.8226,-121.419 39.8181,-121.419 39.8136,-121.419 39.8091,-121.419 39.8046,-121.419 39.8001,-121.43 39.7956,-121.477 39.7777,-121.489 39.7552,-121.506 39.7237,-121.518 39.7012,-121.53 39.6742,-121.536 39.6697,-121.542 39.6698,-121.547 39.6698,-121.588 39.6518,-121.594 39.6473,-121.6 39.6473,-121.606 39.6473,-121.623 39.6518,-121.641 39.6518,-121.647 39.6518,-121.652 39.6518,-121.67 39.6563,-121.676 39.6608,-121.705 39.6878,-121.728 39.7148,-121.74 39.7193,-121.74 39.7238,-121.74 39.7283,-121.74 39.7328,-121.723 39.7643,-121.711 39.7868,-121.699 39.8138,-121.693 39.8183,-121.687 39.8183,-121.682 39.8183,-121.676 39.8183,-121.641 39.8183,-121.582 39.8588,-121.576 39.8633,-121.571 39.8678,-121.559 39.8633,-121.524 39.8632,-121.512 39.8587,-121.483 39.8587))
201811090122,5,2,
Pattern Matcher : 37
201811090207,2,2,201811090217,3,2,multi: 1

boundary size: 1
boundary: POLYGON((-121.483 39.8587,-121.483 39.8587,-121.477 39.8587,-121.459 39.8541,-121.459 39.8541,-121.459 39.8541,-121.448 39.8496,-121.424 39.8226,-121.419 39.8181,-121.419 39.8091,-121.419 39.8046,-121.419 39.8001,-121.43 39.7956,-121.46 39.7416,-121.46 39.7371,-121.46 39.7326,-121.46 39.7281,-121.46 39.7236,-121.466 39.7192,-121.471 39.7192,-121.477 39.7192,-121.518 39.7012,-121.53 39.6742,-121.536 39.6697,-121.542 39.6698,-121.547 39.6698,-121.588 39.6518,-121.594 39.6473,-121.6 39.6473,-121.606 39.6473,-121.623 39.6518,-121.641 39.6518,-121.647 39.6518,-121.652 39.6518,-121.67 39.6563,-121.682 39.6563,-121.687 39.6563,-121.693 39.6563,-121.699 39.6563,-121.705 39.6563,-121.717 39.6608,-121.722 39.6653,-121.752 39.6923,-121.752 39.6968,-121.752 39.7013,-121.752 39.7058,-121.752 39.7103,-121.769 39.7507,-121.769 39.7552,-121.769 39.7597,-121.769 39.7642,-121.769 39.7687,-121.763 39.7687,-121.758 39.7687,-121.752 39.7688,-121.711 39.7868,-121.699 39.8138,-121.693 39.8183,-121.687 39.8183,-121.682 39.8183,-121.676 39.8183,-121.641 39.8183,-121.582 39.8588,-121.576 39.8633,-121.571 39.8678,-121.559 39.8633,-121.524 39.8632,-121.512 39.8587,-121.483 39.8587))
201811090224,5,2,
Pattern Matcher : 38
201811090309,2,2,201811090318,3,2,multi: 1

boundary size: 1
boundary: POLYGON((-121.483 39.8587,-121.483 39.8587,-121.477 39.8587,-121.459 39.8541,-121.454 39.852,-121.448 39.8496,-121.438 39.8387,-121.424 39.8226,-121.421 39.8202,-121.419 39.8181,-121.419 39.8136,-121.419 39.8091,-121.419 39.8046,-121.419 39.8001,-121.442 39.7641,-121.448 39.7461,-121.46 39.7236,-121.466 39.7192,-121.471 39.7192,-121.477 39.7192,-121.518 39.7012,-121.53 39.6742,-121.536 39.6697,-121.542 39.6698,-121.547 39.6698,-121.588 39.6518,-121.594 39.6473,-121.6 39.6473,-121.606 39.6473,-121.647 39.6293,-121.652 39.6248,-121.658 39.6248,-121.664 39.6248,-121.682 39.6293,-121.699 39.6293,-121.705 39.6293,-121.711 39.6293,-121.728 39.6338,-121.734 39.6383,-121.763 39.6652,-121.787 39.6922,-121.798 39.6967,-121.798 39.7012,-121.798 39.7057,-121.798 39.7147,-121.787 39.7282,-121.781 39.7417,-121.769 39.7687,-121.758 39.7912,-121.752 39.7958,-121.746 39.7958,-121.74 39.7958,-121.699 39.8138,-121.693 39.8183,-121.687 39.8183,-121.682 39.8183,-121.676 39.8183,-121.641 39.8183,-121.582 39.8588,-121.576 39.8633,-121.571 39.8678,-121.559 39.8633,-121.524 39.8632,-121.512 39.8587,-121.483 39.8587))
201811090324,5,2,
Pattern Matcher : 39
201811090309,2,2,201811090318,3,2,multi: 1

boundary size: 0201811090327,5,2,
Pattern Matcher : 40
201811090406,2,2,201811090414,3,2,multi: 1

boundary size: 1
boundary: POLYGON((-121.483 39.8587,-121.483 39.8587,-121.477 39.8587,-121.459 39.8541,-121.454 39.852,-121.448 39.8496,-121.438 39.8387,-121.424 39.8226,-121.421 39.8202,-121.419 39.8181,-121.419 39.8136,-121.419 39.8091,-121.419 39.8046,-121.419 39.8001,-121.442 39.7641,-121.448 39.7461,-121.46 39.7236,-121.466 39.7192,-121.471 39.7192,-121.477 39.7192,-121.518 39.7012,-121.53 39.6742,-121.536 39.6697,-121.542 39.6698,-121.547 39.6698,-121.588 39.6518,-121.6 39.6338,-121.606 39.6248,-121.612 39.6203,-121.617 39.6203,-121.635 39.6248,-121.652 39.6248,-121.658 39.6248,-121.664 39.6248,-121.682 39.6293,-121.687 39.6338,-121.734 39.6563,-121.752 39.6608,-121.763 39.6652,-121.763 39.6697,-121.763 39.6742,-121.763 39.6787,-121.763 39.6832,-121.787 39.7237,-121.816 39.7507,-121.816 39.7597,-121.816 39.7642,-121.816 39.7687,-121.81 39.7732,-121.804 39.7732,-121.798 39.7732,-121.758 39.7912,-121.752 39.7958,-121.746 39.7958,-121.74 39.7958,-121.699 39.8138,-121.693 39.8183,-121.687 39.8183,-121.682 39.8183,-121.676 39.8183,-121.641 39.8183,-121.582 39.8588,-121.576 39.8633,-121.571 39.8678,-121.559 39.8633,-121.524 39.8632,-121.512 39.8587,-121.483 39.8587))
201811090422,5,2,
Pattern Matcher : 41
201811090406,2,2,201811090414,3,2,multi: 1

boundary size: 0201811090423,5,2,
Pattern Matcher : 42
201811090406,2,2,201811090414,3,2,multi: 1

boundary size: 0201811090424,5,2,
Pattern Matcher : 43
201811090508,2,2,201811090515,3,2,multi: 1

boundary size: 1
boundary: POLYGON((-121.439 39.8263,-121.424 39.8226,-121.421 39.8202,-121.419 39.8181,-121.419 39.8136,-121.419 39.8091,-121.419 39.8046,-121.419 39.8001,-121.43 39.7956,-121.46 39.7416,-121.46 39.7371,-121.46 39.7326,-121.46 39.7236,-121.466 39.7192,-121.471 39.7192,-121.477 39.7192,-121.518 39.7012,-121.524 39.6967,-121.542 39.6608,-121.542 39.6563,-121.547 39.6473,-121.553 39.6428,-121.559 39.6428,-121.606 39.6248,-121.612 39.6203,-121.617 39.6203,-121.635 39.6248,-121.652 39.6248,-121.658 39.6248,-121.664 39.6248,-121.682 39.6293,-121.687 39.6338,-121.717 39.6608,-121.722 39.6653,-121.763 39.6877,-121.769 39.6877,-121.775 39.6877,-121.787 39.6922,-121.798 39.6967,-121.798 39.7012,-121.798 39.7057,-121.798 39.7102,-121.798 39.7147,-121.816 39.7507,-121.816 39.7552,-121.816 39.7597,-121.816 39.7642,-121.816 39.7687,-121.81 39.7732,-121.804 39.7732,-121.798 39.7732,-121.758 39.7912,-121.752 39.7958,-121.746 39.7958,-121.74 39.7958,-121.699 39.8138,-121.693 39.8183,-121.687 39.8183,-121.682 39.8183,-121.676 39.8183,-121.641 39.8183,-121.582 39.8588,-121.576 39.8633,-121.571 39.8678,-121.559 39.8633,-121.524 39.8632,-121.512 39.8587,-121.495 39.8542,-121.448 39.8271,-121.442 39.8271,-121.439 39.8263))
201811090522,5,2,
Pattern Matcher : 44
201811090508,2,2,201811090515,3,2,multi: 1

boundary size: 0201811090523,5,2,
Pattern Matcher : 45
201811090508,2,2,201811090515,3,2,multi: 1

boundary size: 0201811090525,5,2,
Pattern Matcher : 46
201811090611,2,2,201811090620,3,2,multi: 1

boundary size: 1
boundary: POLYGON((-121.495 39.8539,-121.495 39.8497,-121.495 39.8452,-121.495 39.8407,-121.495 39.8362,-121.477 39.7957,-121.448 39.7686,-121.446 39.767,-121.46 39.7416,-121.46 39.7371,-121.46 39.7326,-121.46 39.7281,-121.46 39.7236,-121.466 39.7192,-121.471 39.7192,-121.477 39.7192,-121.518 39.7012,-121.524 39.6967,-121.542 39.6608,-121.542 39.6563,-121.547 39.6473,-121.553 39.6428,-121.559 39.6428,-121.617 39.5978,-121.623 39.5933,-121.629 39.5933,-121.641 39.5978,-121.67 39.5978,-121.676 39.5978,-121.693 39.6023,-121.699 39.6068,-121.699 39.6158,-121.699 39.6203,-121.699 39.6248,-121.717 39.6608,-121.722 39.6653,-121.752 39.6923,-121.775 39.7192,-121.787 39.7237,-121.787 39.7282,-121.781 39.7417,-121.769 39.7687,-121.758 39.7912,-121.746 39.8138,-121.74 39.8228,-121.734 39.8228,-121.728 39.8228,-121.723 39.8228,-121.693 39.8183,-121.687 39.8183,-121.682 39.8183,-121.676 39.8183,-121.641 39.8183,-121.582 39.8588,-121.576 39.8633,-121.571 39.8678,-121.559 39.8633,-121.524 39.8632,-121.512 39.8587,-121.495 39.8542,-121.495 39.8539))
201811090629,5,2,
Pattern Matcher : 47
201811090611,2,2,201811090620,3,2,multi: 1

boundary size: 0201811090630,5,2,
Pattern Matcher : 48
201811090708,2,2,201811090721,3,2,multi: 1

boundary size: 1
boundary: POLYGON((-121.617 39.8678,-121.617 39.8678,-121.611 39.8678,-121.606 39.8678,-121.565 39.8903,-121.559 39.8903,-121.553 39.8903,-121.55 39.8903,-121.547 39.8902,-121.53 39.8857,-121.529 39.8849,-121.495 39.8542,-121.471 39.8272,-121.465 39.8227,-121.436 39.7956,-121.43 39.7911,-121.43 39.7866,-121.43 39.7821,-121.43 39.7776,-121.43 39.7772,-121.448 39.7461,-121.471 39.7057,-121.471 39.7012,-121.472 39.6967,-121.477 39.6922,-121.483 39.6922,-121.489 39.6922,-121.507 39.6967,-121.524 39.6967,-121.53 39.6967,-121.536 39.6967,-121.577 39.6788,-121.588 39.6518,-121.594 39.6473,-121.6 39.6473,-121.606 39.6473,-121.623 39.6518,-121.641 39.6518,-121.647 39.6518,-121.652 39.6518,-121.67 39.6563,-121.676 39.6608,-121.676 39.6653,-121.676 39.6698,-121.752 39.7148,-121.757 39.7148,-121.763 39.7147,-121.775 39.7192,-121.787 39.7237,-121.787 39.7282,-121.781 39.7417,-121.775 39.7462,-121.769 39.7462,-121.711 39.7868,-121.705 39.7913,-121.699 39.7913,-121.693 39.7913,-121.652 39.8093,-121.647 39.8138,-121.629 39.8498,-121.629 39.8543,-121.623 39.8678,-121.617 39.8678))
201811090737,5,2,
Pattern Matcher : 49
201811090809,2,2,201811090820,3,2,multi: 1

boundary size: 0201811090834,5,2,
Pattern Matcher : 50
201811090809,2,2,201811090820,3,2,multi: 1

boundary size: 1
boundary: POLYGON((-121.707 39.7703,-121.664 39.7868,-121.652 39.8093,-121.641 39.8363,-121.629 39.8543,-121.623 39.8678,-121.611 39.8903,-121.609 39.8952,-121.606 39.8948,-121.6 39.8948,-121.594 39.8948,-121.565 39.8903,-121.559 39.8903,-121.553 39.8903,-121.547 39.8902,-121.53 39.8857,-121.529 39.8849,-121.495 39.8542,-121.495 39.8497,-121.448 39.8001,-121.436 39.7956,-121.43 39.7911,-121.426 39.7866,-121.43 39.7776,-121.448 39.7461,-121.454 39.7461,-121.46 39.7461,-121.466 39.7462,-121.506 39.7237,-121.512 39.7237,-121.518 39.7237,-121.524 39.7237,-121.588 39.6698,-121.588 39.6653,-121.588 39.6608,-121.588 39.6563,-121.588 39.6518,-121.594 39.6473,-121.6 39.6473,-121.606 39.6473,-121.623 39.6518,-121.629 39.6563,-121.629 39.6608,-121.629 39.6653,-121.629 39.6698,-121.629 39.6743,-121.617 39.6788,-121.588 39.7328,-121.646 39.7584,-121.647 39.7598,-121.651 39.7605,-121.67 39.7688,-121.676 39.7643,-121.682 39.7643,-121.687 39.7643,-121.693 39.7643,-121.705 39.7688,-121.707 39.7703))
201811090835,5,2,
Pattern Matcher : 51
201811090809,2,2,201811090820,3,2,multi: 1

boundary size: 0201811090837,5,2,
Pattern Matcher : 52
201811090909,2,2,201811090920,3,2,multi: 1

boundary size: 0201811090930,5,2,
Pattern Matcher : 53
201811090909,2,2,201811090920,3,2,multi: 1

boundary size: 0201811090931,5,2,
Pattern Matcher : 54
201811090909,2,2,201811090920,3,2,multi: 1

boundary size: 0201811090932,5,2,
Pattern Matcher : 55
201811090909,2,2,201811090920,3,2,multi: 1

boundary size: 1
boundary: POLYGON((-121.426 39.7866,-121.43 39.7776,-121.448 39.7461,-121.454 39.7461,-121.46 39.7461,-121.466 39.7462,-121.506 39.7237,-121.518 39.7012,-121.524 39.6967,-121.53 39.6967,-121.536 39.6967,-121.553 39.7013,-121.559 39.7058,-121.588 39.7328,-121.588 39.7373,-121.635 39.7868,-121.647 39.7913,-121.652 39.7958,-121.652 39.8003,-121.652 39.8048,-121.652 39.8093,-121.676 39.8498,-121.67 39.8676,-121.67 39.8678,-121.67 39.8678,-121.664 39.8723,-121.658 39.8723,-121.652 39.8723,-121.623 39.8678,-121.617 39.8678,-121.611 39.8678,-121.606 39.8678,-121.565 39.8903,-121.559 39.8903,-121.553 39.8903,-121.547 39.8902,-121.53 39.8857,-121.499 39.8681,-121.495 39.8542,-121.495 39.8497,-121.448 39.8001,-121.436 39.7956,-121.43 39.7911,-121.426 39.7866))
201811090935,5,2,
Pattern Matcher : 56
201811090909,2,2,201811090920,3,2,multi: 1

boundary size: 0201811090937,5,2,
Pattern Matcher : 57
201811090909,2,2,201811090920,3,2,multi: 1

boundary size: 0201811090940,5,2,
Pattern Matcher : 58
201811091009,2,2,201811091026,3,2,multi: 1

boundary size: 0201811091040,5,2,
Pattern Matcher : 59
201811091009,2,2,201811091026,3,2,multi: 1

boundary size: 0201811091042,5,2,
Pattern Matcher : 60
201811091009,2,2,201811091026,3,2,multi: 1

boundary size: 0201811091044,5,2,
Pattern Matcher : 61
201811091009,2,2,201811091026,3,2,multi: 1

boundary size: 0201811091047,5,2,
Pattern Matcher : 62
201811091009,2,2,201811091026,3,2,multi: 1

boundary size: 1
boundary: POLYGON((-121.529 39.8849,-121.495 39.8542,-121.495 39.8497,-121.495 39.8452,-121.495 39.8407,-121.495 39.8362,-121.477 39.7957,-121.448 39.7686,-121.442 39.7641,-121.439 39.7614,-121.448 39.7461,-121.46 39.7236,-121.466 39.7192,-121.471 39.7192,-121.477 39.7192,-121.518 39.7012,-121.524 39.6967,-121.53 39.6967,-121.536 39.6967,-121.553 39.7013,-121.559 39.7058,-121.559 39.7103,-121.559 39.7148,-121.576 39.7598,-121.623 39.7868,-121.629 39.7868,-121.635 39.7868,-121.647 39.7913,-121.652 39.7958,-121.688 39.8228,-121.688 39.8273,-121.688 39.8288,-121.678 39.8453,-121.676 39.8453,-121.67 39.8453,-121.664 39.8453,-121.623 39.8678,-121.611 39.8903,-121.606 39.8948,-121.6 39.8948,-121.594 39.8948,-121.565 39.8903,-121.559 39.8903,-121.553 39.8903,-121.547 39.8902,-121.53 39.8857,-121.529 39.8849))
201811091050,5,2,
Pattern Matcher : 63
201811091009,2,2,201811091026,3,2,multi: 1

boundary size: 0201811091053,5,2,
Pattern Matcher : 64
201811091009,2,2,201811091026,3,2,multi: 1

boundary size: 0201811091055,5,2,
Pattern Matcher : 65
201811091009,2,2,201811091026,3,2,multi: 1

boundary size: 0201811091057,5,2,
Pattern Matcher : 66
201811091110,2,2,201811091125,3,2,multi: 1

boundary size: 0201811091141,5,2,
Pattern Matcher : 67
201811091110,2,2,201811091125,3,2,multi: 1

boundary size: 0201811091142,5,2,
Pattern Matcher : 68
201811091110,2,2,201811091125,3,2,multi: 1

boundary size: 0201811091145,5,2,
Pattern Matcher : 69
201811091110,2,2,201811091125,3,2,multi: 1

boundary size: 1
boundary: POLYGON((-121.495 39.8539,-121.495 39.8497,-121.495 39.8452,-121.495 39.8407,-121.495 39.8362,-121.477 39.7957,-121.448 39.7686,-121.442 39.7641,-121.442 39.764,-121.448 39.7461,-121.46 39.7236,-121.466 39.7192,-121.471 39.7192,-121.477 39.7192,-121.495 39.7237,-121.506 39.7237,-121.512 39.7237,-121.518 39.7237,-121.524 39.7237,-121.541 39.7283,-121.565 39.7553,-121.576 39.7598,-121.623 39.7868,-121.629 39.7868,-121.635 39.7868,-121.647 39.7913,-121.652 39.7958,-121.652 39.8003,-121.652 39.8048,-121.652 39.8093,-121.645 39.8257,-121.641 39.8363,-121.64 39.8367,-121.635 39.8408,-121.611 39.8813,-121.611 39.8858,-121.611 39.8903,-121.606 39.8948,-121.6 39.8948,-121.594 39.8948,-121.565 39.8903,-121.559 39.8903,-121.553 39.8903,-121.547 39.8902,-121.53 39.8857,-121.495 39.8542,-121.495 39.8539))
201811091147,5,2,
Pattern Matcher : 70
201811091110,2,2,201811091125,3,2,multi: 1

boundary size: 0201811091150,5,2,
Pattern Matcher : 71
201811091110,2,2,201811091125,3,2,multi: 1

boundary size: 0201811091153,5,2,
Pattern Matcher : 72
201811091207,2,2,201811091223,3,2,multi: 1

boundary size: 0201811091236,5,2,
Pattern Matcher : 73
201811091207,2,2,201811091223,3,2,multi: 1

boundary size: 0201811091239,5,2,
Pattern Matcher : 74
201811091207,2,2,201811091223,3,2,multi: 1

boundary size: 0201811091241,5,2,
Pattern Matcher : 75
201811091207,2,2,201811091223,3,2,multi: 1

boundary size: 1
boundary: POLYGON((-121.5 39.8587,-121.495 39.8542,-121.495 39.8497,-121.495 39.8452,-121.495 39.8407,-121.495 39.8362,-121.477 39.7957,-121.448 39.7686,-121.442 39.7641,-121.442 39.7639,-121.448 39.7461,-121.46 39.7236,-121.466 39.7192,-121.471 39.7192,-121.477 39.7192,-121.518 39.7012,-121.524 39.6967,-121.53 39.6967,-121.536 39.6967,-121.553 39.7013,-121.565 39.7013,-121.571 39.7013,-121.577 39.7013,-121.582 39.7013,-121.6 39.7058,-121.6 39.7103,-121.6 39.7148,-121.6 39.7193,-121.6 39.7283,-121.606 39.7913,-121.621 39.8054,-121.623 39.8138,-121.635 39.8183,-121.641 39.8228,-121.641 39.8318,-121.641 39.8363,-121.658 39.8768,-121.658 39.8858,-121.658 39.8903,-121.658 39.8948,-121.652 39.8993,-121.647 39.8993,-121.641 39.8993,-121.606 39.8948,-121.606 39.8948,-121.606 39.8948,-121.6 39.8948,-121.594 39.8948,-121.582 39.8903,-121.571 39.8858,-121.524 39.8632,-121.512 39.8587,-121.5 39.8587))
201811091244,5,2,
Pattern Matcher : 76
201811091207,2,2,201811091223,3,2,multi: 1

boundary size: 0201811091246,5,2,
Pattern Matcher : 77
201811091207,2,2,201811091223,3,2,multi: 1

boundary size: 0201811091249,5,2,
Pattern Matcher : 78
201811091207,2,2,201811091223,3,2,multi: 1

boundary size: 0201811091252,5,2,
Pattern Matcher : 79
201811091308,2,2,201811091319,3,2,multi: 1

boundary size: 0201811091334,5,2,
Pattern Matcher : 80
201811091308,2,2,201811091321,3,2,201811091334,5,2,
Pattern Matcher : 81
201811091308,2,2,201811091319,3,2,multi: 1

boundary size: 0201811091337,5,2,
Pattern Matcher : 82
201811091308,2,2,201811091321,3,2,201811091337,5,2,
Pattern Matcher : 83
201811091308,2,2,201811091319,3,2,multi: 1

boundary size: 0201811091340,5,2,
Pattern Matcher : 84
201811091308,2,2,201811091321,3,2,201811091340,5,2,
Pattern Matcher : 85
201811091308,2,2,201811091319,3,2,multi: 1

boundary size: 0201811091341,5,2,
Pattern Matcher : 86
201811091308,2,2,201811091321,3,2,201811091341,5,2,
Pattern Matcher : 87
201811091308,2,2,201811091319,3,2,multi: 1

boundary size: 1
boundary: POLYGON((-121.606 39.8948,-121.606 39.8948,-121.6 39.8948,-121.594 39.8948,-121.582 39.8903,-121.571 39.8858,-121.541 39.8587,-121.541 39.8542,-121.541 39.8497,-121.541 39.8452,-121.541 39.8407,-121.512 39.7777,-121.495 39.7732,-121.483 39.7732,-121.477 39.7732,-121.471 39.7732,-121.465 39.7732,-121.46 39.7731,-121.448 39.7686,-121.442 39.7641,-121.448 39.7461,-121.448 39.7461,-121.46 39.7236,-121.466 39.7192,-121.483 39.6832,-121.483 39.6787,-121.489 39.6697,-121.495 39.6652,-121.501 39.6652,-121.536 39.6697,-121.542 39.6698,-121.547 39.6698,-121.565 39.6743,-121.571 39.6788,-121.6 39.7058,-121.6 39.7103,-121.6 39.7148,-121.6 39.7193,-121.6 39.7238,-121.6 39.7283,-121.664 39.7913,-121.67 39.7913,-121.676 39.7913,-121.682 39.7913,-121.691 39.7936,-121.641 39.8363,-121.629 39.8543,-121.623 39.8678,-121.611 39.8903,-121.606 39.8948,-121.606 39.8948))
201811091342,5,2,
Pattern Matcher : 88
201811091308,2,2,201811091321,3,2,201811091342,5,2,
Pattern Matcher : 89
201811091308,2,2,201811091319,3,2,multi: 1

boundary size: 0201811091345,5,2,
Pattern Matcher : 90
201811091308,2,2,201811091321,3,2,201811091345,5,2,
Pattern Matcher : 91
201811091408,2,2,201811091429,3,2,multi: 1

boundary size: 0201811091445,5,2,
Pattern Matcher : 92
201811091408,2,2,201811091430,3,2,201811091445,5,2,
Pattern Matcher : 93
201811091408,2,2,201811091429,3,2,multi: 1

boundary size: 0201811091447,5,2,
Pattern Matcher : 94
201811091408,2,2,201811091430,3,2,201811091447,5,2,
Pattern Matcher : 95
201811091408,2,2,201811091429,3,2,multi: 1

boundary size: 1
boundary: POLYGON((-121.608 39.8926,-121.606 39.8948,-121.6 39.8948,-121.594 39.8948,-121.588 39.8939,-121.565 39.8903,-121.565 39.8903,-121.565 39.8903,-121.559 39.8903,-121.553 39.8903,-121.55 39.8903,-121.547 39.8902,-121.53 39.8857,-121.53 39.8854,-121.53 39.8812,-121.53 39.8767,-121.53 39.8722,-121.53 39.8677,-121.53 39.8632,-121.541 39.8407,-121.512 39.7777,-121.495 39.7732,-121.483 39.7732,-121.477 39.7732,-121.471 39.7732,-121.465 39.7732,-121.46 39.7731,-121.448 39.7686,-121.442 39.7641,-121.448 39.7461,-121.45 39.7426,-121.46 39.7236,-121.466 39.7192,-121.477 39.6954,-121.483 39.6832,-121.483 39.6787,-121.489 39.6697,-121.489 39.6696,-121.495 39.6652,-121.501 39.6652,-121.536 39.6697,-121.542 39.6698,-121.547 39.6698,-121.565 39.6743,-121.571 39.6788,-121.6 39.7058,-121.6 39.7193,-121.6 39.7238,-121.6 39.7283,-121.623 39.8138,-121.635 39.8183,-121.641 39.8228,-121.641 39.8318,-121.641 39.8363,-121.629 39.8543,-121.623 39.8678,-121.611 39.8903,-121.608 39.8926))
201811091449,5,2,
Pattern Matcher : 96
201811091408,2,2,201811091430,3,2,201811091449,5,2,
Pattern Matcher : 97
201811091509,2,2,201811091535,3,2,multi: 1

boundary size: 0201811091553,5,2,
Pattern Matcher : 98
201811091511,2,2,201811091535,3,2,201811091553,5,2,
Pattern Matcher : 99
201811091509,2,2,201811091535,3,2,multi: 1

boundary size: 1
boundary: POLYGON((-121.571 39.8678,-121.559 39.8633,-121.559 39.8633,-121.559 39.8633,-121.541 39.8587,-121.541 39.8542,-121.541 39.8497,-121.541 39.8452,-121.541 39.8407,-121.512 39.7777,-121.495 39.7732,-121.483 39.7732,-121.477 39.7732,-121.471 39.7732,-121.465 39.7732,-121.46 39.7731,-121.448 39.7686,-121.442 39.7641,-121.448 39.7461,-121.45 39.7426,-121.46 39.7236,-121.472 39.6967,-121.48 39.684,-121.483 39.6787,-121.489 39.6697,-121.489 39.6696,-121.495 39.6652,-121.501 39.6652,-121.536 39.6697,-121.542 39.6698,-121.547 39.6698,-121.565 39.6743,-121.571 39.6788,-121.6 39.7058,-121.6 39.7103,-121.6 39.7148,-121.6 39.7193,-121.6 39.7238,-121.6 39.7283,-121.588 39.7508,-121.623 39.8138,-121.635 39.8183,-121.641 39.8228,-121.641 39.8273,-121.641 39.8318,-121.641 39.8363,-121.629 39.8543,-121.623 39.8678,-121.617 39.8678,-121.611 39.8678,-121.606 39.8678,-121.571 39.8678))
201811091556,5,2,
Pattern Matcher : 100
201811091511,2,2,201811091535,3,2,201811091556,5,2,
Pattern Matcher : 101
201811091509,2,2,201811091535,3,2,multi: 1

boundary size: 0201811091557,5,2,
Pattern Matcher : 102
201811091511,2,2,201811091535,3,2,201811091557,5,2,
Pattern Matcher : 103
201811091611,2,2,201811091628,3,2,multi: 1

boundary size: 1
boundary: POLYGON((-121.409 39.7326,-121.39 39.71,-121.384 39.7055,-121.384 39.701,-121.384 39.6965,-121.384 39.692,-121.384 39.6875,-121.39 39.683,-121.407 39.6876,-121.437 39.6876,-121.442 39.6876,-121.489 39.6697,-121.495 39.6652,-121.501 39.6652,-121.536 39.6697,-121.542 39.6698,-121.547 39.6698,-121.565 39.6743,-121.571 39.6788,-121.6 39.7058,-121.6 39.7103,-121.6 39.7148,-121.6 39.7193,-121.6 39.7238,-121.623 39.7643,-121.647 39.7913,-121.652 39.7958,-121.652 39.8003,-121.652 39.8048,-121.652 39.8093,-121.641 39.8363,-121.635 39.8408,-121.629 39.8408,-121.623 39.8408,-121.582 39.8588,-121.576 39.8633,-121.571 39.8678,-121.559 39.8633,-121.524 39.8632,-121.512 39.8587,-121.5 39.8587,-121.495 39.8542,-121.471 39.8272,-121.465 39.8227,-121.465 39.8182,-121.465 39.8137,-121.465 39.8092,-121.465 39.8047,-121.448 39.7686,-121.442 39.7641,-121.413 39.7371,-121.409 39.7326))
201811091634,5,2,
Pattern Matcher : 104
201811091611,2,2,201811091628,3,2,multi: 1

boundary size: 0201811091637,5,2,
Pattern Matcher : 105
201811091611,2,2,201811091628,3,2,multi: 1

boundary size: 0201811091638,5,2,
Pattern Matcher : 106
201811091611,2,2,201811091628,3,2,multi: 1

boundary size: 0201811091640,5,2,
Pattern Matcher : 107
201811091611,2,2,201811091628,3,2,multi: 1

boundary size: 0201811091643,5,2,
Pattern Matcher : 108
201811091805,2,2,201811091815,3,2,multi: 1

boundary size: 1
boundary: POLYGON((-121.431 39.6921,-121.437 39.6876,-121.442 39.6876,-121.477 39.6922,-121.483 39.6922,-121.489 39.6922,-121.507 39.6967,-121.524 39.6967,-121.53 39.6967,-121.536 39.6967,-121.553 39.7013,-121.559 39.7058,-121.588 39.7328,-121.588 39.7373,-121.588 39.7418,-121.588 39.7463,-121.588 39.7508,-121.623 39.8138,-121.635 39.8183,-121.641 39.8228,-121.641 39.8273,-121.641 39.8318,-121.641 39.8363,-121.635 39.8408,-121.629 39.8408,-121.623 39.8408,-121.617 39.8408,-121.6 39.8363,-121.535 39.8587,-121.524 39.8632,-121.512 39.8587,-121.483 39.8587,-121.477 39.8587,-121.459 39.8541,-121.448 39.8496,-121.424 39.8226,-121.419 39.8181,-121.419 39.8136,-121.419 39.8091,-121.419 39.8046,-121.419 39.8001,-121.442 39.7641,-121.425 39.7101,-121.425 39.7056,-121.425 39.7011,-121.431 39.6921))
201811091823,5,2,
Pattern Matcher : 109
201811091805,2,2,201811091815,3,2,multi: 1

boundary size: 0201811091826,5,2,
Pattern Matcher : 110
201811091908,2,2,201811091919,3,2,multi: 1

boundary size: 1
boundary: POLYGON((-121.489 39.6697,-121.495 39.6652,-121.501 39.6652,-121.512 39.6697,-121.524 39.6742,-121.553 39.7013,-121.559 39.7058,-121.588 39.7328,-121.588 39.7373,-121.588 39.7418,-121.588 39.7463,-121.588 39.7508,-121.582 39.7553,-121.576 39.7553,-121.571 39.7553,-121.53 39.7732,-121.518 39.8002,-121.506 39.8137,-121.5 39.8272,-121.489 39.8542,-121.483 39.8587,-121.477 39.8587,-121.459 39.8541,-121.448 39.8496,-121.424 39.8226,-121.419 39.8181,-121.419 39.8136,-121.419 39.8091,-121.419 39.8046,-121.419 39.8001,-121.401 39.764,-121.401 39.7595,-121.401 39.755,-121.401 39.7505,-121.401 39.746,-121.407 39.7415,-121.425 39.7056,-121.425 39.7011,-121.431 39.6921,-121.437 39.6876,-121.442 39.6876,-121.489 39.6697))
201811091929,5,2,
Pattern Matcher : 111
201811092012,2,2,201811092021,3,2,multi: 1

boundary size: 1
boundary: POLYGON((-121.442 39.6651,-121.448 39.6606,-121.454 39.6606,-121.466 39.6652,-121.495 39.6652,-121.501 39.6652,-121.512 39.6697,-121.524 39.6742,-121.553 39.7013,-121.559 39.7058,-121.559 39.7103,-121.559 39.7148,-121.553 39.7238,-121.541 39.7508,-121.536 39.7507,-121.53 39.7507,-121.524 39.7507,-121.489 39.8362,-121.489 39.8407,-121.489 39.8452,-121.489 39.8497,-121.489 39.8542,-121.483 39.8587,-121.477 39.8587,-121.459 39.8541,-121.448 39.8496,-121.424 39.8226,-121.419 39.8181,-121.419 39.8136,-121.419 39.8091,-121.419 39.8046,-121.419 39.8001,-121.43 39.7776,-121.425 39.7101,-121.425 39.7056,-121.425 39.7011,-121.431 39.6921,-121.437 39.6831,-121.442 39.6651))
201811092029,5,2,
Pattern Matcher : 112
201811092110,2,2,201811092117,3,2,multi: 1

boundary size: 1
boundary: POLYGON((-121.431 39.6921,-121.437 39.6876,-121.442 39.6876,-121.477 39.6922,-121.483 39.6922,-121.489 39.6922,-121.507 39.6967,-121.524 39.6967,-121.53 39.6967,-121.536 39.6967,-121.553 39.7013,-121.559 39.7058,-121.559 39.7103,-121.559 39.7148,-121.553 39.7238,-121.541 39.7508,-121.53 39.8362,-121.535 39.8407,-121.535 39.8452,-121.535 39.8497,-121.535 39.8542,-121.535 39.8587,-121.524 39.8632,-121.512 39.8587,-121.483 39.8587,-121.477 39.8587,-121.459 39.8541,-121.448 39.8496,-121.424 39.8226,-121.419 39.8181,-121.419 39.8136,-121.419 39.8091,-121.419 39.8046,-121.419 39.8001,-121.425 39.7101,-121.425 39.7056,-121.425 39.7011,-121.431 39.6921))
201811092120,5,2,
Pattern Matcher : 113
201811092221,2,2,201811092231,3,2,multi: 1

boundary size: 1
boundary: POLYGON((-121.472 39.6967,-121.477 39.6922,-121.483 39.6922,-121.489 39.6922,-121.507 39.6967,-121.524 39.6967,-121.53 39.6967,-121.536 39.6967,-121.553 39.7013,-121.559 39.7058,-121.559 39.7103,-121.559 39.7148,-121.553 39.7238,-121.547 39.7283,-121.53 39.7237,-121.501 39.7237,-121.46 39.8046,-121.483 39.8317,-121.489 39.8362,-121.489 39.8407,-121.489 39.8452,-121.489 39.8497,-121.489 39.8542,-121.483 39.8587,-121.477 39.8587,-121.459 39.8541,-121.448 39.8496,-121.424 39.8226,-121.419 39.8181,-121.419 39.8136,-121.419 39.8091,-121.419 39.8046,-121.419 39.8001,-121.43 39.7956,-121.471 39.7147,-121.471 39.7102,-121.471 39.7057,-121.471 39.7012,-121.472 39.6967))
201811092236,5,2,
Pattern Matcher : 114
201811092222,2,2,201811092231,3,2,201811092236,5,2,
Pattern Matcher : 115
201811092333,2,2,201811092345,3,2,multi: 1

boundary size: 1
boundary: POLYGON((-121.477 39.8587,-121.459 39.8541,-121.448 39.8496,-121.424 39.8226,-121.419 39.8181,-121.419 39.8136,-121.419 39.8001,-121.43 39.7956,-121.471 39.7147,-121.471 39.7102,-121.471 39.7057,-121.471 39.7012,-121.472 39.6967,-121.477 39.6922,-121.483 39.6922,-121.489 39.6922,-121.507 39.6967,-121.512 39.7012,-121.512 39.7057,-121.512 39.7102,-121.512 39.7147,-121.512 39.7192,-121.501 39.7237,-121.46 39.8046,-121.483 39.8317,-121.489 39.8362,-121.489 39.8407,-121.489 39.8452,-121.489 39.8497,-121.489 39.8542,-121.483 39.8587,-121.477 39.8587))
201811092352,5,2,
Pattern Matcher : 116
201811092336,2,2,201811092345,3,2,201811092352,5,2,
Pattern Matcher : 117
201811092339,2,2,201811092345,3,2,201811092352,5,2,
Pattern Matcher : 118
201811112011,2,2,201811112022,3,2,multi: 1

boundary size: 1
boundary: POLYGON((-121.489 39.6697,-121.495 39.6652,-121.501 39.6652,-121.512 39.6697,-121.524 39.6742,-121.524 39.6787,-121.524 39.6832,-121.524 39.6877,-121.524 39.6922,-121.518 39.6967,-121.512 39.6967,-121.495 39.6922,-121.483 39.6877,-121.483 39.6832,-121.483 39.6787,-121.489 39.6697))
201811112032,5,2,
Pattern Matcher : 119
201811112011,2,2,201811112025,3,2,multi: 1

boundary size: 1
boundary: POLYGON((-121.407 39.827,-121.413 39.8226,-121.419 39.8226,-121.436 39.8271,-121.448 39.8316,-121.448 39.8361,-121.448 39.8406,-121.442 39.8496,-121.436 39.8541,-121.43 39.8541,-121.413 39.8496,-121.407 39.845,-121.407 39.8405,-121.407 39.836,-121.407 39.8315,-121.407 39.827))
201811112032,5,2,
Pattern Matcher : 120
201811112111,2,2,201811112121,3,2,multi: 1

boundary size: 1
boundary: POLYGON((-121.489 39.6697,-121.495 39.6652,-121.501 39.6652,-121.512 39.6697,-121.524 39.6742,-121.524 39.6787,-121.524 39.6832,-121.524 39.6877,-121.524 39.6922,-121.518 39.6967,-121.512 39.6967,-121.495 39.6922,-121.483 39.6877,-121.483 39.6832,-121.483 39.6787,-121.489 39.6697))
201811112130,5,2,
Pattern Matcher : 121
201811112228,2,2,201811112242,3,2,multi: 1

boundary size: 1
boundary: POLYGON((-121.454 39.6426,-121.46 39.6381,-121.466 39.6382,-121.472 39.6382,-121.477 39.6382,-121.507 39.6382,-121.512 39.6382,-121.524 39.6427,-121.542 39.6473,-121.565 39.6743,-121.571 39.6788,-121.571 39.6833,-121.571 39.6878,-121.571 39.6923,-121.571 39.6968,-121.559 39.7013,-121.542 39.6968,-121.518 39.6967,-121.512 39.6967,-121.495 39.6922,-121.472 39.6922,-121.466 39.6922,-121.46 39.6921,-121.448 39.6876,-121.437 39.6831,-121.442 39.6651,-121.454 39.6426))
201811112252,5,2,
Pattern Matcher : 122
201811112231,2,2,201811112242,3,2,201811112252,5,2,
Pattern Matcher : 123
201811112336,2,2,201811112349,3,2,multi: 1

boundary size: 1
boundary: POLYGON((-121.489 39.6697,-121.495 39.6652,-121.501 39.6652,-121.512 39.6697,-121.524 39.6742,-121.524 39.6787,-121.524 39.6832,-121.524 39.6877,-121.524 39.6922,-121.518 39.6967,-121.512 39.6967,-121.495 39.6922,-121.483 39.6877,-121.483 39.6832,-121.483 39.6787,-121.489 39.6697))
201811112358,5,2,
Pattern Matcher : 124
201811112338,2,2,201811112349,3,2,201811112358,5,2,
Pattern Matcher : 125
201811112341,2,2,201811112349,3,2,201811112358,5,2,
Pattern Matcher : 126
201811120034,2,2,201811120044,3,2,multi: 1

boundary size: 1
boundary: POLYGON((-121.46 39.6381,-121.466 39.6382,-121.472 39.6382,-121.477 39.6382,-121.507 39.6382,-121.512 39.6382,-121.524 39.6427,-121.542 39.6473,-121.542 39.6518,-121.536 39.6652,-121.524 39.6922,-121.518 39.6967,-121.512 39.6967,-121.495 39.6922,-121.483 39.6877,-121.46 39.6606,-121.454 39.6561,-121.454 39.6516,-121.454 39.6471,-121.454 39.6426,-121.46 39.6381))
201811120055,5,2,
Pattern Matcher : 127
201811120036,2,2,201811120044,3,2,201811120055,5,2,
Pattern Matcher : 128
201811120108,2,2,201811120120,3,2,multi: 1

boundary size: 1
boundary: POLYGON((-121.582 39.6518,-121.612 39.6788,-121.617 39.6833,-121.617 39.6923,-121.612 39.7013,-121.606 39.7058,-121.588 39.7013,-121.559 39.7013,-121.542 39.6968,-121.518 39.6967,-121.512 39.6967,-121.495 39.6922,-121.483 39.6877,-121.46 39.6606,-121.454 39.6561,-121.454 39.6516,-121.454 39.6471,-121.454 39.6426,-121.46 39.6381,-121.466 39.6382,-121.472 39.6382,-121.477 39.6382,-121.507 39.6382,-121.512 39.6382,-121.524 39.6427,-121.553 39.6428,-121.559 39.6428,-121.571 39.6473,-121.582 39.6518))
201811120124,5,2,
Pattern Matcher : 129
201811120109,2,2,201811120120,3,2,201811120124,5,2,
Pattern Matcher : 130
201811120110,2,2,201811120120,3,2,201811120124,5,2,
Pattern Matcher : 131
201811120108,2,2,201811120121,3,2,201811120124,5,2,
Pattern Matcher : 132
201811120109,2,2,201811120121,3,2,multi: 1

boundary size: 1
boundary: POLYGON((-121.483 39.8587,-121.483 39.8587,-121.477 39.8587,-121.459 39.8541,-121.459 39.8541,-121.459 39.8541,-121.436 39.8541,-121.43 39.8541,-121.421 39.8518,-121.413 39.8496,-121.407 39.845,-121.378 39.818,-121.372 39.8135,-121.372 39.809,-121.372 39.8045,-121.372 39.8,-121.378 39.7955,-121.384 39.791,-121.395 39.7955,-121.413 39.8001,-121.459 39.8271,-121.465 39.8272,-121.483 39.8317,-121.489 39.8362,-121.489 39.8407,-121.489 39.8542,-121.483 39.8587,-121.483 39.8587))
201811120124,5,2,
Pattern Matcher : 133
201811120110,2,2,201811120121,3,2,201811120124,5,2,
Pattern Matcher : 134
201811120206,2,2,201811120224,3,2,multi: 1

boundary size: 1
boundary: POLYGON((-121.472 39.6112,-121.478 39.6112,-121.483 39.6112,-121.489 39.6112,-121.501 39.6157,-121.507 39.6202,-121.553 39.6428,-121.559 39.6428,-121.571 39.6473,-121.582 39.6518,-121.612 39.6788,-121.617 39.6833,-121.617 39.6878,-121.617 39.6923,-121.612 39.7013,-121.606 39.7058,-121.588 39.7013,-121.559 39.7013,-121.542 39.6968,-121.518 39.6967,-121.512 39.6967,-121.495 39.6922,-121.483 39.6877,-121.46 39.6606,-121.454 39.6561,-121.454 39.6516,-121.454 39.6471,-121.454 39.6426,-121.466 39.6157,-121.472 39.6112))
201811120232,5,2,
Pattern Matcher : 135
201811120207,2,2,201811120224,3,2,201811120232,5,2,
Pattern Matcher : 136
201811120209,2,2,201811120224,3,2,201811120232,5,2,
Pattern Matcher : 137
201811120206,2,2,201811120227,3,2,201811120232,5,2,
Pattern Matcher : 138
201811120207,2,2,201811120227,3,2,multi: 1

boundary size: 1
boundary: POLYGON((-121.442 39.8496,-121.442 39.8496,-121.437 39.8536,-121.436 39.8541,-121.436 39.8541,-121.43 39.8541,-121.421 39.8518,-121.413 39.8496,-121.407 39.845,-121.378 39.818,-121.372 39.8135,-121.372 39.809,-121.372 39.8045,-121.372 39.8,-121.378 39.7955,-121.384 39.791,-121.395 39.7955,-121.413 39.8001,-121.436 39.8271,-121.448 39.8316,-121.448 39.8361,-121.448 39.8406,-121.442 39.8496,-121.442 39.8496))
201811120232,5,2,
Pattern Matcher : 139
201811120209,2,2,201811120227,3,2,201811120232,5,2,
Pattern Matcher : 140
201811120206,2,2,201811120228,3,2,201811120232,5,2,
Pattern Matcher : 141
201811120207,2,2,201811120228,3,2,201811120232,5,2,
Pattern Matcher : 142
201811120209,2,2,201811120228,3,2,multi: 1

boundary size: 1
boundary: POLYGON((-121.699 39.7958,-121.699 39.8003,-121.699 39.8048,-121.699 39.8093,-121.699 39.8138,-121.693 39.8183,-121.687 39.8183,-121.682 39.8183,-121.676 39.8183,-121.658 39.8138,-121.658 39.8093,-121.658 39.7958,-121.664 39.7913,-121.67 39.7913,-121.676 39.7913,-121.682 39.7913,-121.699 39.7958))
201811120232,5,2,
Pattern Matcher : 143
201811120206,2,2,201811120224,3,2,multi: 1

boundary size: 0201811120233,5,2,
Pattern Matcher : 144
201811120207,2,2,201811120224,3,2,201811120233,5,2,
Pattern Matcher : 145
201811120209,2,2,201811120224,3,2,201811120233,5,2,
Pattern Matcher : 146
201811120206,2,2,201811120227,3,2,201811120233,5,2,
Pattern Matcher : 147
201811120207,2,2,201811120227,3,2,multi: 1

boundary size: 0201811120233,5,2,
Pattern Matcher : 148
201811120209,2,2,201811120227,3,2,201811120233,5,2,
Pattern Matcher : 149
201811120206,2,2,201811120228,3,2,201811120233,5,2,
Pattern Matcher : 150
201811120207,2,2,201811120228,3,2,201811120233,5,2,
Pattern Matcher : 151
201811120209,2,2,201811120228,3,2,multi: 1

boundary size: 0201811120233,5,2,
Pattern Matcher : 152
201811120206,2,2,201811120224,3,2,multi: 1

boundary size: 0201811120236,5,2,
Pattern Matcher : 153
201811120207,2,2,201811120224,3,2,201811120236,5,2,
Pattern Matcher : 154
201811120209,2,2,201811120224,3,2,201811120236,5,2,
Pattern Matcher : 155
201811120206,2,2,201811120227,3,2,201811120236,5,2,
Pattern Matcher : 156
201811120207,2,2,201811120227,3,2,multi: 1

boundary size: 0201811120236,5,2,
Pattern Matcher : 157
201811120209,2,2,201811120227,3,2,201811120236,5,2,
Pattern Matcher : 158
201811120206,2,2,201811120228,3,2,201811120236,5,2,
Pattern Matcher : 159
201811120207,2,2,201811120228,3,2,201811120236,5,2,
Pattern Matcher : 160
201811120209,2,2,201811120228,3,2,multi: 1

boundary size: 0201811120236,5,2,
Pattern Matcher : 161
201811120308,2,2,201811120324,3,2,multi: 1

boundary size: 1
boundary: POLYGON((-121.472 39.6112,-121.478 39.6112,-121.483 39.6112,-121.489 39.6112,-121.501 39.6157,-121.507 39.6202,-121.553 39.6428,-121.559 39.6428,-121.571 39.6473,-121.582 39.6518,-121.582 39.6563,-121.582 39.6608,-121.582 39.6653,-121.582 39.6698,-121.577 39.6743,-121.571 39.6743,-121.553 39.6698,-121.53 39.6697,-121.524 39.6697,-121.518 39.6697,-121.489 39.6652,-121.483 39.6652,-121.477 39.6652,-121.472 39.6652,-121.46 39.6606,-121.454 39.6561,-121.454 39.6516,-121.454 39.6471,-121.454 39.6426,-121.466 39.6157,-121.472 39.6112))
201811120339,5,2,
Pattern Matcher : 162
201811120310,2,2,201811120324,3,2,201811120339,5,2,
Pattern Matcher : 163
201811120308,2,2,201811120327,3,2,201811120339,5,2,
Pattern Matcher : 164
201811120310,2,2,201811120327,3,2,multi: 1

boundary size: 0201811120339,5,2,
Pattern Matcher : 165
201811120308,2,2,201811120324,3,2,multi: 1

boundary size: 0201811120340,5,2,
Pattern Matcher : 166
201811120310,2,2,201811120324,3,2,201811120340,5,2,
Pattern Matcher : 167
201811120308,2,2,201811120327,3,2,201811120340,5,2,
Pattern Matcher : 168
201811120310,2,2,201811120327,3,2,multi: 1

boundary size: 0201811120340,5,2,
Pattern Matcher : 169
201811120406,2,2,201811120422,3,2,multi: 1

boundary size: 0201811120432,5,2,
Pattern Matcher : 170
201811120409,2,2,201811120422,3,2,201811120432,5,2,
Pattern Matcher : 171
201811120406,2,2,201811120423,3,2,201811120432,5,2,
Pattern Matcher : 172
201811120409,2,2,201811120423,3,2,multi: 1

boundary size: 0201811120432,5,2,
Pattern Matcher : 173
201811120406,2,2,201811120422,3,2,multi: 1

boundary size: 0201811120433,5,2,
Pattern Matcher : 174
201811120409,2,2,201811120422,3,2,201811120433,5,2,
Pattern Matcher : 175
201811120406,2,2,201811120423,3,2,201811120433,5,2,
Pattern Matcher : 176
201811120409,2,2,201811120423,3,2,multi: 1

boundary size: 0201811120433,5,2,
Pattern Matcher : 177
201811120406,2,2,201811120422,3,2,multi: 1

boundary size: 1
boundary: POLYGON((-121.542 39.6473,-121.542 39.6518,-121.536 39.6652,-121.53 39.6697,-121.524 39.6697,-121.518 39.6697,-121.489 39.6652,-121.483 39.6652,-121.477 39.6652,-121.472 39.6652,-121.46 39.6606,-121.454 39.6561,-121.454 39.6516,-121.454 39.6471,-121.454 39.6426,-121.46 39.6381,-121.466 39.6382,-121.472 39.6382,-121.477 39.6382,-121.507 39.6382,-121.512 39.6382,-121.524 39.6427,-121.542 39.6473))
201811120435,5,2,
Pattern Matcher : 178
201811120409,2,2,201811120422,3,2,201811120435,5,2,
Pattern Matcher : 179
201811120406,2,2,201811120423,3,2,201811120435,5,2,
Pattern Matcher : 180
201811120409,2,2,201811120423,3,2,multi: 1

boundary size: 0201811120435,5,2,
Pattern Matcher : 181
201811120508,2,2,201811120529,3,2,multi: 1

boundary size: 0201811120545,5,2,
Pattern Matcher : 182
201811120510,2,2,201811120529,3,2,201811120545,5,2,
Pattern Matcher : 183
201811120508,2,2,201811120530,3,2,201811120545,5,2,
Pattern Matcher : 184
201811120510,2,2,201811120530,3,2,201811120545,5,2,
Pattern Matcher : 185
201811120508,2,2,201811120533,3,2,201811120545,5,2,
Pattern Matcher : 186
201811120510,2,2,201811120533,3,2,multi: 1

boundary size: 0201811120545,5,2,
Pattern Matcher : 187
201811120508,2,2,201811120534,3,2,201811120545,5,2,
Pattern Matcher : 188
201811120510,2,2,201811120534,3,2,201811120545,5,2,
Pattern Matcher : 189
201811120508,2,2,201811120529,3,2,multi: 1

boundary size: 1
boundary: POLYGON((-121.542 39.6477,-121.542 39.6518,-121.536 39.6652,-121.53 39.6697,-121.524 39.6697,-121.518 39.6697,-121.489 39.6652,-121.483 39.6652,-121.477 39.6652,-121.472 39.6652,-121.46 39.6606,-121.454 39.6561,-121.454 39.6516,-121.454 39.6471,-121.454 39.6426,-121.46 39.6381,-121.466 39.6382,-121.472 39.6382,-121.477 39.6382,-121.507 39.6382,-121.512 39.6382,-121.524 39.6427,-121.542 39.6472,-121.542 39.6473,-121.542 39.6477))
201811120547,5,2,
Pattern Matcher : 190
201811120510,2,2,201811120529,3,2,201811120547,5,2,
Pattern Matcher : 191
201811120508,2,2,201811120530,3,2,201811120547,5,2,
Pattern Matcher : 192
201811120510,2,2,201811120530,3,2,201811120547,5,2,
Pattern Matcher : 193
201811120508,2,2,201811120533,3,2,201811120547,5,2,
Pattern Matcher : 194
201811120510,2,2,201811120533,3,2,multi: 1

boundary size: 0201811120547,5,2,
Pattern Matcher : 195
201811120508,2,2,201811120534,3,2,201811120547,5,2,
Pattern Matcher : 196
201811120510,2,2,201811120534,3,2,201811120547,5,2,
Pattern Matcher : 197
201811120610,2,2,201811120628,3,2,multi: 1

boundary size: 0201811120641,5,2,
Pattern Matcher : 198
201811120613,2,2,201811120628,3,2,201811120641,5,2,
Pattern Matcher : 199
201811120610,2,2,201811120631,3,2,201811120641,5,2,
Pattern Matcher : 200
201811120613,2,2,201811120631,3,2,multi: 1

boundary size: 0201811120641,5,2,
Pattern Matcher : 201
201811120610,2,2,201811120634,3,2,201811120641,5,2,
Pattern Matcher : 202
201811120613,2,2,201811120634,3,2,201811120641,5,2,
Pattern Matcher : 203
201811120610,2,2,201811120628,3,2,multi: 1

boundary size: 0201811120643,5,2,
Pattern Matcher : 204
201811120613,2,2,201811120628,3,2,201811120643,5,2,
Pattern Matcher : 205
201811120610,2,2,201811120631,3,2,201811120643,5,2,
Pattern Matcher : 206
201811120613,2,2,201811120631,3,2,multi: 1

boundary size: 0201811120643,5,2,
Pattern Matcher : 207
201811120610,2,2,201811120634,3,2,201811120643,5,2,
Pattern Matcher : 208
201811120613,2,2,201811120634,3,2,201811120643,5,2,
Pattern Matcher : 209
201811120610,2,2,201811120628,3,2,multi: 1

boundary size: 0201811120645,5,2,
Pattern Matcher : 210
201811120613,2,2,201811120628,3,2,201811120645,5,2,
Pattern Matcher : 211
201811120610,2,2,201811120631,3,2,201811120645,5,2,
Pattern Matcher : 212
201811120613,2,2,201811120631,3,2,multi: 1

boundary size: 0201811120645,5,2,
Pattern Matcher : 213
201811120610,2,2,201811120634,3,2,201811120645,5,2,
Pattern Matcher : 214
201811120613,2,2,201811120634,3,2,201811120645,5,2,
Pattern Matcher : 215
201811120610,2,2,201811120628,3,2,multi: 1

boundary size: 1
boundary: POLYGON((-121.463 39.6382,-121.466 39.6382,-121.495 39.6382,-121.507 39.6382,-121.512 39.6382,-121.524 39.6427,-121.524 39.6427,-121.524 39.6427,-121.542 39.6473,-121.542 39.6518,-121.536 39.6652,-121.536 39.6654,-121.53 39.6697,-121.524 39.6697,-121.518 39.6697,-121.489 39.6652,-121.483 39.6652,-121.477 39.6652,-121.472 39.6652,-121.46 39.6606,-121.454 39.6561,-121.454 39.6426,-121.454 39.6426,-121.46 39.6381,-121.463 39.6382))
201811120648,5,2,
Pattern Matcher : 216
201811120613,2,2,201811120628,3,2,201811120648,5,2,
Pattern Matcher : 217
201811120610,2,2,201811120631,3,2,201811120648,5,2,
Pattern Matcher : 218
201811120613,2,2,201811120631,3,2,multi: 1

boundary size: 0201811120648,5,2,
Pattern Matcher : 219
201811120610,2,2,201811120634,3,2,201811120648,5,2,
Pattern Matcher : 220
201811120613,2,2,201811120634,3,2,201811120648,5,2,
Pattern Matcher : 221
201811120707,2,2,201811120728,3,2,201811120749,5,2,
Pattern Matcher : 222
201811120710,2,2,201811120728,3,2,multi: 1

boundary size: 0201811120749,5,2,
Pattern Matcher : 223
201811120707,2,2,201811120729,3,2,multi: 1

boundary size: 0201811120749,5,2,
Pattern Matcher : 224
201811120710,2,2,201811120729,3,2,201811120749,5,2,
Pattern Matcher : 225
201811120707,2,2,201811120728,3,2,201811120750,5,2,
Pattern Matcher : 226
201811120710,2,2,201811120728,3,2,multi: 1

boundary size: 0201811120750,5,2,
Pattern Matcher : 227
201811120707,2,2,201811120729,3,2,multi: 1

boundary size: 0201811120750,5,2,
Pattern Matcher : 228
201811120710,2,2,201811120729,3,2,201811120750,5,2,
Pattern Matcher : 229
201811120707,2,2,201811120728,3,2,201811120752,5,2,
Pattern Matcher : 230
201811120710,2,2,201811120728,3,2,multi: 1

boundary size: 1
boundary: POLYGON((-121.507 39.6382,-121.512 39.6382,-121.524 39.6427,-121.542 39.6473,-121.542 39.6518,-121.536 39.6652,-121.53 39.6697,-121.524 39.6697,-121.518 39.6697,-121.507 39.6652,-121.495 39.6607,-121.501 39.6427,-121.507 39.6382))
201811120752,5,2,
Pattern Matcher : 231
201811120707,2,2,201811120729,3,2,multi: 1

boundary size: 1
boundary: POLYGON((-121.54 39.8452,-121.565 39.8678,-121.571 39.8723,-121.571 39.8768,-121.565 39.8903,-121.565 39.8903,-121.565 39.8903,-121.559 39.8903,-121.553 39.8903,-121.55 39.8903,-121.547 39.8902,-121.547 39.8902,-121.53 39.8857,-121.53 39.8812,-121.53 39.8767,-121.53 39.8722,-121.53 39.8677,-121.53 39.8632,-121.54 39.8452))
201811120752,5,2,
Pattern Matcher : 232
201811120710,2,2,201811120729,3,2,201811120752,5,2,
Pattern Matcher : 233
201811120707,2,2,201811120728,3,2,201811120755,5,2,
Pattern Matcher : 234
201811120710,2,2,201811120728,3,2,multi: 1

boundary size: 0201811120755,5,2,
Pattern Matcher : 235
201811120707,2,2,201811120729,3,2,multi: 1

boundary size: 0201811120755,5,2,
Pattern Matcher : 236
201811120710,2,2,201811120729,3,2,201811120755,5,2,
Pattern Matcher : 237
201811120810,2,2,201811120823,3,2,multi: 1

boundary size: 0201811120846,5,2,
Pattern Matcher : 238
201811120812,2,2,201811120823,3,2,201811120846,5,2,
Pattern Matcher : 239
201811120810,2,2,201811120826,3,2,201811120846,5,2,
Pattern Matcher : 240
201811120812,2,2,201811120826,3,2,multi: 1

boundary size: 0201811120846,5,2,
Pattern Matcher : 241
201811120810,2,2,201811120823,3,2,multi: 1

boundary size: 0201811120848,5,2,
Pattern Matcher : 242
201811120812,2,2,201811120823,3,2,201811120848,5,2,
Pattern Matcher : 243
201811120810,2,2,201811120826,3,2,201811120848,5,2,
Pattern Matcher : 244
201811120812,2,2,201811120826,3,2,multi: 1

boundary size: 0201811120848,5,2,
Pattern Matcher : 245
201811120810,2,2,201811120823,3,2,multi: 1

boundary size: 1
boundary: POLYGON((-121.507 39.6382,-121.512 39.6382,-121.524 39.6427,-121.542 39.6473,-121.542 39.6518,-121.536 39.6652,-121.53 39.6697,-121.524 39.6697,-121.518 39.6697,-121.507 39.6652,-121.495 39.6607,-121.501 39.6427,-121.507 39.6382))
201811120851,5,2,
Pattern Matcher : 246
201811120812,2,2,201811120823,3,2,201811120851,5,2,
Pattern Matcher : 247
201811120810,2,2,201811120826,3,2,201811120851,5,2,
Pattern Matcher : 248
201811120812,2,2,201811120826,3,2,multi: 1

boundary size: 1
boundary: POLYGON((-121.555 39.8589,-121.565 39.8678,-121.571 39.8723,-121.571 39.8768,-121.565 39.89,-121.565 39.8903,-121.559 39.8903,-121.553 39.8903,-121.55 39.8903,-121.547 39.8902,-121.547 39.8902,-121.53 39.8857,-121.53 39.8812,-121.53 39.8767,-121.53 39.8722,-121.53 39.8677,-121.53 39.8632,-121.535 39.8632,-121.541 39.8632,-121.547 39.8633,-121.555 39.8589))
201811120851,5,2,
Pattern Matcher : 249
201811120909,2,2,201811120932,3,2,multi: 1

boundary size: 0201811120951,5,2,
Pattern Matcher : 250
201811120912,2,2,201811120932,3,2,201811120951,5,2,
Pattern Matcher : 251
201811120914,2,2,201811120932,3,2,201811120951,5,2,
Pattern Matcher : 252
201811120909,2,2,201811120933,3,2,201811120951,5,2,
Pattern Matcher : 253
201811120912,2,2,201811120933,3,2,multi: 1

boundary size: 0201811120951,5,2,
Pattern Matcher : 254
201811120914,2,2,201811120933,3,2,201811120951,5,2,
Pattern Matcher : 255
201811120909,2,2,201811120936,3,2,201811120951,5,2,
Pattern Matcher : 256
201811120912,2,2,201811120936,3,2,201811120951,5,2,
Pattern Matcher : 257
201811120914,2,2,201811120936,3,2,multi: 1

boundary size: 0201811120951,5,2,
Pattern Matcher : 258
201811120909,2,2,201811120932,3,2,multi: 1

boundary size: 1
boundary: POLYGON((-121.496 39.6139,-121.501 39.6157,-121.507 39.6202,-121.53 39.6313,-121.553 39.6428,-121.559 39.6428,-121.566 39.6453,-121.571 39.6473,-121.574 39.6485,-121.582 39.6518,-121.582 39.6563,-121.582 39.6608,-121.582 39.6698,-121.577 39.6743,-121.571 39.6743,-121.553 39.6698,-121.53 39.6697,-121.524 39.6697,-121.518 39.6697,-121.507 39.6652,-121.495 39.6607,-121.466 39.6337,-121.466 39.6292,-121.466 39.6247,-121.466 39.6157,-121.472 39.6112,-121.478 39.6112,-121.483 39.6112,-121.489 39.6112,-121.496 39.6139))
201811120952,5,2,
Pattern Matcher : 259
201811120912,2,2,201811120932,3,2,201811120952,5,2,
Pattern Matcher : 260
201811120914,2,2,201811120932,3,2,201811120952,5,2,
Pattern Matcher : 261
201811120909,2,2,201811120933,3,2,201811120952,5,2,
Pattern Matcher : 262
201811120912,2,2,201811120933,3,2,multi: 1

boundary size: 0201811120952,5,2,
Pattern Matcher : 263
201811120914,2,2,201811120933,3,2,201811120952,5,2,
Pattern Matcher : 264
201811120909,2,2,201811120936,3,2,201811120952,5,2,
Pattern Matcher : 265
201811120912,2,2,201811120936,3,2,201811120952,5,2,
Pattern Matcher : 266
201811120914,2,2,201811120936,3,2,multi: 1

boundary size: 1
boundary: POLYGON((-121.547 39.8902,-121.53 39.8857,-121.53 39.8812,-121.53 39.8767,-121.53 39.8722,-121.53 39.8677,-121.53 39.8632,-121.535 39.8632,-121.541 39.8632,-121.544 39.8632,-121.547 39.8633,-121.553 39.8633,-121.565 39.8678,-121.571 39.8723,-121.571 39.8768,-121.565 39.89,-121.565 39.8903,-121.559 39.8903,-121.553 39.8903,-121.55 39.8903,-121.547 39.8902,-121.547 39.8902))
201811120952,5,2,
Pattern Matcher : 267
201811121007,2,2,201811121023,3,2,multi: 1

boundary size: 0201811121040,5,2,
Pattern Matcher : 268
201811121008,2,2,201811121023,3,2,201811121040,5,2,
Pattern Matcher : 269
201811121007,2,2,201811121026,3,2,201811121040,5,2,
Pattern Matcher : 270
201811121008,2,2,201811121026,3,2,multi: 1

boundary size: 0201811121040,5,2,
Pattern Matcher : 271
201811121007,2,2,201811121023,3,2,multi: 1

boundary size: 1
boundary: POLYGON((-121.489 39.6112,-121.501 39.6157,-121.507 39.6202,-121.553 39.6428,-121.559 39.6428,-121.571 39.6473,-121.582 39.6515,-121.582 39.6518,-121.582 39.6563,-121.582 39.6608,-121.582 39.6698,-121.577 39.6743,-121.571 39.6743,-121.553 39.6698,-121.53 39.6697,-121.524 39.6697,-121.518 39.6697,-121.507 39.6652,-121.495 39.6607,-121.466 39.6337,-121.466 39.6292,-121.466 39.6247,-121.466 39.6202,-121.466 39.6157,-121.472 39.6112,-121.489 39.6112))
201811121041,5,2,
Pattern Matcher : 272
201811121008,2,2,201811121023,3,2,201811121041,5,2,
Pattern Matcher : 273
201811121007,2,2,201811121026,3,2,201811121041,5,2,
Pattern Matcher : 274
201811121008,2,2,201811121026,3,2,multi: 1

boundary size: 1
boundary: POLYGON((-121.544 39.8632,-121.547 39.8633,-121.553 39.8633,-121.565 39.8678,-121.571 39.8723,-121.571 39.8768,-121.565 39.89,-121.565 39.8903,-121.559 39.8903,-121.553 39.8903,-121.55 39.8903,-121.547 39.8902,-121.547 39.8902,-121.53 39.8857,-121.53 39.8812,-121.53 39.8767,-121.53 39.8722,-121.53 39.8677,-121.53 39.8632,-121.535 39.8632,-121.541 39.8632,-121.544 39.8632))
201811121041,5,2,
Pattern Matcher : 275
201811121106,2,2,201811121124,3,2,multi: 1

boundary size: 1
boundary: POLYGON((-121.536 39.6427,-121.542 39.6473,-121.542 39.6518,-121.536 39.6652,-121.53 39.6697,-121.524 39.6697,-121.518 39.6697,-121.507 39.6652,-121.495 39.6607,-121.471 39.6382,-121.472 39.6382,-121.477 39.6382,-121.507 39.6382,-121.512 39.6382,-121.524 39.6427,-121.536 39.6427))
201811121144,5,2,
Pattern Matcher : 276
201811121108,2,2,201811121124,3,2,201811121144,5,2,
Pattern Matcher : 277
201811121106,2,2,201811121126,3,2,201811121144,5,2,
Pattern Matcher : 278
201811121108,2,2,201811121126,3,2,multi: 1

boundary size: 1
boundary: POLYGON((-121.682 39.7913,-121.692 39.794,-121.699 39.7958,-121.699 39.8003,-121.699 39.8048,-121.699 39.8093,-121.699 39.8138,-121.696 39.8185,-121.688 39.8318,-121.682 39.8453,-121.676 39.8453,-121.67 39.8453,-121.664 39.8453,-121.664 39.8453,-121.664 39.8453,-121.635 39.8408,-121.629 39.8408,-121.623 39.8408,-121.617 39.8408,-121.588 39.8633,-121.588 39.8633,-121.588 39.8588,-121.588 39.8543,-121.588 39.8498,-121.588 39.8453,-121.588 39.8408,-121.6 39.8186,-121.6 39.8183,-121.606 39.8138,-121.612 39.8138,-121.617 39.8138,-121.658 39.7958,-121.664 39.7913,-121.682 39.7913))
201811121144,5,2,
Pattern Matcher : 279
201811121210,2,2,201811121233,3,2,multi: 1

boundary size: 1
boundary: POLYGON((-121.512 39.6382,-121.524 39.6427,-121.524 39.6427,-121.524 39.6427,-121.542 39.6473,-121.542 39.6475,-121.542 39.6518,-121.536 39.6652,-121.53 39.6697,-121.524 39.6697,-121.518 39.6697,-121.507 39.6652,-121.495 39.6607,-121.501 39.6427,-121.507 39.6382,-121.512 39.6382))
201811121259,5,2,
Pattern Matcher : 280
201811121213,2,2,201811121233,3,2,201811121259,5,2,
Pattern Matcher : 281
201811121216,2,2,201811121233,3,2,201811121259,5,2,
Pattern Matcher : 282
201811121210,2,2,201811121236,3,2,201811121259,5,2,
Pattern Matcher : 283
201811121213,2,2,201811121236,3,2,multi: 1

boundary size: 1
boundary: POLYGON((-121.682 39.8183,-121.676 39.8183,-121.658 39.8138,-121.658 39.8001,-121.682 39.8183))
201811121259,5,2,
Pattern Matcher : 284
201811121216,2,2,201811121236,3,2,201811121259,5,2,
Pattern Matcher : 285
201811121210,2,2,201811121238,3,2,201811121259,5,2,
Pattern Matcher : 286
201811121213,2,2,201811121238,3,2,201811121259,5,2,
Pattern Matcher : 287
201811121216,2,2,201811121238,3,2,multi: 1

boundary size: 0201811121259,5,2,
Pattern Matcher : 288
201811121304,2,2,201811121324,3,2,201811121343,5,2,
Pattern Matcher : 289
201811121305,2,2,201811121324,3,2,201811121343,5,2,
Pattern Matcher : 290
201811121304,2,2,201811121326,3,2,201811121343,5,2,
Pattern Matcher : 291
201811121305,2,2,201811121326,3,2,multi: 1

boundary size: 0201811121343,5,2,
Pattern Matcher : 292
201811121408,2,2,201811121425,3,2,multi: 1

boundary size: 1
boundary: POLYGON((-121.456 39.6577,-121.454 39.6561,-121.454 39.6516,-121.454 39.6471,-121.454 39.6426,-121.454 39.6424,-121.46 39.6381,-121.466 39.6382,-121.472 39.6382,-121.477 39.6382,-121.507 39.6382,-121.512 39.6382,-121.524 39.6427,-121.542 39.6473,-121.542 39.6518,-121.536 39.6652,-121.53 39.6697,-121.524 39.6697,-121.518 39.6697,-121.489 39.6652,-121.483 39.6652,-121.477 39.6652,-121.472 39.6652,-121.46 39.6606,-121.456 39.6577))
201811121457,5,2,
Pattern Matcher : 293
201811121410,2,2,201811121425,3,2,201811121457,5,2,
Pattern Matcher : 294
201811121408,2,2,201811121428,3,2,201811121457,5,2,
Pattern Matcher : 295
201811121410,2,2,201811121428,3,2,multi: 1

boundary size: 0201811121457,5,2,
Pattern Matcher : 296
201811121408,2,2,201811121431,3,2,201811121457,5,2,
Pattern Matcher : 297
201811121410,2,2,201811121431,3,2,201811121457,5,2,
Pattern Matcher : 298
201811121408,2,2,201811121432,3,2,201811121457,5,2,
Pattern Matcher : 299
201811121410,2,2,201811121432,3,2,201811121457,5,2,
Pattern Matcher : 300
201811121604,2,2,201811121628,3,2,multi: 1

boundary size: 0201811121642,5,2,
Pattern Matcher : 301
201811121604,2,2,201811121630,3,2,multi: 1

boundary size: 0201811121642,5,2,
Pattern Matcher : 302
201811121604,2,2,201811121631,3,2,multi: 1

boundary size: 0201811121642,5,2,
Pattern Matcher : 303
201811121604,2,2,201811121628,3,2,multi: 1

boundary size: 0201811121643,5,2,
Pattern Matcher : 304
201811121604,2,2,201811121630,3,2,multi: 1

boundary size: 1
boundary: POLYGON((-121.603 39.8691,-121.565 39.8903,-121.559 39.8903,-121.553 39.8903,-121.55 39.8903,-121.547 39.8902,-121.547 39.8902,-121.53 39.8857,-121.53 39.8812,-121.53 39.8767,-121.53 39.8722,-121.53 39.8677,-121.53 39.8632,-121.54 39.8431,-121.582 39.8633,-121.6 39.8678,-121.603 39.8691))
201811121643,5,2,
Pattern Matcher : 305
201811121604,2,2,201811121631,3,2,multi: 1

boundary size: 0201811121643,5,2,
Pattern Matcher : 306
201811121807,2,2,201811121818,3,2,multi: 1

boundary size: 1
boundary: POLYGON((-121.407 39.827,-121.413 39.8226,-121.419 39.8226,-121.436 39.8271,-121.448 39.8316,-121.448 39.8361,-121.448 39.8406,-121.442 39.8496,-121.436 39.8541,-121.43 39.8541,-121.413 39.8496,-121.407 39.845,-121.407 39.8405,-121.407 39.836,-121.407 39.8315,-121.407 39.827))
201811121828,5,2,
Pattern Matcher : 307
201811121807,2,2,201811121818,3,2,multi: 1

boundary size: 0201811121829,5,2,
Pattern Matcher : 308
201811121906,2,2,201811121918,3,2,multi: 1

boundary size: 1
boundary: POLYGON((-121.407 39.827,-121.413 39.8226,-121.419 39.8226,-121.436 39.8271,-121.448 39.8316,-121.448 39.8361,-121.448 39.8406,-121.442 39.8496,-121.436 39.8541,-121.43 39.8541,-121.413 39.8496,-121.407 39.845,-121.407 39.8405,-121.407 39.836,-121.407 39.8315,-121.407 39.827))
201811121925,5,2,
Pattern Matcher : 309
201811122013,2,2,201811122022,3,2,multi: 1

boundary size: 1
boundary: POLYGON((-121.407 39.827,-121.413 39.8226,-121.419 39.8226,-121.436 39.8271,-121.448 39.8316,-121.448 39.8361,-121.448 39.8406,-121.442 39.8496,-121.436 39.8541,-121.43 39.8541,-121.413 39.8496,-121.407 39.845,-121.407 39.8405,-121.407 39.836,-121.407 39.8315,-121.407 39.827))
201811122029,5,2,
Pattern Matcher : 310
201811122111,2,2,201811122119,3,2,multi: 1

boundary size: 1
boundary: POLYGON((-121.407 39.827,-121.413 39.8226,-121.419 39.8226,-121.436 39.8271,-121.459 39.8271,-121.465 39.8272,-121.483 39.8317,-121.489 39.8362,-121.535 39.8632,-121.541 39.8632,-121.547 39.8633,-121.553 39.8633,-121.565 39.8678,-121.571 39.8723,-121.6 39.8993,-121.6 39.9038,-121.6 39.9083,-121.6 39.9128,-121.6 39.9173,-121.594 39.9218,-121.588 39.9218,-121.582 39.9218,-121.57 39.9173,-121.559 39.9128,-121.512 39.8902,-121.5 39.8857,-121.483 39.8812,-121.436 39.8541,-121.43 39.8541,-121.413 39.8496,-121.407 39.845,-121.407 39.8405,-121.407 39.836,-121.407 39.8315,-121.407 39.827))
201811122125,5,2,
Pattern Matcher : 311
201811122233,2,2,201811122244,3,2,multi: 1

boundary size: 1
boundary: POLYGON((-121.407 39.836,-121.407 39.8315,-121.407 39.827,-121.413 39.8226,-121.419 39.8226,-121.436 39.8271,-121.459 39.8271,-121.465 39.8272,-121.483 39.8317,-121.489 39.8362,-121.535 39.8632,-121.541 39.8632,-121.547 39.8633,-121.553 39.8633,-121.565 39.8678,-121.571 39.8723,-121.571 39.8768,-121.565 39.8903,-121.559 39.8903,-121.553 39.8903,-121.547 39.8902,-121.53 39.8857,-121.483 39.8587,-121.477 39.8587,-121.459 39.8541,-121.436 39.8541,-121.43 39.8541,-121.413 39.8496,-121.407 39.845,-121.407 39.8405,-121.407 39.836))
201811122249,5,2,
Pattern Matcher : 312
201811122234,2,2,201811122244,3,2,201811122249,5,2,
Pattern Matcher : 313
201811122337,2,2,201811122352,3,2,multi: 1

boundary size: 1
boundary: POLYGON((-121.413 39.8496,-121.407 39.845,-121.407 39.8405,-121.407 39.836,-121.407 39.8315,-121.407 39.827,-121.413 39.8226,-121.419 39.8226,-121.436 39.8271,-121.448 39.8316,-121.448 39.8361,-121.448 39.8406,-121.442 39.8496,-121.436 39.8541,-121.43 39.8541,-121.413 39.8496))
201811122358,5,2,
Pattern Matcher : 314
201811122340,2,2,201811122352,3,2,201811122358,5,2,
Pattern Matcher : 315
201811122341,2,2,201811122352,3,2,201811122358,5,2,
Pattern Matcher : 316
201811122342,2,2,201811122352,3,2,201811122358,5,2,
Pattern Matcher : 317
201811130014,2,2,201811130032,3,2,multi: 1

boundary size: 1
boundary: POLYGON((-121.454 39.6426,-121.46 39.6381,-121.466 39.6382,-121.472 39.6382,-121.477 39.6382,-121.495 39.6427,-121.495 39.6472,-121.495 39.6517,-121.495 39.6562,-121.489 39.6652,-121.483 39.6652,-121.477 39.6652,-121.472 39.6652,-121.46 39.6606,-121.454 39.6561,-121.454 39.6516,-121.454 39.6471,-121.454 39.6426))
201811130041,5,2,
Pattern Matcher : 318
201811130016,2,2,201811130032,3,2,201811130041,5,2,
Pattern Matcher : 319
201811130018,2,2,201811130032,3,2,201811130041,5,2,
Pattern Matcher : 320
201811130014,2,2,201811130035,3,2,multi: 1

boundary size: 1
boundary: POLYGON((-121.436 39.8541,-121.43 39.8541,-121.413 39.8496,-121.407 39.845,-121.407 39.8405,-121.407 39.836,-121.407 39.8315,-121.407 39.827,-121.413 39.8226,-121.419 39.8226,-121.436 39.8271,-121.448 39.8316,-121.448 39.8361,-121.448 39.8406,-121.442 39.8496,-121.436 39.8541))
201811130041,5,2,
Pattern Matcher : 321
201811130016,2,2,201811130035,3,2,201811130041,5,2,
Pattern Matcher : 322
201811130018,2,2,201811130035,3,2,201811130041,5,2,
Pattern Matcher : 323
201811130105,2,2,201811130115,3,2,multi: 1

boundary size: 1
boundary: POLYGON((-121.413 39.8226,-121.419 39.8226,-121.436 39.8271,-121.459 39.8271,-121.465 39.8272,-121.483 39.8317,-121.489 39.8362,-121.489 39.8407,-121.489 39.8452,-121.489 39.8497,-121.489 39.8542,-121.483 39.8587,-121.477 39.8587,-121.459 39.8541,-121.436 39.8541,-121.43 39.8541,-121.413 39.8496,-121.407 39.845,-121.407 39.8405,-121.407 39.836,-121.407 39.8315,-121.407 39.827,-121.413 39.8226))
201811130121,5,2,
Pattern Matcher : 324
201811130208,2,2,201811130220,3,2,multi: 1

boundary size: 1
boundary: POLYGON((-121.413 39.8226,-121.419 39.8226,-121.436 39.8271,-121.459 39.8271,-121.465 39.8272,-121.483 39.8317,-121.489 39.8362,-121.489 39.8407,-121.489 39.8452,-121.489 39.8497,-121.489 39.8542,-121.477 39.8812,-121.465 39.8856,-121.448 39.8811,-121.436 39.8766,-121.413 39.8496,-121.407 39.845,-121.407 39.8405,-121.407 39.8315,-121.407 39.827,-121.413 39.8226))
201811130234,5,2,
Pattern Matcher : 325
201811130208,2,2,201811130220,3,2,multi: 1

boundary size: 0201811130236,5,2,
Pattern Matcher : 326
201811130208,2,2,201811130220,3,2,multi: 1

boundary size: 0201811130239,5,2,
Pattern Matcher : 327
201811130307,2,2,201811130315,3,2,multi: 1

boundary size: 0201811130326,5,2,
Pattern Matcher : 328
201811130307,2,2,201811130315,3,2,multi: 1

boundary size: 1
boundary: POLYGON((-121.519 39.8848,-121.477 39.8812,-121.465 39.8856,-121.465 39.8856,-121.448 39.8811,-121.436 39.8766,-121.413 39.8496,-121.407 39.845,-121.407 39.8405,-121.407 39.8315,-121.407 39.827,-121.413 39.8226,-121.419 39.8226,-121.436 39.8271,-121.459 39.8271,-121.465 39.8272,-121.483 39.8317,-121.489 39.8362,-121.518 39.8632,-121.524 39.8677,-121.524 39.8722,-121.524 39.8812,-121.519 39.8848))
201811130328,5,2,
Pattern Matcher : 329
201811130307,2,2,201811130315,3,2,multi: 1

boundary size: 0201811130330,5,2,
Pattern Matcher : 330
201811130307,2,2,201811130315,3,2,multi: 1

boundary size: 0201811130333,5,2,
Pattern Matcher : 331
201811130307,2,2,201811130315,3,2,multi: 1

boundary size: 0201811130335,5,2,
Pattern Matcher : 332
201811130405,2,2,201811130417,3,2,201811130432,5,2,
Pattern Matcher : 333
201811130405,2,2,201811130419,3,2,201811130432,5,2,
Pattern Matcher : 334
201811130405,2,2,201811130422,3,2,multi: 1

boundary size: 1
boundary: POLYGON((-121.448 39.8315,-121.448 39.8316,-121.448 39.8361,-121.448 39.8406,-121.442 39.8496,-121.436 39.8541,-121.43 39.8541,-121.413 39.8497,-121.413 39.8496,-121.407 39.845,-121.407 39.8405,-121.407 39.8315,-121.407 39.827,-121.413 39.8226,-121.419 39.8226,-121.436 39.8271,-121.448 39.8315))
201811130432,5,2,
Pattern Matcher : 335
201811130405,2,2,201811130424,3,2,201811130432,5,2,
Pattern Matcher : 336
201811130405,2,2,201811130425,3,2,201811130432,5,2,
Pattern Matcher : 337
201811141810,2,2,201811141825,3,2,multi: 1

boundary size: 0201811141849,5,2,
Pattern Matcher : 338
201811141810,2,2,201811141827,3,2,multi: 1

boundary size: 0201811141849,5,2,
Pattern Matcher : 339
201811141810,2,2,201811141830,3,2,multi: 1

boundary size: 0201811141849,5,2,
Pattern Matcher : 340
201811141810,2,2,201811141833,3,2,multi: 1

boundary size: 0201811141849,5,2,
Pattern Matcher : 341
201811141810,2,2,201811141834,3,2,multi: 1

boundary size: 0201811141849,5,2,
Pattern Matcher : 342
201811141810,2,2,201811141835,3,2,multi: 1

boundary size: 0201811141849,5,2,
Pattern Matcher : 343
201811141810,2,2,201811141838,3,2,multi: 1

boundary size: 0201811141849,5,2,
Pattern Matcher : 344
201811141810,2,2,201811141825,3,2,multi: 1

boundary size: 0201811141850,5,2,
Pattern Matcher : 345
201811141810,2,2,201811141827,3,2,multi: 1

boundary size: 0201811141850,5,2,
Pattern Matcher : 346
201811141810,2,2,201811141830,3,2,multi: 1

boundary size: 0201811141850,5,2,
Pattern Matcher : 347
201811141810,2,2,201811141833,3,2,multi: 1

boundary size: 0201811141850,5,2,
Pattern Matcher : 348
201811141810,2,2,201811141834,3,2,multi: 1

boundary size: 0201811141850,5,2,
Pattern Matcher : 349
201811141810,2,2,201811141835,3,2,multi: 1

boundary size: 0201811141850,5,2,
Pattern Matcher : 350
201811141810,2,2,201811141838,3,2,multi: 1

boundary size: 0201811141850,5,2,
Pattern Matcher : 351
201811141810,2,2,201811141825,3,2,multi: 1

boundary size: 0201811141853,5,2,
Pattern Matcher : 352
201811141810,2,2,201811141827,3,2,multi: 1

boundary size: 0201811141853,5,2,
Pattern Matcher : 353
201811141810,2,2,201811141830,3,2,multi: 1

boundary size: 0201811141853,5,2,
Pattern Matcher : 354
201811141810,2,2,201811141833,3,2,multi: 1

boundary size: 0201811141853,5,2,
Pattern Matcher : 355
201811141810,2,2,201811141834,3,2,multi: 1

boundary size: 0201811141853,5,2,
Pattern Matcher : 356
201811141810,2,2,201811141835,3,2,multi: 1

boundary size: 0201811141853,5,2,
Pattern Matcher : 357
201811141810,2,2,201811141838,3,2,multi: 1

boundary size: 0201811141853,5,2,
Pattern Matcher : 358
201811141810,2,2,201811141825,3,2,multi: 1

boundary size: 0201811141854,5,2,
Pattern Matcher : 359
201811141810,2,2,201811141827,3,2,multi: 1

boundary size: 0201811141854,5,2,
Pattern Matcher : 360
201811141810,2,2,201811141830,3,2,multi: 1

boundary size: 0201811141854,5,2,
Pattern Matcher : 361
201811141810,2,2,201811141833,3,2,multi: 1

boundary size: 0201811141854,5,2,
Pattern Matcher : 362
201811141810,2,2,201811141834,3,2,multi: 1

boundary size: 0201811141854,5,2,
Pattern Matcher : 363
201811141810,2,2,201811141835,3,2,multi: 1

boundary size: 0201811141854,5,2,
Pattern Matcher : 364
201811141810,2,2,201811141838,3,2,multi: 1

boundary size: 0201811141854,5,2,
Pattern Matcher : 365
201811141909,2,2,201811141920,3,2,multi: 1

boundary size: 0201811141941,5,2,
Pattern Matcher : 366
201811141909,2,2,201811141921,3,2,multi: 1

boundary size: 0201811141941,5,2,
Pattern Matcher : 367
201811141909,2,2,201811141924,3,2,multi: 1

boundary size: 0201811141941,5,2,
Pattern Matcher : 368
201811141909,2,2,201811141925,3,2,multi: 1

boundary size: 0201811141941,5,2,
Pattern Matcher : 369
201811141909,2,2,201811141926,3,2,multi: 1

boundary size: 0201811141941,5,2,
Pattern Matcher : 370
201811141909,2,2,201811141929,3,2,multi: 1

boundary size: 0201811141941,5,2,
Pattern Matcher : 371
201811141909,2,2,201811141932,3,2,multi: 1

boundary size: 0201811141941,5,2,
Pattern Matcher : 372
201811141909,2,2,201811141933,3,2,multi: 1

boundary size: 0201811141941,5,2,
Pattern Matcher : 373
201811141909,2,2,201811141936,3,2,multi: 1

boundary size: 0201811141941,5,2,
Pattern Matcher : 374
201811141909,2,2,201811141920,3,2,multi: 1

boundary size: 0201811141942,5,2,
Pattern Matcher : 375
201811141909,2,2,201811141921,3,2,multi: 1

boundary size: 0201811141942,5,2,
Pattern Matcher : 376
201811141909,2,2,201811141924,3,2,multi: 1

boundary size: 0201811141942,5,2,
Pattern Matcher : 377
201811141909,2,2,201811141925,3,2,multi: 1

boundary size: 0201811141942,5,2,
Pattern Matcher : 378
201811141909,2,2,201811141926,3,2,multi: 1

boundary size: 0201811141942,5,2,
Pattern Matcher : 379
201811141909,2,2,201811141929,3,2,multi: 1

boundary size: 0201811141942,5,2,
Pattern Matcher : 380
201811141909,2,2,201811141932,3,2,multi: 1

boundary size: 0201811141942,5,2,
Pattern Matcher : 381
201811141909,2,2,201811141933,3,2,multi: 1

boundary size: 0201811141942,5,2,
Pattern Matcher : 382
201811141909,2,2,201811141936,3,2,multi: 1

boundary size: 0201811141942,5,2,
Pattern Matcher : 383
201811141909,2,2,201811141920,3,2,multi: 1

boundary size: 0201811141945,5,2,
Pattern Matcher : 384
201811141909,2,2,201811141921,3,2,multi: 1

boundary size: 0201811141945,5,2,
Pattern Matcher : 385
201811141909,2,2,201811141924,3,2,multi: 1

boundary size: 0201811141945,5,2,
Pattern Matcher : 386
201811141909,2,2,201811141925,3,2,multi: 1

boundary size: 0201811141945,5,2,
Pattern Matcher : 387
201811141909,2,2,201811141926,3,2,multi: 1

boundary size: 0201811141945,5,2,
Pattern Matcher : 388
201811141909,2,2,201811141929,3,2,multi: 1

boundary size: 0201811141945,5,2,
Pattern Matcher : 389
201811141909,2,2,201811141932,3,2,multi: 1

boundary size: 0201811141945,5,2,
Pattern Matcher : 390
201811141909,2,2,201811141933,3,2,multi: 1

boundary size: 0201811141945,5,2,
Pattern Matcher : 391
201811141909,2,2,201811141936,3,2,multi: 1

boundary size: 0201811141945,5,2,
Pattern Matcher : 392
201811142005,2,2,201811142029,3,2,multi: 1

boundary size: 0201811142059,5,2,
Pattern Matcher : 393
201811142005,2,2,201811142031,3,2,multi: 1

boundary size: 0201811142059,5,2,
Pattern Matcher : 394
201811142005,2,2,201811142033,3,2,multi: 1

boundary size: 0201811142059,5,2,
Pattern Matcher : 395
201811142005,2,2,201811142035,3,2,multi: 1

boundary size: 0201811142059,5,2,
Pattern Matcher : 396
201811142005,2,2,201811142038,3,2,multi: 1

boundary size: 0201811142059,5,2,
Pattern Matcher : 397
201811142005,2,2,201811142039,3,2,multi: 1

boundary size: 0201811142059,5,2,
Pattern Matcher : 398
201811142005,2,2,201811142042,3,2,multi: 1

boundary size: 0201811142059,5,2,
Pattern Matcher : 399
201811142005,2,2,201811142044,3,2,multi: 1

boundary size: 0201811142059,5,2,
Pattern Matcher : 400
201811142005,2,2,201811142046,3,2,multi: 1

boundary size: 0201811142059,5,2,
Pattern Matcher : 401
201811142005,2,2,201811142049,3,2,multi: 1

boundary size: 0201811142059,5,2,
Pattern Matcher : 402
201811142005,2,2,201811142051,3,2,multi: 1

boundary size: 0201811142059,5,2,
Pattern Matcher : 403
201811142005,2,2,201811142054,3,2,multi: 1

boundary size: 0201811142059,5,2,
Pattern Matcher : 404
201811142119,2,2,201811142142,3,2,multi: 1

boundary size: 0201811142159,5,2,
Pattern Matcher : 405
201811142119,2,2,201811142144,3,2,multi: 1

boundary size: 0201811142159,5,2,
Pattern Matcher : 406
201811142119,2,2,201811142147,3,2,multi: 1

boundary size: 0201811142159,5,2,
Pattern Matcher : 407
201811142119,2,2,201811142150,3,2,multi: 1

boundary size: 0201811142159,5,2,
Pattern Matcher : 408
201811142119,2,2,201811142153,3,2,multi: 1

boundary size: 0201811142159,5,2,
Pattern Matcher : 409
201811142119,2,2,201811142142,3,2,multi: 1

boundary size: 0201811142159,5,2,
Pattern Matcher : 410
201811142119,2,2,201811142144,3,2,multi: 1

boundary size: 0201811142159,5,2,
Pattern Matcher : 411
201811142119,2,2,201811142147,3,2,multi: 1

boundary size: 0201811142159,5,2,
Pattern Matcher : 412
201811142119,2,2,201811142150,3,2,multi: 1

boundary size: 0201811142159,5,2,
Pattern Matcher : 413
201811142119,2,2,201811142153,3,2,multi: 1

boundary size: 0201811142159,5,2,
Pattern Matcher : 414
201811142119,2,2,201811142142,3,2,multi: 1

boundary size: 0201811142159,5,2,
Pattern Matcher : 415
201811142119,2,2,201811142144,3,2,multi: 1

boundary size: 0201811142159,5,2,
Pattern Matcher : 416
201811142119,2,2,201811142147,3,2,multi: 1

boundary size: 0201811142159,5,2,
Pattern Matcher : 417
201811142119,2,2,201811142150,3,2,multi: 1

boundary size: 0201811142159,5,2,
Pattern Matcher : 418
201811142119,2,2,201811142153,3,2,multi: 1

boundary size: 0201811142159,5,2,
Pattern Matcher : 419
201811142119,2,2,201811142142,3,2,multi: 1

boundary size: 0201811142159,5,2,
Pattern Matcher : 420
201811142119,2,2,201811142144,3,2,multi: 1

boundary size: 0201811142159,5,2,
Pattern Matcher : 421
201811142119,2,2,201811142147,3,2,multi: 1

boundary size: 0201811142159,5,2,
Pattern Matcher : 422
201811142119,2,2,201811142150,3,2,multi: 1

boundary size: 0201811142159,5,2,
Pattern Matcher : 423
201811142119,2,2,201811142153,3,2,multi: 1

boundary size: 0201811142159,5,2,
Pattern Matcher : 424
201811142119,2,2,201811142142,3,2,multi: 1

boundary size: 0201811142159,5,2,
Pattern Matcher : 425
201811142119,2,2,201811142144,3,2,multi: 1

boundary size: 0201811142159,5,2,
Pattern Matcher : 426
201811142119,2,2,201811142147,3,2,multi: 1

boundary size: 0201811142159,5,2,
Pattern Matcher : 427
201811142119,2,2,201811142150,3,2,multi: 1

boundary size: 0201811142159,5,2,
Pattern Matcher : 428
201811142119,2,2,201811142153,3,2,multi: 1

boundary size: 0201811142159,5,2,
Pattern Matcher : 429
201811142209,2,2,201811142221,3,2,multi: 1

boundary size: 0201811142241,5,2,
Pattern Matcher : 430
201811142209,2,2,201811142223,3,2,multi: 1

boundary size: 0201811142241,5,2,
Pattern Matcher : 431
201811142209,2,2,201811142226,3,2,multi: 1

boundary size: 0201811142241,5,2,
Pattern Matcher : 432
201811142209,2,2,201811142227,3,2,multi: 1

boundary size: 0201811142241,5,2,
Pattern Matcher : 433
201811142209,2,2,201811142229,3,2,multi: 1

boundary size: 0201811142241,5,2,
Pattern Matcher : 434
201811142209,2,2,201811142230,3,2,multi: 1

boundary size: 0201811142241,5,2,
Pattern Matcher : 435
201811142209,2,2,201811142233,3,2,multi: 1

boundary size: 0201811142241,5,2,
Pattern Matcher : 436
201811142209,2,2,201811142221,3,2,multi: 1

boundary size: 0201811142243,5,2,
Pattern Matcher : 437
201811142209,2,2,201811142223,3,2,multi: 1

boundary size: 0201811142243,5,2,
Pattern Matcher : 438
201811142209,2,2,201811142226,3,2,multi: 1

boundary size: 0201811142243,5,2,
Pattern Matcher : 439
201811142209,2,2,201811142227,3,2,multi: 1

boundary size: 0201811142243,5,2,
Pattern Matcher : 440
201811142209,2,2,201811142229,3,2,multi: 1

boundary size: 0201811142243,5,2,
Pattern Matcher : 441
201811142209,2,2,201811142230,3,2,multi: 1

boundary size: 0201811142243,5,2,
Pattern Matcher : 442
201811142209,2,2,201811142233,3,2,multi: 1

boundary size: 0201811142243,5,2,
Pattern Matcher : 443
201811142314,2,2,201811142324,3,2,multi: 1

boundary size: 0201811142342,5,2,
Pattern Matcher : 444
201811142314,2,2,201811142326,3,2,multi: 1

boundary size: 0201811142342,5,2,
Pattern Matcher : 445
201811142314,2,2,201811142327,3,2,multi: 1

boundary size: 0201811142342,5,2,
Pattern Matcher : 446
201811142314,2,2,201811142330,3,2,multi: 1

boundary size: 0201811142342,5,2,
Pattern Matcher : 447
201811142314,2,2,201811142324,3,2,multi: 1

boundary size: 0201811142343,5,2,
Pattern Matcher : 448
201811142314,2,2,201811142326,3,2,multi: 1

boundary size: 0201811142343,5,2,
Pattern Matcher : 449
201811142314,2,2,201811142327,3,2,multi: 1

boundary size: 0201811142343,5,2,
Pattern Matcher : 450
201811142314,2,2,201811142330,3,2,multi: 1

boundary size: 0201811142343,5,2,
Pattern Matcher : 451
201811142314,2,2,201811142324,3,2,multi: 1

boundary size: 0201811142344,5,2,
Pattern Matcher : 452
201811142314,2,2,201811142326,3,2,multi: 1

boundary size: 0201811142344,5,2,
Pattern Matcher : 453
201811142314,2,2,201811142327,3,2,multi: 1

boundary size: 0201811142344,5,2,
Pattern Matcher : 454
201811142314,2,2,201811142330,3,2,multi: 1

boundary size: 0201811142344,5,2,
Pattern Matcher : 455
201811142314,2,2,201811142324,3,2,multi: 1

boundary size: 0201811142345,5,2,
Pattern Matcher : 456
201811142314,2,2,201811142326,3,2,multi: 1

boundary size: 0201811142345,5,2,
Pattern Matcher : 457
201811142314,2,2,201811142327,3,2,multi: 1

boundary size: 0201811142345,5,2,
Pattern Matcher : 458
201811142314,2,2,201811142330,3,2,multi: 1

boundary size: 0201811142345,5,2,
Pattern Matcher : 459
201811142314,2,2,201811142324,3,2,multi: 1

boundary size: 0201811142347,5,2,
Pattern Matcher : 460
201811142314,2,2,201811142326,3,2,multi: 1

boundary size: 0201811142347,5,2,
Pattern Matcher : 461
201811142314,2,2,201811142327,3,2,multi: 1

boundary size: 0201811142347,5,2,
Pattern Matcher : 462
201811142314,2,2,201811142330,3,2,multi: 1

boundary size: 0201811142347,5,2,
Pattern Matcher : 463
201811142314,2,2,201811142324,3,2,multi: 1

boundary size: 0201811142349,5,2,
Pattern Matcher : 464
201811142314,2,2,201811142326,3,2,multi: 1

boundary size: 0201811142349,5,2,
Pattern Matcher : 465
201811142314,2,2,201811142327,3,2,multi: 1

boundary size: 0201811142349,5,2,
Pattern Matcher : 466
201811142314,2,2,201811142330,3,2,multi: 1

boundary size: 0201811142349,5,2,
Pattern Matcher : 467
201811142314,2,2,201811142324,3,2,multi: 1

boundary size: 0201811142351,5,2,
Pattern Matcher : 468
201811142314,2,2,201811142326,3,2,multi: 1

boundary size: 0201811142351,5,2,
Pattern Matcher : 469
201811142314,2,2,201811142327,3,2,multi: 1

boundary size: 0201811142351,5,2,
Pattern Matcher : 470
201811142314,2,2,201811142330,3,2,multi: 1

boundary size: 0201811142351,5,2,
Pattern Matcher : 471
201811142314,2,2,201811142324,3,2,multi: 1

boundary size: 0201811142353,5,2,
Pattern Matcher : 472
201811142314,2,2,201811142326,3,2,multi: 1

boundary size: 0201811142353,5,2,
Pattern Matcher : 473
201811142314,2,2,201811142327,3,2,multi: 1

boundary size: 0201811142353,5,2,
Pattern Matcher : 474
201811142314,2,2,201811142330,3,2,multi: 1

boundary size: 0201811142353,5,2,
Pattern Matcher : 475
201811142314,2,2,201811142324,3,2,multi: 1

boundary size: 0201811142356,5,2,
Pattern Matcher : 476
201811142314,2,2,201811142326,3,2,multi: 1

boundary size: 0201811142356,5,2,
Pattern Matcher : 477
201811142314,2,2,201811142327,3,2,multi: 1

boundary size: 0201811142356,5,2,
Pattern Matcher : 478
201811142314,2,2,201811142330,3,2,multi: 1

boundary size: 0201811142356,5,2,
event stream queue is empty now!
perform 3loadshedding
eventCn 2693
#full Match 479
#high latecny (> 150)278
#NumPartialMatch 484
#NumDropedPM 0
#NumDropedInputEvents 0
avg latency: 2223
expression size: 0



********   Event Pattern    ********
TYPE Satellite {
    time,
    channelID,
    level,
    boundary
};

QUERY fail3
EVENT SEQ(Satellite c06,Satellite c07MinusC14,Satellite c16)
WHERE c06.boundary /\ c07MinusC14.boundary && c06.boundary /\ c16.boundary
    && c06.channelID == 2 && c07MinusC14.channelID == 3
    && c16.channelID == 5
    && c06.level == 2 && c07MinusC14.level == 2 && c16.level == 2
WITHIN 1h
RETURN Fire(c06.time,c06.channelID,c06.level,
    c07MinusC14.time,c07MinusC14.channelID,c07MinusC14.level,
    INTERSECT(c06.boundary,c07MinusC14.boundary,c16.boundary),
    c16.time,c16.channelID,c16.level
);