c01
c07MinusC14
c01
c16
c01
c07MinusC14
c16
c01
c07MinusC14
c16
c01
c01
c01
c07MinusC14
c07MinusC14
c07MinusC14
c01
c07MinusC14
c16
c16
c16
c16
Pattern Matcher : 0
201811081602,0,2,201811081634,3,2,multi: 1

boundary size: 1
boundary: POLYGON((-121.454 39.852,-121.448 39.8496,-121.438 39.8387,-121.424 39.8226,-121.421 39.8202,-121.419 39.8181,-121.419 39.8177,-121.419 39.8136,-121.419 39.8091,-121.419 39.8046,-121.419 39.8001,-121.415 39.7639,-121.448 39.7461,-121.454 39.7461,-121.46 39.7461,-121.466 39.7462,-121.501 39.7462,-121.512 39.7507,-121.547 39.7508,-121.594 39.7328,-121.6 39.7218,-121.6 39.7238,-121.6 39.7283,-121.588 39.7508,-121.576 39.7778,-121.565 39.7958,-121.559 39.8048,-121.547 39.8318,-121.535 39.8587,-121.524 39.8632,-121.512 39.8587,-121.483 39.8587,-121.477 39.8587,-121.459 39.8541,-121.454 39.852))
201811081640,5,2,
Pattern Matcher : 1
201811081602,0,2,201811081634,3,2,multi: 1

boundary size: 0201811081642,5,2,
Pattern Matcher : 2
201811081602,0,2,201811081634,3,2,multi: 1

boundary size: 0201811081644,5,2,
Pattern Matcher : 3
201811081803,0,2,201811081821,3,2,multi: 1

boundary size: 0201811081832,5,2,
Pattern Matcher : 4
201811081803,0,2,201811081824,3,2,multi: 1

boundary size: 1
boundary: POLYGON((-121.506 39.7237,-121.512 39.7237,-121.518 39.7237,-121.524 39.7237,-121.559 39.7238,-121.577 39.7283,-121.606 39.7283,-121.623 39.7328,-121.647 39.7328,-121.652 39.7328,-121.67 39.7373,-121.682 39.7418,-121.682 39.7463,-121.682 39.7508,-121.676 39.7598,-121.664 39.7868,-121.652 39.8093,-121.641 39.8363,-121.629 39.8543,-121.623 39.8678,-121.617 39.8678,-121.611 39.8678,-121.606 39.8678,-121.571 39.8678,-121.559 39.8633,-121.524 39.8632,-121.512 39.8587,-121.483 39.8587,-121.477 39.8587,-121.459 39.8541,-121.448 39.8496,-121.424 39.8226,-121.419 39.8181,-121.419 39.8136,-121.419 39.8091,-121.419 39.8046,-121.419 39.8001,-121.43 39.7776,-121.448 39.7461,-121.454 39.7461,-121.46 39.7461,-121.466 39.7462,-121.506 39.7237))
201811081832,5,2,
Pattern Matcher : 5
201811081803,0,2,201811081821,3,2,multi: 1

boundary size: 0201811081833,5,2,
Pattern Matcher : 6
201811081803,0,2,201811081824,3,2,multi: 1

boundary size: 0201811081833,5,2,
Pattern Matcher : 7
201811081901,0,2,201811081917,3,2,multi: 1

boundary size: 1
boundary: POLYGON((-121.518 39.7012,-121.524 39.6967,-121.53 39.6967,-121.536 39.6967,-121.553 39.7013,-121.565 39.7013,-121.571 39.7013,-121.577 39.7013,-121.582 39.7013,-121.617 39.7013,-121.635 39.7058,-121.647 39.7103,-121.67 39.7373,-121.682 39.7418,-121.682 39.7463,-121.682 39.7508,-121.676 39.7598,-121.664 39.7868,-121.652 39.8093,-121.641 39.8363,-121.629 39.8543,-121.623 39.8678,-121.617 39.8678,-121.611 39.8678,-121.606 39.8678,-121.571 39.8678,-121.559 39.8633,-121.524 39.8632,-121.512 39.8587,-121.483 39.8587,-121.477 39.8587,-121.459 39.8541,-121.448 39.8496,-121.424 39.8226,-121.419 39.8181,-121.419 39.8136,-121.419 39.8091,-121.419 39.8046,-121.419 39.8001,-121.43 39.7776,-121.448 39.7461,-121.454 39.7461,-121.46 39.7461,-121.466 39.7462,-121.506 39.7237,-121.518 39.7012))
201811081923,5,2,
Pattern Matcher : 8
201811081901,0,2,201811081917,3,2,multi: 1

boundary size: 0201811081926,5,2,
Pattern Matcher : 9
201811081901,0,2,201811081917,3,2,multi: 1

boundary size: 0201811081928,5,2,
Pattern Matcher : 10
201811082001,0,2,201811082017,3,2,multi: 1

boundary size: 1
boundary: POLYGON((-121.518 39.7012,-121.524 39.6967,-121.53 39.6967,-121.536 39.6967,-121.553 39.7013,-121.565 39.7013,-121.571 39.7013,-121.577 39.7013,-121.582 39.7013,-121.617 39.7013,-121.635 39.7058,-121.664 39.7058,-121.682 39.7103,-121.693 39.7148,-121.693 39.7193,-121.693 39.7238,-121.693 39.7283,-121.693 39.7328,-121.682 39.7508,-121.676 39.7598,-121.664 39.7868,-121.652 39.8093,-121.641 39.8363,-121.635 39.8408,-121.629 39.8408,-121.623 39.8408,-121.582 39.8588,-121.576 39.8633,-121.571 39.8678,-121.559 39.8633,-121.524 39.8632,-121.512 39.8587,-121.483 39.8587,-121.477 39.8587,-121.459 39.8541,-121.448 39.8496,-121.424 39.8226,-121.419 39.8181,-121.419 39.8136,-121.419 39.8091,-121.419 39.8046,-121.419 39.8001,-121.43 39.7776,-121.448 39.7461,-121.46 39.7236,-121.466 39.7192,-121.471 39.7192,-121.477 39.7192,-121.518 39.7012))
201811082026,5,2,
Pattern Matcher : 11
201811082001,0,2,201811082017,3,2,multi: 1

boundary size: 0201811082029,5,2,
Pattern Matcher : 12
201811082101,0,2,201811082124,3,2,multi: 1

boundary size: 1
boundary: POLYGON((-121.577 39.6788,-121.582 39.6743,-121.588 39.6743,-121.594 39.6743,-121.612 39.6788,-121.623 39.6788,-121.629 39.6788,-121.635 39.6788,-121.641 39.6788,-121.647 39.6788,-121.658 39.6833,-121.664 39.6878,-121.693 39.7148,-121.717 39.7418,-121.728 39.7463,-121.723 39.7643,-121.711 39.7868,-121.705 39.7913,-121.699 39.7913,-121.693 39.7913,-121.652 39.8093,-121.641 39.8363,-121.635 39.8408,-121.629 39.8408,-121.623 39.8408,-121.582 39.8588,-121.576 39.8633,-121.571 39.8678,-121.559 39.8633,-121.524 39.8632,-121.512 39.8587,-121.495 39.8542,-121.448 39.8271,-121.442 39.8271,-121.424 39.8226,-121.419 39.8181,-121.419 39.8136,-121.419 39.8091,-121.419 39.8046,-121.419 39.8001,-121.442 39.7641,-121.448 39.7461,-121.46 39.7236,-121.466 39.7192,-121.471 39.7192,-121.477 39.7192,-121.518 39.7012,-121.524 39.6967,-121.53 39.6967,-121.536 39.6967,-121.577 39.6788))
201811082136,5,2,
Pattern Matcher : 13
201811082202,0,2,201811082254,3,2,multi: 1

boundary size: 1
boundary: POLYGON((-121.577 39.6788,-121.582 39.6743,-121.588 39.6743,-121.594 39.6743,-121.612 39.6788,-121.623 39.6788,-121.629 39.6788,-121.635 39.6788,-121.641 39.6788,-121.647 39.6788,-121.658 39.6833,-121.664 39.6878,-121.693 39.7148,-121.693 39.7193,-121.693 39.7238,-121.693 39.7283,-121.693 39.7328,-121.682 39.7508,-121.676 39.7598,-121.664 39.7868,-121.652 39.8093,-121.641 39.8363,-121.635 39.8408,-121.629 39.8408,-121.623 39.8408,-121.582 39.8588,-121.576 39.8633,-121.571 39.8678,-121.559 39.8633,-121.524 39.8632,-121.512 39.8587,-121.495 39.8542,-121.448 39.8271,-121.442 39.8271,-121.424 39.8226,-121.419 39.8181,-121.419 39.8136,-121.419 39.8091,-121.419 39.8046,-121.419 39.8001,-121.442 39.7641,-121.448 39.7461,-121.46 39.7236,-121.472 39.6967,-121.477 39.6922,-121.483 39.6922,-121.489 39.6922,-121.507 39.6967,-121.524 39.6967,-121.53 39.6967,-121.536 39.6967,-121.577 39.6788))
201811082259,5,2,
Pattern Matcher : 14
201811082301,0,2,201811082352,3,2,multi: 1

boundary size: 1
boundary: POLYGON((-121.577 39.6788,-121.582 39.6743,-121.588 39.6743,-121.594 39.6743,-121.612 39.6788,-121.623 39.6788,-121.629 39.6788,-121.635 39.6788,-121.641 39.6788,-121.647 39.6788,-121.658 39.6833,-121.664 39.6878,-121.693 39.7148,-121.717 39.7418,-121.728 39.7463,-121.723 39.7643,-121.717 39.7688,-121.711 39.7688,-121.664 39.7868,-121.652 39.8093,-121.641 39.8363,-121.635 39.8408,-121.629 39.8408,-121.623 39.8408,-121.582 39.8588,-121.576 39.8633,-121.571 39.8678,-121.559 39.8633,-121.524 39.8632,-121.512 39.8587,-121.483 39.8587,-121.477 39.8587,-121.459 39.8541,-121.448 39.8496,-121.424 39.8226,-121.419 39.8181,-121.419 39.8136,-121.419 39.8091,-121.419 39.8046,-121.419 39.8001,-121.43 39.7956,-121.477 39.7777,-121.489 39.7552,-121.506 39.7237,-121.518 39.7012,-121.524 39.6967,-121.53 39.6967,-121.536 39.6967,-121.577 39.6788))
201811082359,5,2,
Pattern Matcher : 15
201811082301,0,2,201811082352,3,2,multi: 1

boundary size: 0201811082359,5,2,
Pattern Matcher : 16
201811090008,0,2,201811090045,3,2,multi: 1

boundary size: 1
boundary: POLYGON((-121.635 39.8408,-121.623 39.8408,-121.617 39.8408,-121.594 39.8363,-121.588 39.8363,-121.576 39.8363,-121.571 39.8363,-121.553 39.8363,-121.506 39.8407,-121.5 39.8452,-121.489 39.8407,-121.471 39.8272,-121.471 39.8227,-121.471 39.8182,-121.477 39.8047,-121.483 39.7912,-121.524 39.7642,-121.565 39.7283,-121.571 39.7148,-121.582 39.6743,-121.582 39.6743,-121.588 39.6743,-121.594 39.6743,-121.612 39.6788,-121.623 39.6788,-121.629 39.6788,-121.635 39.6788,-121.641 39.6788,-121.647 39.6788,-121.676 39.6788,-121.693 39.6833,-121.705 39.6878,-121.728 39.7148,-121.74 39.7193,-121.74 39.7238,-121.74 39.7283,-121.74 39.7328,-121.723 39.7643,-121.717 39.7688,-121.711 39.7688,-121.664 39.7868,-121.652 39.8093,-121.641 39.8363,-121.635 39.8408))
201811090055,5,2,
Pattern Matcher : 17
201811091603,0,2,201811091628,3,2,multi: 1

boundary size: 1
boundary: POLYGON((-121.409 39.7326,-121.39 39.71,-121.384 39.7055,-121.384 39.701,-121.384 39.6965,-121.384 39.692,-121.384 39.6875,-121.39 39.683,-121.407 39.6876,-121.437 39.6876,-121.442 39.6876,-121.489 39.6697,-121.495 39.6652,-121.501 39.6652,-121.536 39.6697,-121.542 39.6698,-121.547 39.6698,-121.565 39.6743,-121.571 39.6788,-121.6 39.7058,-121.6 39.7103,-121.6 39.7148,-121.6 39.7193,-121.6 39.7238,-121.623 39.7643,-121.647 39.7913,-121.652 39.7958,-121.652 39.8003,-121.652 39.8048,-121.652 39.8093,-121.641 39.8363,-121.635 39.8408,-121.629 39.8408,-121.623 39.8408,-121.582 39.8588,-121.576 39.8633,-121.571 39.8678,-121.559 39.8633,-121.524 39.8632,-121.512 39.8587,-121.5 39.8587,-121.495 39.8542,-121.471 39.8272,-121.465 39.8227,-121.465 39.8182,-121.465 39.8137,-121.465 39.8092,-121.465 39.8047,-121.448 39.7686,-121.442 39.7641,-121.413 39.7371,-121.409 39.7326))
201811091634,5,2,
Pattern Matcher : 18
201811091603,0,2,201811091628,3,2,multi: 1

boundary size: 0201811091637,5,2,
Pattern Matcher : 19
201811091603,0,2,201811091628,3,2,multi: 1

boundary size: 0201811091638,5,2,
Pattern Matcher : 20
201811091603,0,2,201811091628,3,2,multi: 1

boundary size: 0201811091640,5,2,
Pattern Matcher : 21
201811091603,0,2,201811091628,3,2,multi: 1

boundary size: 0201811091643,5,2,
Pattern Matcher : 22
201811091802,0,2,201811091815,3,2,multi: 1

boundary size: 1
boundary: POLYGON((-121.431 39.6921,-121.437 39.6876,-121.442 39.6876,-121.477 39.6922,-121.483 39.6922,-121.489 39.6922,-121.507 39.6967,-121.524 39.6967,-121.53 39.6967,-121.536 39.6967,-121.553 39.7013,-121.559 39.7058,-121.588 39.7328,-121.588 39.7373,-121.588 39.7418,-121.588 39.7463,-121.588 39.7508,-121.623 39.8138,-121.635 39.8183,-121.641 39.8228,-121.641 39.8273,-121.641 39.8318,-121.641 39.8363,-121.635 39.8408,-121.629 39.8408,-121.623 39.8408,-121.617 39.8408,-121.6 39.8363,-121.535 39.8587,-121.524 39.8632,-121.512 39.8587,-121.483 39.8587,-121.477 39.8587,-121.459 39.8541,-121.448 39.8496,-121.424 39.8226,-121.419 39.8181,-121.419 39.8136,-121.419 39.8091,-121.419 39.8046,-121.419 39.8001,-121.442 39.7641,-121.425 39.7101,-121.425 39.7056,-121.425 39.7011,-121.431 39.6921))
201811091823,5,2,
Pattern Matcher : 23
201811091802,0,2,201811091815,3,2,multi: 1

boundary size: 0201811091826,5,2,
Pattern Matcher : 24
201811091901,0,2,201811091919,3,2,multi: 1

boundary size: 1
boundary: POLYGON((-121.489 39.6697,-121.495 39.6652,-121.501 39.6652,-121.512 39.6697,-121.524 39.6742,-121.553 39.7013,-121.559 39.7058,-121.588 39.7328,-121.588 39.7373,-121.588 39.7418,-121.588 39.7463,-121.588 39.7508,-121.582 39.7553,-121.576 39.7553,-121.571 39.7553,-121.53 39.7732,-121.518 39.8002,-121.506 39.8137,-121.5 39.8272,-121.489 39.8542,-121.483 39.8587,-121.477 39.8587,-121.459 39.8541,-121.448 39.8496,-121.424 39.8226,-121.419 39.8181,-121.419 39.8136,-121.419 39.8091,-121.419 39.8046,-121.419 39.8001,-121.401 39.764,-121.401 39.7595,-121.401 39.755,-121.401 39.7505,-121.401 39.746,-121.407 39.7415,-121.425 39.7056,-121.425 39.7011,-121.431 39.6921,-121.437 39.6876,-121.442 39.6876,-121.489 39.6697))
201811091929,5,2,
Pattern Matcher : 25
201811092002,0,2,201811092021,3,2,multi: 1

boundary size: 1
boundary: POLYGON((-121.442 39.6651,-121.448 39.6606,-121.454 39.6606,-121.466 39.6652,-121.495 39.6652,-121.501 39.6652,-121.512 39.6697,-121.524 39.6742,-121.553 39.7013,-121.559 39.7058,-121.559 39.7103,-121.559 39.7148,-121.553 39.7238,-121.541 39.7508,-121.536 39.7507,-121.53 39.7507,-121.524 39.7507,-121.489 39.8362,-121.489 39.8407,-121.489 39.8452,-121.489 39.8497,-121.489 39.8542,-121.483 39.8587,-121.477 39.8587,-121.459 39.8541,-121.448 39.8496,-121.424 39.8226,-121.419 39.8181,-121.419 39.8136,-121.419 39.8091,-121.419 39.8046,-121.419 39.8001,-121.43 39.7776,-121.425 39.7101,-121.425 39.7056,-121.425 39.7011,-121.431 39.6921,-121.437 39.6831,-121.442 39.6651))
201811092029,5,2,
Pattern Matcher : 26
201811092101,0,2,201811092117,3,2,multi: 1

boundary size: 1
boundary: POLYGON((-121.431 39.6921,-121.437 39.6876,-121.442 39.6876,-121.477 39.6922,-121.483 39.6922,-121.489 39.6922,-121.507 39.6967,-121.524 39.6967,-121.53 39.6967,-121.536 39.6967,-121.553 39.7013,-121.559 39.7058,-121.559 39.7103,-121.559 39.7148,-121.553 39.7238,-121.541 39.7508,-121.53 39.8362,-121.535 39.8407,-121.535 39.8452,-121.535 39.8497,-121.535 39.8542,-121.535 39.8587,-121.524 39.8632,-121.512 39.8587,-121.483 39.8587,-121.477 39.8587,-121.459 39.8541,-121.448 39.8496,-121.424 39.8226,-121.419 39.8181,-121.419 39.8136,-121.419 39.8091,-121.419 39.8046,-121.419 39.8001,-121.425 39.7101,-121.425 39.7056,-121.425 39.7011,-121.431 39.6921))
201811092120,5,2,
Pattern Matcher : 27
201811092202,0,2,201811092231,3,2,multi: 1

boundary size: 1
boundary: POLYGON((-121.472 39.6967,-121.477 39.6922,-121.483 39.6922,-121.489 39.6922,-121.507 39.6967,-121.524 39.6967,-121.53 39.6967,-121.536 39.6967,-121.553 39.7013,-121.559 39.7058,-121.559 39.7103,-121.559 39.7148,-121.553 39.7238,-121.547 39.7283,-121.53 39.7237,-121.501 39.7237,-121.46 39.8046,-121.483 39.8317,-121.489 39.8362,-121.489 39.8407,-121.489 39.8452,-121.489 39.8497,-121.489 39.8542,-121.483 39.8587,-121.477 39.8587,-121.459 39.8541,-121.448 39.8496,-121.424 39.8226,-121.419 39.8181,-121.419 39.8136,-121.419 39.8091,-121.419 39.8046,-121.419 39.8001,-121.43 39.7956,-121.471 39.7147,-121.471 39.7102,-121.471 39.7057,-121.471 39.7012,-121.472 39.6967))
201811092236,5,2,
Pattern Matcher : 28
201811092303,0,2,201811092345,3,2,multi: 1

boundary size: 1
boundary: POLYGON((-121.472 39.6967,-121.477 39.6922,-121.483 39.6922,-121.489 39.6922,-121.507 39.6967,-121.512 39.7012,-121.512 39.7057,-121.512 39.7102,-121.512 39.7147,-121.512 39.7192,-121.501 39.7237,-121.46 39.8046,-121.483 39.8317,-121.489 39.8362,-121.489 39.8407,-121.489 39.8452,-121.489 39.8497,-121.489 39.8542,-121.483 39.8587,-121.477 39.8587,-121.459 39.8541,-121.448 39.8496,-121.424 39.8226,-121.419 39.8181,-121.419 39.8136,-121.419 39.8091,-121.419 39.8046,-121.419 39.8001,-121.43 39.7956,-121.471 39.7147,-121.471 39.7102,-121.471 39.7057,-121.471 39.7012,-121.472 39.6967))
201811092352,5,2,
Pattern Matcher : 29
201811112003,0,2,201811112022,3,2,multi: 1

boundary size: 1
boundary: POLYGON((-121.489 39.6697,-121.495 39.6652,-121.501 39.6652,-121.512 39.6697,-121.524 39.6742,-121.524 39.6787,-121.524 39.6832,-121.524 39.6877,-121.524 39.6922,-121.518 39.6967,-121.512 39.6967,-121.495 39.6922,-121.483 39.6877,-121.483 39.6832,-121.483 39.6787,-121.489 39.6697))
201811112032,5,2,
Pattern Matcher : 30
201811112003,0,2,201811112025,3,2,multi: 1

boundary size: 1
boundary: POLYGON((-121.407 39.827,-121.413 39.8226,-121.419 39.8226,-121.436 39.8271,-121.448 39.8316,-121.448 39.8361,-121.448 39.8406,-121.442 39.8496,-121.436 39.8541,-121.43 39.8541,-121.413 39.8496,-121.407 39.845,-121.407 39.8405,-121.407 39.836,-121.407 39.8315,-121.407 39.827))
201811112032,5,2,
Pattern Matcher : 31
201811112103,0,2,201811112121,3,2,multi: 1

boundary size: 1
boundary: POLYGON((-121.489 39.6697,-121.495 39.6652,-121.501 39.6652,-121.512 39.6697,-121.524 39.6742,-121.524 39.6787,-121.524 39.6832,-121.524 39.6877,-121.524 39.6922,-121.518 39.6967,-121.512 39.6967,-121.495 39.6922,-121.483 39.6877,-121.483 39.6832,-121.483 39.6787,-121.489 39.6697))
201811112130,5,2,
Pattern Matcher : 32
201811112203,0,2,201811112242,3,2,multi: 1

boundary size: 1
boundary: POLYGON((-121.454 39.6426,-121.46 39.6381,-121.466 39.6382,-121.472 39.6382,-121.477 39.6382,-121.507 39.6382,-121.512 39.6382,-121.524 39.6427,-121.542 39.6473,-121.565 39.6743,-121.571 39.6788,-121.571 39.6833,-121.571 39.6878,-121.571 39.6923,-121.571 39.6968,-121.559 39.7013,-121.542 39.6968,-121.518 39.6967,-121.512 39.6967,-121.495 39.6922,-121.472 39.6922,-121.466 39.6922,-121.46 39.6921,-121.448 39.6876,-121.437 39.6831,-121.442 39.6651,-121.454 39.6426))
201811112252,5,2,
Pattern Matcher : 33
201811112302,0,2,201811112349,3,2,multi: 1

boundary size: 1
boundary: POLYGON((-121.489 39.6697,-121.495 39.6652,-121.501 39.6652,-121.512 39.6697,-121.524 39.6742,-121.524 39.6787,-121.524 39.6832,-121.524 39.6877,-121.524 39.6922,-121.518 39.6967,-121.512 39.6967,-121.495 39.6922,-121.483 39.6877,-121.483 39.6832,-121.483 39.6787,-121.489 39.6697))
201811112358,5,2,
Pattern Matcher : 34
201811112305,0,2,201811112349,3,2,201811112358,5,2,
Pattern Matcher : 35
201811112306,0,2,201811112349,3,2,201811112358,5,2,
Pattern Matcher : 36
201811112308,0,2,201811112349,3,2,201811112358,5,2,
Pattern Matcher : 37
201811112310,0,2,201811112349,3,2,201811112358,5,2,
Pattern Matcher : 38
201811112313,0,2,201811112349,3,2,201811112358,5,2,
Pattern Matcher : 39
201811120006,0,2,201811120044,3,2,multi: 1

boundary size: 1
boundary: POLYGON((-121.509 39.6959,-121.536 39.6517,-121.533 39.645,-121.542 39.6473,-121.542 39.6518,-121.536 39.6652,-121.524 39.6922,-121.518 39.6967,-121.512 39.6967,-121.509 39.6959))
201811120055,5,2,
Pattern Matcher : 40
201811121601,0,2,201811121628,3,2,multi: 1

boundary size: 0201811121642,5,2,
Pattern Matcher : 41
201811121601,0,2,201811121630,3,2,multi: 1

boundary size: 0201811121642,5,2,
Pattern Matcher : 42
201811121601,0,2,201811121631,3,2,multi: 1

boundary size: 0201811121642,5,2,
Pattern Matcher : 43
201811121601,0,2,201811121628,3,2,multi: 1

boundary size: 0201811121643,5,2,
Pattern Matcher : 44
201811121601,0,2,201811121630,3,2,multi: 1

boundary size: 1
boundary: POLYGON((-121.603 39.8691,-121.565 39.8903,-121.559 39.8903,-121.553 39.8903,-121.55 39.8903,-121.547 39.8902,-121.547 39.8902,-121.53 39.8857,-121.53 39.8812,-121.53 39.8767,-121.53 39.8722,-121.53 39.8677,-121.53 39.8632,-121.54 39.8431,-121.582 39.8633,-121.6 39.8678,-121.603 39.8691))
201811121643,5,2,
Pattern Matcher : 45
201811121601,0,2,201811121631,3,2,multi: 1

boundary size: 0201811121643,5,2,
Pattern Matcher : 46
201811121801,0,2,201811121818,3,2,multi: 1

boundary size: 1
boundary: POLYGON((-121.407 39.827,-121.413 39.8226,-121.419 39.8226,-121.436 39.8271,-121.448 39.8316,-121.448 39.8361,-121.448 39.8406,-121.442 39.8496,-121.436 39.8541,-121.43 39.8541,-121.413 39.8496,-121.407 39.845,-121.407 39.8405,-121.407 39.836,-121.407 39.8315,-121.407 39.827))
201811121828,5,2,
Pattern Matcher : 47
201811121801,0,2,201811121818,3,2,multi: 1

boundary size: 0201811121829,5,2,
Pattern Matcher : 48
201811121901,0,2,201811121918,3,2,multi: 1

boundary size: 1
boundary: POLYGON((-121.407 39.827,-121.413 39.8226,-121.419 39.8226,-121.436 39.8271,-121.448 39.8316,-121.448 39.8361,-121.448 39.8406,-121.442 39.8496,-121.436 39.8541,-121.43 39.8541,-121.413 39.8496,-121.407 39.845,-121.407 39.8405,-121.407 39.836,-121.407 39.8315,-121.407 39.827))
201811121925,5,2,
Pattern Matcher : 49
201811122003,0,2,201811122022,3,2,multi: 1

boundary size: 1
boundary: POLYGON((-121.407 39.827,-121.413 39.8226,-121.419 39.8226,-121.436 39.8271,-121.448 39.8316,-121.448 39.8361,-121.448 39.8406,-121.442 39.8496,-121.436 39.8541,-121.43 39.8541,-121.413 39.8496,-121.407 39.845,-121.407 39.8405,-121.407 39.836,-121.407 39.8315,-121.407 39.827))
201811122029,5,2,
Pattern Matcher : 50
201811122103,0,2,201811122119,3,2,multi: 1

boundary size: 1
boundary: POLYGON((-121.407 39.827,-121.413 39.8226,-121.419 39.8226,-121.436 39.8271,-121.459 39.8271,-121.465 39.8272,-121.483 39.8317,-121.489 39.8362,-121.535 39.8632,-121.541 39.8632,-121.547 39.8633,-121.553 39.8633,-121.565 39.8678,-121.571 39.8723,-121.6 39.8993,-121.6 39.9038,-121.6 39.9083,-121.6 39.9128,-121.6 39.9173,-121.594 39.9218,-121.588 39.9218,-121.582 39.9218,-121.57 39.9173,-121.559 39.9128,-121.512 39.8902,-121.5 39.8857,-121.483 39.8812,-121.436 39.8541,-121.43 39.8541,-121.413 39.8496,-121.407 39.845,-121.407 39.8405,-121.407 39.836,-121.407 39.8315,-121.407 39.827))
201811122125,5,2,
Pattern Matcher : 51
201811122203,0,2,201811122244,3,2,multi: 1

boundary size: 1
boundary: POLYGON((-121.407 39.827,-121.413 39.8226,-121.419 39.8226,-121.436 39.8271,-121.459 39.8271,-121.465 39.8272,-121.483 39.8317,-121.489 39.8362,-121.535 39.8632,-121.541 39.8632,-121.547 39.8633,-121.553 39.8633,-121.565 39.8678,-121.571 39.8723,-121.571 39.8768,-121.565 39.8903,-121.559 39.8903,-121.553 39.8903,-121.547 39.8902,-121.53 39.8857,-121.483 39.8587,-121.477 39.8587,-121.459 39.8541,-121.436 39.8541,-121.43 39.8541,-121.413 39.8496,-121.407 39.845,-121.407 39.8405,-121.407 39.836,-121.407 39.8315,-121.407 39.827))
201811122249,5,2,
Pattern Matcher : 52
201811122302,0,2,201811122352,3,2,multi: 1

boundary size: 1
boundary: POLYGON((-121.407 39.827,-121.413 39.8226,-121.419 39.8226,-121.436 39.8271,-121.448 39.8316,-121.448 39.8361,-121.448 39.8406,-121.442 39.8496,-121.436 39.8541,-121.43 39.8541,-121.413 39.8496,-121.407 39.845,-121.407 39.8405,-121.407 39.836,-121.407 39.8315,-121.407 39.827))
201811122358,5,2,
Pattern Matcher : 53
201811122304,0,2,201811122352,3,2,201811122358,5,2,
Pattern Matcher : 54
201811122307,0,2,201811122352,3,2,201811122358,5,2,
Pattern Matcher : 55
201811122309,0,2,201811122352,3,2,201811122358,5,2,
Pattern Matcher : 56
201811122310,0,2,201811122352,3,2,201811122358,5,2,
Pattern Matcher : 57
201811122311,0,2,201811122352,3,2,201811122358,5,2,
Pattern Matcher : 58
201811130004,0,2,201811130032,3,2,multi: 1

boundary size: 1
boundary: POLYGON((-121.454 39.6426,-121.46 39.6381,-121.466 39.6382,-121.472 39.6382,-121.477 39.6382,-121.495 39.6427,-121.495 39.6472,-121.495 39.6517,-121.495 39.6562,-121.489 39.6652,-121.483 39.6652,-121.477 39.6652,-121.472 39.6652,-121.46 39.6606,-121.454 39.6561,-121.454 39.6516,-121.454 39.6471,-121.454 39.6426))
201811130041,5,2,
Pattern Matcher : 59
201811130004,0,2,201811130035,3,2,multi: 1

boundary size: 1
boundary: POLYGON((-121.437 39.8531,-121.419 39.8361,-121.407 39.8283,-121.407 39.827,-121.413 39.8226,-121.419 39.8226,-121.436 39.8271,-121.448 39.8316,-121.448 39.8361,-121.448 39.8406,-121.442 39.8496,-121.437 39.8531))
201811130041,5,2,
Pattern Matcher : 60
201811141803,0,2,201811141825,3,2,multi: 1

boundary size: 0201811141849,5,2,
Pattern Matcher : 61
201811141803,0,2,201811141827,3,2,multi: 1

boundary size: 0201811141849,5,2,
Pattern Matcher : 62
201811141803,0,2,201811141830,3,2,multi: 1

boundary size: 0201811141849,5,2,
Pattern Matcher : 63
201811141803,0,2,201811141833,3,2,multi: 1

boundary size: 0201811141849,5,2,
Pattern Matcher : 64
201811141803,0,2,201811141834,3,2,multi: 1

boundary size: 0201811141849,5,2,
Pattern Matcher : 65
201811141803,0,2,201811141835,3,2,multi: 1

boundary size: 0201811141849,5,2,
Pattern Matcher : 66
201811141803,0,2,201811141838,3,2,multi: 1

boundary size: 0201811141849,5,2,
Pattern Matcher : 67
201811141803,0,2,201811141825,3,2,multi: 1

boundary size: 0201811141850,5,2,
Pattern Matcher : 68
201811141803,0,2,201811141827,3,2,multi: 1

boundary size: 0201811141850,5,2,
Pattern Matcher : 69
201811141803,0,2,201811141830,3,2,multi: 1

boundary size: 0201811141850,5,2,
Pattern Matcher : 70
201811141803,0,2,201811141833,3,2,multi: 1

boundary size: 0201811141850,5,2,
Pattern Matcher : 71
201811141803,0,2,201811141834,3,2,multi: 1

boundary size: 0201811141850,5,2,
Pattern Matcher : 72
201811141803,0,2,201811141835,3,2,multi: 1

boundary size: 0201811141850,5,2,
Pattern Matcher : 73
201811141803,0,2,201811141838,3,2,multi: 1

boundary size: 0201811141850,5,2,
Pattern Matcher : 74
201811141803,0,2,201811141825,3,2,multi: 1

boundary size: 0201811141853,5,2,
Pattern Matcher : 75
201811141803,0,2,201811141827,3,2,multi: 1

boundary size: 0201811141853,5,2,
Pattern Matcher : 76
201811141803,0,2,201811141830,3,2,multi: 1

boundary size: 0201811141853,5,2,
Pattern Matcher : 77
201811141803,0,2,201811141833,3,2,multi: 1

boundary size: 0201811141853,5,2,
Pattern Matcher : 78
201811141803,0,2,201811141834,3,2,multi: 1

boundary size: 0201811141853,5,2,
Pattern Matcher : 79
201811141803,0,2,201811141835,3,2,multi: 1

boundary size: 0201811141853,5,2,
Pattern Matcher : 80
201811141803,0,2,201811141838,3,2,multi: 1

boundary size: 0201811141853,5,2,
Pattern Matcher : 81
201811141803,0,2,201811141825,3,2,multi: 1

boundary size: 0201811141854,5,2,
Pattern Matcher : 82
201811141803,0,2,201811141827,3,2,multi: 1

boundary size: 0201811141854,5,2,
Pattern Matcher : 83
201811141803,0,2,201811141830,3,2,multi: 1

boundary size: 0201811141854,5,2,
Pattern Matcher : 84
201811141803,0,2,201811141833,3,2,multi: 1

boundary size: 0201811141854,5,2,
Pattern Matcher : 85
201811141803,0,2,201811141834,3,2,multi: 1

boundary size: 0201811141854,5,2,
Pattern Matcher : 86
201811141803,0,2,201811141835,3,2,multi: 1

boundary size: 0201811141854,5,2,
Pattern Matcher : 87
201811141803,0,2,201811141838,3,2,multi: 1

boundary size: 0201811141854,5,2,
Pattern Matcher : 88
201811141903,0,2,201811141920,3,2,multi: 1

boundary size: 0201811141941,5,2,
Pattern Matcher : 89
201811141903,0,2,201811141921,3,2,multi: 1

boundary size: 0201811141941,5,2,
Pattern Matcher : 90
201811141903,0,2,201811141924,3,2,multi: 1

boundary size: 0201811141941,5,2,
Pattern Matcher : 91
201811141903,0,2,201811141925,3,2,multi: 1

boundary size: 0201811141941,5,2,
Pattern Matcher : 92
201811141903,0,2,201811141926,3,2,multi: 1

boundary size: 0201811141941,5,2,
Pattern Matcher : 93
201811141903,0,2,201811141929,3,2,multi: 1

boundary size: 0201811141941,5,2,
Pattern Matcher : 94
201811141903,0,2,201811141932,3,2,multi: 1

boundary size: 0201811141941,5,2,
Pattern Matcher : 95
201811141903,0,2,201811141933,3,2,multi: 1

boundary size: 0201811141941,5,2,
Pattern Matcher : 96
201811141903,0,2,201811141936,3,2,multi: 1

boundary size: 0201811141941,5,2,
Pattern Matcher : 97
201811141903,0,2,201811141920,3,2,multi: 1

boundary size: 0201811141942,5,2,
Pattern Matcher : 98
201811141903,0,2,201811141921,3,2,multi: 1

boundary size: 0201811141942,5,2,
Pattern Matcher : 99
201811141903,0,2,201811141924,3,2,multi: 1

boundary size: 0201811141942,5,2,
Pattern Matcher : 100
201811141903,0,2,201811141925,3,2,multi: 1

boundary size: 0201811141942,5,2,
Pattern Matcher : 101
201811141903,0,2,201811141926,3,2,multi: 1

boundary size: 0201811141942,5,2,
Pattern Matcher : 102
201811141903,0,2,201811141929,3,2,multi: 1

boundary size: 0201811141942,5,2,
Pattern Matcher : 103
201811141903,0,2,201811141932,3,2,multi: 1

boundary size: 0201811141942,5,2,
Pattern Matcher : 104
201811141903,0,2,201811141933,3,2,multi: 1

boundary size: 0201811141942,5,2,
Pattern Matcher : 105
201811141903,0,2,201811141936,3,2,multi: 1

boundary size: 0201811141942,5,2,
Pattern Matcher : 106
201811141903,0,2,201811141920,3,2,multi: 1

boundary size: 0201811141945,5,2,
Pattern Matcher : 107
201811141903,0,2,201811141921,3,2,multi: 1

boundary size: 0201811141945,5,2,
Pattern Matcher : 108
201811141903,0,2,201811141924,3,2,multi: 1

boundary size: 0201811141945,5,2,
Pattern Matcher : 109
201811141903,0,2,201811141925,3,2,multi: 1

boundary size: 0201811141945,5,2,
Pattern Matcher : 110
201811141903,0,2,201811141926,3,2,multi: 1

boundary size: 0201811141945,5,2,
Pattern Matcher : 111
201811141903,0,2,201811141929,3,2,multi: 1

boundary size: 0201811141945,5,2,
Pattern Matcher : 112
201811141903,0,2,201811141932,3,2,multi: 1

boundary size: 0201811141945,5,2,
Pattern Matcher : 113
201811141903,0,2,201811141933,3,2,multi: 1

boundary size: 0201811141945,5,2,
Pattern Matcher : 114
201811141903,0,2,201811141936,3,2,multi: 1

boundary size: 0201811141945,5,2,
Pattern Matcher : 115
201811142001,0,2,201811142029,3,2,multi: 1

boundary size: 0201811142059,5,2,
Pattern Matcher : 116
201811142001,0,2,201811142031,3,2,multi: 1

boundary size: 0201811142059,5,2,
Pattern Matcher : 117
201811142001,0,2,201811142033,3,2,multi: 1

boundary size: 0201811142059,5,2,
Pattern Matcher : 118
201811142001,0,2,201811142035,3,2,multi: 1

boundary size: 0201811142059,5,2,
Pattern Matcher : 119
201811142001,0,2,201811142038,3,2,multi: 1

boundary size: 0201811142059,5,2,
Pattern Matcher : 120
201811142001,0,2,201811142039,3,2,multi: 1

boundary size: 0201811142059,5,2,
Pattern Matcher : 121
201811142001,0,2,201811142042,3,2,multi: 1

boundary size: 0201811142059,5,2,
Pattern Matcher : 122
201811142001,0,2,201811142044,3,2,multi: 1

boundary size: 0201811142059,5,2,
Pattern Matcher : 123
201811142001,0,2,201811142046,3,2,multi: 1

boundary size: 0201811142059,5,2,
Pattern Matcher : 124
201811142001,0,2,201811142049,3,2,multi: 1

boundary size: 0201811142059,5,2,
Pattern Matcher : 125
201811142001,0,2,201811142051,3,2,multi: 1

boundary size: 0201811142059,5,2,
Pattern Matcher : 126
201811142001,0,2,201811142054,3,2,multi: 1

boundary size: 0201811142059,5,2,
Pattern Matcher : 127
201811142103,0,2,201811142142,3,2,multi: 1

boundary size: 0201811142159,5,2,
Pattern Matcher : 128
201811142103,0,2,201811142144,3,2,multi: 1

boundary size: 0201811142159,5,2,
Pattern Matcher : 129
201811142103,0,2,201811142147,3,2,multi: 1

boundary size: 0201811142159,5,2,
Pattern Matcher : 130
201811142103,0,2,201811142150,3,2,multi: 1

boundary size: 0201811142159,5,2,
Pattern Matcher : 131
201811142103,0,2,201811142153,3,2,multi: 1

boundary size: 0201811142159,5,2,
Pattern Matcher : 132
201811142103,0,2,201811142142,3,2,multi: 1

boundary size: 0201811142159,5,2,
Pattern Matcher : 133
201811142103,0,2,201811142144,3,2,multi: 1

boundary size: 0201811142159,5,2,
Pattern Matcher : 134
201811142103,0,2,201811142147,3,2,multi: 1

boundary size: 0201811142159,5,2,
Pattern Matcher : 135
201811142103,0,2,201811142150,3,2,multi: 1

boundary size: 0201811142159,5,2,
Pattern Matcher : 136
201811142103,0,2,201811142153,3,2,multi: 1

boundary size: 0201811142159,5,2,
Pattern Matcher : 137
201811142103,0,2,201811142142,3,2,multi: 1

boundary size: 0201811142159,5,2,
Pattern Matcher : 138
201811142103,0,2,201811142144,3,2,multi: 1

boundary size: 0201811142159,5,2,
Pattern Matcher : 139
201811142103,0,2,201811142147,3,2,multi: 1

boundary size: 0201811142159,5,2,
Pattern Matcher : 140
201811142103,0,2,201811142150,3,2,multi: 1

boundary size: 0201811142159,5,2,
Pattern Matcher : 141
201811142103,0,2,201811142153,3,2,multi: 1

boundary size: 0201811142159,5,2,
Pattern Matcher : 142
201811142103,0,2,201811142142,3,2,multi: 1

boundary size: 0201811142159,5,2,
Pattern Matcher : 143
201811142103,0,2,201811142144,3,2,multi: 1

boundary size: 0201811142159,5,2,
Pattern Matcher : 144
201811142103,0,2,201811142147,3,2,multi: 1

boundary size: 0201811142159,5,2,
Pattern Matcher : 145
201811142103,0,2,201811142150,3,2,multi: 1

boundary size: 0201811142159,5,2,
Pattern Matcher : 146
201811142103,0,2,201811142153,3,2,multi: 1

boundary size: 0201811142159,5,2,
Pattern Matcher : 147
201811142103,0,2,201811142142,3,2,multi: 1

boundary size: 0201811142159,5,2,
Pattern Matcher : 148
201811142103,0,2,201811142144,3,2,multi: 1

boundary size: 0201811142159,5,2,
Pattern Matcher : 149
201811142103,0,2,201811142147,3,2,multi: 1

boundary size: 0201811142159,5,2,
Pattern Matcher : 150
201811142103,0,2,201811142150,3,2,multi: 1

boundary size: 0201811142159,5,2,
Pattern Matcher : 151
201811142103,0,2,201811142153,3,2,multi: 1

boundary size: 0201811142159,5,2,
Pattern Matcher : 152
201811142201,0,2,201811142221,3,2,multi: 1

boundary size: 0201811142241,5,2,
Pattern Matcher : 153
201811142201,0,2,201811142223,3,2,multi: 1

boundary size: 0201811142241,5,2,
Pattern Matcher : 154
201811142201,0,2,201811142226,3,2,multi: 1

boundary size: 0201811142241,5,2,
Pattern Matcher : 155
201811142201,0,2,201811142227,3,2,multi: 1

boundary size: 0201811142241,5,2,
Pattern Matcher : 156
201811142201,0,2,201811142229,3,2,multi: 1

boundary size: 0201811142241,5,2,
Pattern Matcher : 157
201811142201,0,2,201811142230,3,2,multi: 1

boundary size: 0201811142241,5,2,
Pattern Matcher : 158
201811142201,0,2,201811142233,3,2,multi: 1

boundary size: 0201811142241,5,2,
Pattern Matcher : 159
201811142201,0,2,201811142221,3,2,multi: 1

boundary size: 0201811142243,5,2,
Pattern Matcher : 160
201811142201,0,2,201811142223,3,2,multi: 1

boundary size: 0201811142243,5,2,
Pattern Matcher : 161
201811142201,0,2,201811142226,3,2,multi: 1

boundary size: 0201811142243,5,2,
Pattern Matcher : 162
201811142201,0,2,201811142227,3,2,multi: 1

boundary size: 0201811142243,5,2,
Pattern Matcher : 163
201811142201,0,2,201811142229,3,2,multi: 1

boundary size: 0201811142243,5,2,
Pattern Matcher : 164
201811142201,0,2,201811142230,3,2,multi: 1

boundary size: 0201811142243,5,2,
Pattern Matcher : 165
201811142201,0,2,201811142233,3,2,multi: 1

boundary size: 0201811142243,5,2,
Pattern Matcher : 166
201811142303,0,2,201811142324,3,2,multi: 1

boundary size: 0201811142342,5,2,
Pattern Matcher : 167
201811142303,0,2,201811142326,3,2,multi: 1

boundary size: 0201811142342,5,2,
Pattern Matcher : 168
201811142303,0,2,201811142327,3,2,multi: 1

boundary size: 0201811142342,5,2,
Pattern Matcher : 169
201811142303,0,2,201811142330,3,2,multi: 1

boundary size: 0201811142342,5,2,
Pattern Matcher : 170
201811142303,0,2,201811142324,3,2,multi: 1

boundary size: 0201811142343,5,2,
Pattern Matcher : 171
201811142303,0,2,201811142326,3,2,multi: 1

boundary size: 0201811142343,5,2,
Pattern Matcher : 172
201811142303,0,2,201811142327,3,2,multi: 1

boundary size: 0201811142343,5,2,
Pattern Matcher : 173
201811142303,0,2,201811142330,3,2,multi: 1

boundary size: 0201811142343,5,2,
Pattern Matcher : 174
201811142303,0,2,201811142324,3,2,multi: 1

boundary size: 0201811142344,5,2,
Pattern Matcher : 175
201811142303,0,2,201811142326,3,2,multi: 1

boundary size: 0201811142344,5,2,
Pattern Matcher : 176
201811142303,0,2,201811142327,3,2,multi: 1

boundary size: 0201811142344,5,2,
Pattern Matcher : 177
201811142303,0,2,201811142330,3,2,multi: 1

boundary size: 0201811142344,5,2,
Pattern Matcher : 178
201811142303,0,2,201811142324,3,2,multi: 1

boundary size: 0201811142345,5,2,
Pattern Matcher : 179
201811142303,0,2,201811142326,3,2,multi: 1

boundary size: 0201811142345,5,2,
Pattern Matcher : 180
201811142303,0,2,201811142327,3,2,multi: 1

boundary size: 0201811142345,5,2,
Pattern Matcher : 181
201811142303,0,2,201811142330,3,2,multi: 1

boundary size: 0201811142345,5,2,
Pattern Matcher : 182
201811142303,0,2,201811142324,3,2,multi: 1

boundary size: 0201811142347,5,2,
Pattern Matcher : 183
201811142303,0,2,201811142326,3,2,multi: 1

boundary size: 0201811142347,5,2,
Pattern Matcher : 184
201811142303,0,2,201811142327,3,2,multi: 1

boundary size: 0201811142347,5,2,
Pattern Matcher : 185
201811142303,0,2,201811142330,3,2,multi: 1

boundary size: 0201811142347,5,2,
Pattern Matcher : 186
201811142303,0,2,201811142324,3,2,multi: 1

boundary size: 0201811142349,5,2,
Pattern Matcher : 187
201811142303,0,2,201811142326,3,2,multi: 1

boundary size: 0201811142349,5,2,
Pattern Matcher : 188
201811142303,0,2,201811142327,3,2,multi: 1

boundary size: 0201811142349,5,2,
Pattern Matcher : 189
201811142303,0,2,201811142330,3,2,multi: 1

boundary size: 0201811142349,5,2,
Pattern Matcher : 190
201811142303,0,2,201811142324,3,2,multi: 1

boundary size: 0201811142351,5,2,
Pattern Matcher : 191
201811142303,0,2,201811142326,3,2,multi: 1

boundary size: 0201811142351,5,2,
Pattern Matcher : 192
201811142303,0,2,201811142327,3,2,multi: 1

boundary size: 0201811142351,5,2,
Pattern Matcher : 193
201811142303,0,2,201811142330,3,2,multi: 1

boundary size: 0201811142351,5,2,
Pattern Matcher : 194
201811142303,0,2,201811142324,3,2,multi: 1

boundary size: 0201811142353,5,2,
Pattern Matcher : 195
201811142303,0,2,201811142326,3,2,multi: 1

boundary size: 0201811142353,5,2,
Pattern Matcher : 196
201811142303,0,2,201811142327,3,2,multi: 1

boundary size: 0201811142353,5,2,
Pattern Matcher : 197
201811142303,0,2,201811142330,3,2,multi: 1

boundary size: 0201811142353,5,2,
Pattern Matcher : 198
201811142303,0,2,201811142324,3,2,multi: 1

boundary size: 0201811142356,5,2,
Pattern Matcher : 199
201811142303,0,2,201811142326,3,2,multi: 1

boundary size: 0201811142356,5,2,
Pattern Matcher : 200
201811142303,0,2,201811142327,3,2,multi: 1

boundary size: 0201811142356,5,2,
Pattern Matcher : 201
201811142303,0,2,201811142330,3,2,multi: 1

boundary size: 0201811142356,5,2,
event stream queue is empty now!
perform 2loadshedding
eventCn 2693
#full Match 202
#high latecny (> 150)129
#NumPartialMatch 207
#NumDropedPM 0
#NumDropedInputEvents 0
avg latency: 2691
expression size: 0



********   Event Pattern    ********
TYPE Satellite {
    time,
    channelID,
    level,
    boundary
};

QUERY fail3
EVENT SEQ(Satellite c01,Satellite c07MinusC14,Satellite c16)
WHERE c01.boundary /\ c07MinusC14.boundary && c01.boundary /\ c16.boundary
    && c01.channelID == 0 && c07MinusC14.channelID == 3
    && c16.channelID == 5
    && c01.level == 2 && c07MinusC14.level == 2 && c16.level == 2
WITHIN 1h
RETURN Fire(c01.time,c01.channelID,c01.level,
    c07MinusC14.time,c07MinusC14.channelID,c07MinusC14.level,
    INTERSECT(c01.boundary,c07MinusC14.boundary,c16.boundary),
    c16.time,c16.channelID,c16.level
);