c01
c06
c01
c16
c06
c16
c01
c06
c16
c01
c06
c16
c01
c01
c01
c06
c06
c06
c01
c06
c16
c16
c16
c16
Pattern Matcher : 0
201806300102,0,2,201806300159,2,2,multi: 1

boundary size: 1
boundary: POLYGON((-120.862 37.9915,-120.862 37.9825,-120.873 37.9826,-120.885 37.9828,-120.885 37.9918,-120.884 38.0008,-120.873 38.0007,-120.862 38.0006,-120.862 37.9915))
201806300159,5,2,
Pattern Matcher : 1
201806300104,0,2,201806300159,2,2,201806300159,5,2,
Pattern Matcher : 2
201806300106,0,2,201806300159,2,2,201806300159,5,2,
Pattern Matcher : 3
201806300109,0,2,201806300159,2,2,201806300159,5,2,
Pattern Matcher : 4
201806300111,0,2,201806300159,2,2,201806300159,5,2,
Pattern Matcher : 5
201806300112,0,2,201806300159,2,2,201806300159,5,2,
Pattern Matcher : 6
201806300114,0,2,201806300159,2,2,201806300159,5,2,
Pattern Matcher : 7
201806300115,0,2,201806300159,2,2,201806300159,5,2,
Pattern Matcher : 8
201806300117,0,2,201806300159,2,2,201806300159,5,2,
Pattern Matcher : 9
201806300118,0,2,201806300159,2,2,201806300159,5,2,
Pattern Matcher : 10
201806300119,0,2,201806300159,2,2,201806300159,5,2,
Pattern Matcher : 11
201806300121,0,2,201806300159,2,2,201806300159,5,2,
Pattern Matcher : 12
201806300123,0,2,201806300159,2,2,201806300159,5,2,
Pattern Matcher : 13
201806300125,0,2,201806300159,2,2,201806300159,5,2,
Pattern Matcher : 14
201806300126,0,2,201806300159,2,2,201806300159,5,2,
Pattern Matcher : 15
201806300128,0,2,201806300159,2,2,201806300159,5,2,
Pattern Matcher : 16
201806300129,0,2,201806300159,2,2,201806300159,5,2,
Pattern Matcher : 17
201806300130,0,2,201806300159,2,2,201806300159,5,2,
Pattern Matcher : 18
201806300132,0,2,201806300159,2,2,201806300159,5,2,
Pattern Matcher : 19
201806300133,0,2,201806300159,2,2,201806300159,5,2,
Pattern Matcher : 20
201806300134,0,2,201806300159,2,2,201806300159,5,2,
Pattern Matcher : 21
201806300135,0,2,201806300159,2,2,201806300159,5,2,
Pattern Matcher : 22
201806300137,0,2,201806300159,2,2,201806300159,5,2,
Pattern Matcher : 23
201806300138,0,2,201806300159,2,2,201806300159,5,2,
Pattern Matcher : 24
201806300139,0,2,201806300159,2,2,201806300159,5,2,
Pattern Matcher : 25
201806300141,0,2,201806300159,2,2,201806300159,5,2,
Pattern Matcher : 26
201806300143,0,2,201806300159,2,2,201806300159,5,2,
Pattern Matcher : 27
201806300144,0,2,201806300159,2,2,201806300159,5,2,
Pattern Matcher : 28
201806300146,0,2,201806300159,2,2,201806300159,5,2,
Pattern Matcher : 29
201806300148,0,2,201806300159,2,2,201806300159,5,2,
Pattern Matcher : 30
201806300149,0,2,201806300159,2,2,201806300159,5,2,
Pattern Matcher : 31
201806300152,0,2,201806300159,2,2,201806300159,5,2,
Pattern Matcher : 32
201806300154,0,2,201806300159,2,2,201806300159,5,2,
Pattern Matcher : 33
201806300157,0,2,201806300159,2,2,201806300159,5,2,
Pattern Matcher : 34
201806300158,0,2,201806300159,2,2,201806300159,5,2,
Pattern Matcher : 35
201806300159,0,2,201806300159,2,2,201806300159,5,2,
Pattern Matcher : 36
201806300159,0,2,201806300159,2,2,201806300159,5,2,
Pattern Matcher : 37
201806300159,0,2,201806300159,2,2,201806300159,5,2,
Pattern Matcher : 38
201806300159,0,2,201806300159,2,2,201806300159,5,2,
Pattern Matcher : 39
201806300159,0,2,201806300159,2,2,201806300159,5,2,
Pattern Matcher : 40
201806300159,0,2,201806300159,2,2,201806300159,5,2,
Pattern Matcher : 41
201806300159,0,2,201806300159,2,2,201806300159,5,2,
Pattern Matcher : 42
201806300159,0,2,201806300159,2,2,201806300159,5,2,
Pattern Matcher : 43
201806300159,0,2,201806300159,2,2,201806300159,5,2,
Pattern Matcher : 44
201806300159,0,2,201806300159,2,2,201806300159,5,2,
Pattern Matcher : 45
201806300159,0,2,201806300159,2,2,201806300159,5,2,
Pattern Matcher : 46
201806300159,0,2,201806300159,2,2,201806300159,5,2,
Pattern Matcher : 47
201806300159,0,2,201806300159,2,2,201806300159,5,2,
Pattern Matcher : 48
201806300159,0,2,201806300159,2,2,201806300159,5,2,
Pattern Matcher : 49
201806300159,0,2,201806300159,2,2,201806300159,5,2,
Pattern Matcher : 50
201806300159,0,2,201806300159,2,2,201806300159,5,2,
Pattern Matcher : 51
201806300159,0,2,201806300159,2,2,201806300159,5,2,
Pattern Matcher : 52
201806300159,0,2,201806300159,2,2,201806300159,5,2,
Pattern Matcher : 53
201806300159,0,2,201806300159,2,2,201806300159,5,2,
Pattern Matcher : 54
201806300159,0,2,201806300159,2,2,201806300159,5,2,
Pattern Matcher : 55
201806300159,0,2,201806300159,2,2,201806300159,5,2,
Pattern Matcher : 56
201806301801,0,2,201806301859,2,2,multi: 1

boundary size: 1
boundary: POLYGON((-122.298 39.3883,-122.309 39.3793,-122.321 39.3793,-122.333 39.3883,-122.344 39.4063,-122.356 39.4153,-122.368 39.4153,-122.368 39.4243,-122.368 39.4333,-122.356 39.4514,-122.356 39.4604,-122.344 39.4604,-122.333 39.4604,-122.321 39.4514,-122.31 39.4334,-122.298 39.4244,-122.286 39.4244,-122.286 39.4154,-122.286 39.4064,-122.298 39.3883))
201806301859,5,2,
Pattern Matcher : 57
201806301804,0,2,201806301859,2,2,201806301859,5,2,
Pattern Matcher : 58
201806301805,0,2,201806301859,2,2,201806301859,5,2,
Pattern Matcher : 59
201806301808,0,2,201806301859,2,2,201806301859,5,2,
Pattern Matcher : 60
201806301811,0,2,201806301859,2,2,201806301859,5,2,
Pattern Matcher : 61
201806301814,0,2,201806301859,2,2,201806301859,5,2,
Pattern Matcher : 62
201806301817,0,2,201806301859,2,2,201806301859,5,2,
Pattern Matcher : 63
201806301819,0,2,201806301859,2,2,201806301859,5,2,
Pattern Matcher : 64
201806301821,0,2,201806301859,2,2,201806301859,5,2,
Pattern Matcher : 65
201806301824,0,2,201806301859,2,2,201806301859,5,2,
Pattern Matcher : 66
201806301826,0,2,201806301859,2,2,201806301859,5,2,
Pattern Matcher : 67
201806301828,0,2,201806301859,2,2,201806301859,5,2,
Pattern Matcher : 68
201806301829,0,2,201806301859,2,2,201806301859,5,2,
Pattern Matcher : 69
201806301830,0,2,201806301859,2,2,201806301859,5,2,
Pattern Matcher : 70
201806301832,0,2,201806301859,2,2,201806301859,5,2,
Pattern Matcher : 71
201806301833,0,2,201806301859,2,2,201806301859,5,2,
Pattern Matcher : 72
201806301835,0,2,201806301859,2,2,201806301859,5,2,
Pattern Matcher : 73
201806301837,0,2,201806301859,2,2,201806301859,5,2,
Pattern Matcher : 74
201806301838,0,2,201806301859,2,2,201806301859,5,2,
Pattern Matcher : 75
201806301841,0,2,201806301859,2,2,201806301859,5,2,
Pattern Matcher : 76
201806301801,0,2,201806301859,2,2,multi: 1

boundary size: 1
boundary: POLYGON((-122.368 39.5777,-122.38 39.5777,-122.38 39.5867,-122.403 39.6047,-122.415 39.6137,-122.415 39.6227,-122.403 39.6317,-122.391 39.6227,-122.38 39.6228,-122.38 39.6137,-122.356 39.5957,-122.345 39.5957,-122.345 39.5867,-122.345 39.5777,-122.356 39.5777,-122.368 39.5777))
201806301859,5,2,
Pattern Matcher : 77
201806301804,0,2,201806301859,2,2,201806301859,5,2,
Pattern Matcher : 78
201806301805,0,2,201806301859,2,2,201806301859,5,2,
Pattern Matcher : 79
201806301808,0,2,201806301859,2,2,201806301859,5,2,
Pattern Matcher : 80
201806301811,0,2,201806301859,2,2,201806301859,5,2,
Pattern Matcher : 81
201806301814,0,2,201806301859,2,2,201806301859,5,2,
Pattern Matcher : 82
201806301817,0,2,201806301859,2,2,201806301859,5,2,
Pattern Matcher : 83
201806301819,0,2,201806301859,2,2,201806301859,5,2,
Pattern Matcher : 84
201806301821,0,2,201806301859,2,2,201806301859,5,2,
Pattern Matcher : 85
201806301824,0,2,201806301859,2,2,201806301859,5,2,
Pattern Matcher : 86
201806301826,0,2,201806301859,2,2,201806301859,5,2,
Pattern Matcher : 87
201806301828,0,2,201806301859,2,2,201806301859,5,2,
Pattern Matcher : 88
201806301829,0,2,201806301859,2,2,201806301859,5,2,
Pattern Matcher : 89
201806301830,0,2,201806301859,2,2,201806301859,5,2,
Pattern Matcher : 90
201806301832,0,2,201806301859,2,2,201806301859,5,2,
Pattern Matcher : 91
201806301833,0,2,201806301859,2,2,201806301859,5,2,
Pattern Matcher : 92
201806301835,0,2,201806301859,2,2,201806301859,5,2,
Pattern Matcher : 93
201806301837,0,2,201806301859,2,2,201806301859,5,2,
Pattern Matcher : 94
201806301838,0,2,201806301859,2,2,201806301859,5,2,
Pattern Matcher : 95
201806301841,0,2,201806301859,2,2,201806301859,5,2,
Pattern Matcher : 96
201806302222,0,2,201806302259,2,2,201806302259,5,2,
Pattern Matcher : 97
201806302225,0,2,201806302259,2,2,201806302259,5,2,
Pattern Matcher : 98
201806302226,0,2,201806302259,2,2,201806302259,5,2,
Pattern Matcher : 99
201806302228,0,2,201806302259,2,2,201806302259,5,2,
Pattern Matcher : 100
201806302230,0,2,201806302259,2,2,201806302259,5,2,
Pattern Matcher : 101
201806302232,0,2,201806302259,2,2,201806302259,5,2,
Pattern Matcher : 102
201806302233,0,2,201806302259,2,2,201806302259,5,2,
Pattern Matcher : 103
201806302234,0,2,201806302259,2,2,201806302259,5,2,
Pattern Matcher : 104
201806302235,0,2,201806302259,2,2,201806302259,5,2,
Pattern Matcher : 105
201806302237,0,2,201806302259,2,2,201806302259,5,2,
Pattern Matcher : 106
201806302239,0,2,201806302259,2,2,201806302259,5,2,
Pattern Matcher : 107
201806302241,0,2,201806302259,2,2,201806302259,5,2,
Pattern Matcher : 108
201806302243,0,2,201806302259,2,2,201806302259,5,2,
Pattern Matcher : 109
201806302245,0,2,201806302259,2,2,201806302259,5,2,
Pattern Matcher : 110
201806302246,0,2,201806302259,2,2,201806302259,5,2,
Pattern Matcher : 111
201806302247,0,2,201806302259,2,2,201806302259,5,2,
Pattern Matcher : 112
201806302249,0,2,201806302259,2,2,201806302259,5,2,
Pattern Matcher : 113
201806302252,0,2,201806302259,2,2,201806302259,5,2,
Pattern Matcher : 114
201806302253,0,2,201806302259,2,2,201806302259,5,2,
Pattern Matcher : 115
201806302254,0,2,201806302259,2,2,201806302259,5,2,
Pattern Matcher : 116
201806302255,0,2,201806302259,2,2,201806302259,5,2,
Pattern Matcher : 117
201806302257,0,2,201806302259,2,2,201806302259,5,2,
Pattern Matcher : 118
201806302259,0,2,201806302259,2,2,201806302259,5,2,
Pattern Matcher : 119
201806302259,0,2,201806302259,2,2,201806302259,5,2,
Pattern Matcher : 120
201806302259,0,2,201806302259,2,2,201806302259,5,2,
Pattern Matcher : 121
201806302259,0,2,201806302259,2,2,201806302259,5,2,
Pattern Matcher : 122
201806302259,0,2,201806302259,2,2,201806302259,5,2,
Pattern Matcher : 123
201806302259,0,2,201806302259,2,2,201806302259,5,2,
Pattern Matcher : 124
201806302259,0,2,201806302259,2,2,201806302259,5,2,
Pattern Matcher : 125
201806302259,0,2,201806302259,2,2,201806302259,5,2,
Pattern Matcher : 126
201806302259,0,2,201806302259,2,2,201806302259,5,2,
Pattern Matcher : 127
201806302259,0,2,201806302259,2,2,201806302259,5,2,
Pattern Matcher : 128
201806302259,0,2,201806302259,2,2,201806302259,5,2,
Pattern Matcher : 129
201806302259,0,2,201806302259,2,2,201806302259,5,2,
Pattern Matcher : 130
201806302259,0,2,201806302259,2,2,201806302259,5,2,
Pattern Matcher : 131
201806302259,0,2,201806302259,2,2,multi: 1

boundary size: 1
boundary: POLYGON((-122.216 38.7839,-122.205 38.7839,-122.193 38.7839,-122.205 38.7749,-122.216 38.7839))
201806302259,5,2,
Pattern Matcher : 132
201806302259,0,2,201806302259,2,2,201806302259,5,2,
Pattern Matcher : 133
201806302259,0,2,201806302259,2,2,201806302259,5,2,
Pattern Matcher : 134
201806302259,0,2,201806302259,2,2,201806302259,5,2,
Pattern Matcher : 135
201806302259,0,2,201806302259,2,2,201806302259,5,2,
Pattern Matcher : 136
201806302259,0,2,201806302259,2,2,201806302259,5,2,
Pattern Matcher : 137
201806302259,0,2,201806302259,2,2,201806302259,5,2,
Pattern Matcher : 138
201806302259,0,2,201806302259,2,2,201806302259,5,2,
Pattern Matcher : 139
201806302259,0,2,201806302259,2,2,201806302259,5,2,
Pattern Matcher : 140
201806302259,0,2,201806302259,2,2,201806302259,5,2,
Pattern Matcher : 141
201806302259,0,2,201806302259,2,2,201806302259,5,2,
Pattern Matcher : 142
201806302259,0,2,201806302259,2,2,201806302259,5,2,
Pattern Matcher : 143
201806302259,0,2,201806302259,2,2,201806302259,5,2,
Pattern Matcher : 144
201806302259,0,2,201806302259,2,2,201806302259,5,2,
Pattern Matcher : 145
201806302259,0,2,201806302259,2,2,201806302259,5,2,
Pattern Matcher : 146
201806302319,0,2,201806302359,2,2,201806302359,5,2,
Pattern Matcher : 147
201806302321,0,2,201806302359,2,2,201806302359,5,2,
Pattern Matcher : 148
201806302324,0,2,201806302359,2,2,201806302359,5,2,
Pattern Matcher : 149
201806302326,0,2,201806302359,2,2,201806302359,5,2,
Pattern Matcher : 150
201806302329,0,2,201806302359,2,2,201806302359,5,2,
Pattern Matcher : 151
201806302332,0,2,201806302359,2,2,201806302359,5,2,
Pattern Matcher : 152
201806302334,0,2,201806302359,2,2,201806302359,5,2,
Pattern Matcher : 153
201806302337,0,2,201806302359,2,2,201806302359,5,2,
Pattern Matcher : 154
201806302338,0,2,201806302359,2,2,201806302359,5,2,
Pattern Matcher : 155
201806302341,0,2,201806302359,2,2,201806302359,5,2,
Pattern Matcher : 156
201806302342,0,2,201806302359,2,2,201806302359,5,2,
Pattern Matcher : 157
201806302345,0,2,201806302359,2,2,201806302359,5,2,
Pattern Matcher : 158
201806302346,0,2,201806302359,2,2,201806302359,5,2,
Pattern Matcher : 159
201806302347,0,2,201806302359,2,2,201806302359,5,2,
Pattern Matcher : 160
201806302349,0,2,201806302359,2,2,201806302359,5,2,
Pattern Matcher : 161
201806302352,0,2,201806302359,2,2,201806302359,5,2,
Pattern Matcher : 162
201806302353,0,2,201806302359,2,2,201806302359,5,2,
Pattern Matcher : 163
201806302354,0,2,201806302359,2,2,201806302359,5,2,
Pattern Matcher : 164
201806302356,0,2,201806302359,2,2,201806302359,5,2,
Pattern Matcher : 165
201806302359,0,2,201806302359,2,2,multi: 1

boundary size: 1
boundary: POLYGON((-122.234 38.7839,-122.228 38.7839,-122.216 38.7839,-122.228 38.7569,-122.239 38.7569,-122.251 38.7569,-122.251 38.7659,-122.239 38.7749,-122.234 38.7839))
201806302359,5,2,
Pattern Matcher : 166
201806302359,0,2,201806302359,2,2,201806302359,5,2,
Pattern Matcher : 167
201806302359,0,2,201806302359,2,2,201806302359,5,2,
Pattern Matcher : 168
201806302359,0,2,201806302359,2,2,201806302359,5,2,
Pattern Matcher : 169
201806302359,0,2,201806302359,2,2,201806302359,5,2,
Pattern Matcher : 170
201806302359,0,2,201806302359,2,2,201806302359,5,2,
Pattern Matcher : 171
201806302359,0,2,201806302359,2,2,201806302359,5,2,
Pattern Matcher : 172
201806302359,0,2,201806302359,2,2,201806302359,5,2,
Pattern Matcher : 173
201806302359,0,2,201806302359,2,2,201806302359,5,2,
Pattern Matcher : 174
201806302359,0,2,201806302359,2,2,201806302359,5,2,
Pattern Matcher : 175
201806302319,0,2,201806302359,2,2,201806302359,5,2,
Pattern Matcher : 176
201806302321,0,2,201806302359,2,2,201806302359,5,2,
Pattern Matcher : 177
201806302324,0,2,201806302359,2,2,201806302359,5,2,
Pattern Matcher : 178
201806302326,0,2,201806302359,2,2,201806302359,5,2,
Pattern Matcher : 179
201806302329,0,2,201806302359,2,2,201806302359,5,2,
Pattern Matcher : 180
201806302332,0,2,201806302359,2,2,201806302359,5,2,
Pattern Matcher : 181
201806302334,0,2,201806302359,2,2,201806302359,5,2,
Pattern Matcher : 182
201806302337,0,2,201806302359,2,2,201806302359,5,2,
Pattern Matcher : 183
201806302338,0,2,201806302359,2,2,201806302359,5,2,
Pattern Matcher : 184
201806302341,0,2,201806302359,2,2,201806302359,5,2,
Pattern Matcher : 185
201806302342,0,2,201806302359,2,2,201806302359,5,2,
Pattern Matcher : 186
201806302345,0,2,201806302359,2,2,201806302359,5,2,
Pattern Matcher : 187
201806302346,0,2,201806302359,2,2,201806302359,5,2,
Pattern Matcher : 188
201806302347,0,2,201806302359,2,2,201806302359,5,2,
Pattern Matcher : 189
201806302349,0,2,201806302359,2,2,201806302359,5,2,
Pattern Matcher : 190
201806302352,0,2,201806302359,2,2,201806302359,5,2,
Pattern Matcher : 191
201806302353,0,2,201806302359,2,2,201806302359,5,2,
Pattern Matcher : 192
201806302354,0,2,201806302359,2,2,201806302359,5,2,
Pattern Matcher : 193
201806302356,0,2,201806302359,2,2,201806302359,5,2,
Pattern Matcher : 194
201806302359,0,2,201806302359,2,2,201806302359,5,2,
Pattern Matcher : 195
201806302359,0,2,201806302359,2,2,201806302359,5,2,
Pattern Matcher : 196
201806302359,0,2,201806302359,2,2,201806302359,5,2,
Pattern Matcher : 197
201806302359,0,2,201806302359,2,2,201806302359,5,2,
Pattern Matcher : 198
201806302359,0,2,201806302359,2,2,201806302359,5,2,
Pattern Matcher : 199
201806302359,0,2,201806302359,2,2,201806302359,5,2,
Pattern Matcher : 200
201806302359,0,2,201806302359,2,2,201806302359,5,2,
Pattern Matcher : 201
201806302359,0,2,201806302359,2,2,201806302359,5,2,
Pattern Matcher : 202
201806302359,0,2,201806302359,2,2,201806302359,5,2,
Pattern Matcher : 203
201806302359,0,2,201806302359,2,2,201806302359,5,2,
Pattern Matcher : 204
201807010014,0,2,201807010059,2,2,multi: 1

boundary size: 1
boundary: POLYGON((-122.28 38.7929,-122.262 38.7929,-122.251 38.7839,-122.239 38.7839,-122.228 38.7839,-122.216 38.7839,-122.205 38.7749,-122.193 38.7659,-122.205 38.7659,-122.216 38.7298,-122.216 38.7388,-122.239 38.7569,-122.251 38.7569,-122.262 38.7569,-122.274 38.7568,-122.285 38.7568,-122.297 38.7659,-122.285 38.7839,-122.28 38.7929))
201807010059,5,2,
Pattern Matcher : 205
201807010017,0,2,201807010059,2,2,201807010059,5,2,
Pattern Matcher : 206
201807010019,0,2,201807010059,2,2,201807010059,5,2,
Pattern Matcher : 207
201807010022,0,2,201807010059,2,2,201807010059,5,2,
Pattern Matcher : 208
201807010025,0,2,201807010059,2,2,201807010059,5,2,
Pattern Matcher : 209
201807010026,0,2,201807010059,2,2,201807010059,5,2,
Pattern Matcher : 210
201807010028,0,2,201807010059,2,2,201807010059,5,2,
Pattern Matcher : 211
201807010030,0,2,201807010059,2,2,201807010059,5,2,
Pattern Matcher : 212
201807010033,0,2,201807010059,2,2,201807010059,5,2,
Pattern Matcher : 213
201807010034,0,2,201807010059,2,2,201807010059,5,2,
Pattern Matcher : 214
201807010035,0,2,201807010059,2,2,201807010059,5,2,
Pattern Matcher : 215
201807010037,0,2,201807010059,2,2,201807010059,5,2,
Pattern Matcher : 216
201807010039,0,2,201807010059,2,2,201807010059,5,2,
Pattern Matcher : 217
201807010041,0,2,201807010059,2,2,201807010059,5,2,
Pattern Matcher : 218
201807010042,0,2,201807010059,2,2,201807010059,5,2,
Pattern Matcher : 219
201807010045,0,2,201807010059,2,2,201807010059,5,2,
Pattern Matcher : 220
201807010048,0,2,201807010059,2,2,201807010059,5,2,
Pattern Matcher : 221
201807010050,0,2,201807010059,2,2,201807010059,5,2,
Pattern Matcher : 222
201807010051,0,2,201807010059,2,2,201807010059,5,2,
Pattern Matcher : 223
201807010053,0,2,201807010059,2,2,201807010059,5,2,
Pattern Matcher : 224
201807010055,0,2,201807010059,2,2,201807010059,5,2,
Pattern Matcher : 225
201807010057,0,2,201807010059,2,2,201807010059,5,2,
Pattern Matcher : 226
201807010059,0,2,201807010059,2,2,201807010059,5,2,
Pattern Matcher : 227
201807010059,0,2,201807010059,2,2,201807010059,5,2,
Pattern Matcher : 228
201807010059,0,2,201807010059,2,2,201807010059,5,2,
Pattern Matcher : 229
201807010059,0,2,201807010059,2,2,201807010059,5,2,
Pattern Matcher : 230
201807010059,0,2,201807010059,2,2,201807010059,5,2,
Pattern Matcher : 231
201807010059,0,2,201807010059,2,2,201807010059,5,2,
Pattern Matcher : 232
201807010059,0,2,201807010059,2,2,201807010059,5,2,
Pattern Matcher : 233
201807010059,0,2,201807010059,2,2,201807010059,5,2,
Pattern Matcher : 234
201807010059,0,2,201807010059,2,2,201807010059,5,2,
Pattern Matcher : 235
201807010059,0,2,201807010059,2,2,201807010059,5,2,
Pattern Matcher : 236
201807010059,0,2,201807010059,2,2,201807010059,5,2,
Pattern Matcher : 237
201807010059,0,2,201807010059,2,2,201807010059,5,2,
Pattern Matcher : 238
201807010059,0,2,201807010059,2,2,201807010059,5,2,
Pattern Matcher : 239
201807010059,0,2,201807010059,2,2,201807010059,5,2,
Pattern Matcher : 240
201807010059,0,2,201807010059,2,2,201807010059,5,2,
Pattern Matcher : 241
201807010059,0,2,201807010059,2,2,201807010059,5,2,
Pattern Matcher : 242
201807010059,0,2,201807010059,2,2,201807010059,5,2,
Pattern Matcher : 243
201807010059,0,2,201807010059,2,2,201807010059,5,2,
Pattern Matcher : 244
201807010059,0,2,201807010059,2,2,201807010059,5,2,
Pattern Matcher : 245
201807010059,0,2,201807010059,2,2,201807010059,5,2,
Pattern Matcher : 246
201807010059,0,2,201807010059,2,2,201807010059,5,2,
Pattern Matcher : 247
201807010059,0,2,201807010059,2,2,201807010059,5,2,
Pattern Matcher : 248
201807010059,0,2,201807010059,2,2,201807010059,5,2,
Pattern Matcher : 249
201807010059,0,2,201807010059,2,2,201807010059,5,2,
Pattern Matcher : 250
201807010059,0,2,201807010059,2,2,201807010059,5,2,
Pattern Matcher : 251
201807010059,0,2,201807010059,2,2,201807010059,5,2,
Pattern Matcher : 252
201807010102,0,2,201807010159,2,2,multi: 1

boundary size: 1
boundary: POLYGON((-122.228 38.802,-122.216 38.7839,-122.216 38.7749,-122.216 38.7659,-122.228 38.7659,-122.239 38.7298,-122.251 38.7298,-122.262 38.7388,-122.262 38.7478,-122.251 38.7659,-122.239 38.7749,-122.228 38.793,-122.228 38.802))
201807010159,5,2,
Pattern Matcher : 253
201807010103,0,2,201807010159,2,2,201807010159,5,2,
Pattern Matcher : 254
201807010106,0,2,201807010159,2,2,201807010159,5,2,
Pattern Matcher : 255
201807010109,0,2,201807010159,2,2,201807010159,5,2,
Pattern Matcher : 256
201807010110,0,2,201807010159,2,2,201807010159,5,2,
Pattern Matcher : 257
201807010111,0,2,201807010159,2,2,201807010159,5,2,
Pattern Matcher : 258
201807010113,0,2,201807010159,2,2,201807010159,5,2,
Pattern Matcher : 259
201807010116,0,2,201807010159,2,2,201807010159,5,2,
Pattern Matcher : 260
201807010118,0,2,201807010159,2,2,201807010159,5,2,
Pattern Matcher : 261
201807010121,0,2,201807010159,2,2,201807010159,5,2,
Pattern Matcher : 262
201807010122,0,2,201807010159,2,2,201807010159,5,2,
Pattern Matcher : 263
201807010123,0,2,201807010159,2,2,201807010159,5,2,
Pattern Matcher : 264
201807010126,0,2,201807010159,2,2,201807010159,5,2,
Pattern Matcher : 265
201807010127,0,2,201807010159,2,2,201807010159,5,2,
Pattern Matcher : 266
201807010129,0,2,201807010159,2,2,201807010159,5,2,
Pattern Matcher : 267
201807010132,0,2,201807010159,2,2,201807010159,5,2,
Pattern Matcher : 268
201807010133,0,2,201807010159,2,2,201807010159,5,2,
Pattern Matcher : 269
201807010134,0,2,201807010159,2,2,201807010159,5,2,
Pattern Matcher : 270
201807010135,0,2,201807010159,2,2,201807010159,5,2,
Pattern Matcher : 271
201807010137,0,2,201807010159,2,2,201807010159,5,2,
Pattern Matcher : 272
201807010139,0,2,201807010159,2,2,201807010159,5,2,
Pattern Matcher : 273
201807010142,0,2,201807010159,2,2,201807010159,5,2,
Pattern Matcher : 274
201807010143,0,2,201807010159,2,2,201807010159,5,2,
Pattern Matcher : 275
201807010146,0,2,201807010159,2,2,201807010159,5,2,
Pattern Matcher : 276
201807010149,0,2,201807010159,2,2,201807010159,5,2,
Pattern Matcher : 277
201807010151,0,2,201807010159,2,2,201807010159,5,2,
Pattern Matcher : 278
201807010154,0,2,201807010159,2,2,201807010159,5,2,
Pattern Matcher : 279
201807010155,0,2,201807010159,2,2,201807010159,5,2,
Pattern Matcher : 280
201807010157,0,2,201807010159,2,2,201807010159,5,2,
Pattern Matcher : 281
201807010158,0,2,201807010159,2,2,201807010159,5,2,
Pattern Matcher : 282
201807010159,0,2,201807010159,2,2,201807010159,5,2,
Pattern Matcher : 283
201807010159,0,2,201807010159,2,2,201807010159,5,2,
Pattern Matcher : 284
201807010159,0,2,201807010159,2,2,201807010159,5,2,
Pattern Matcher : 285
201807010159,0,2,201807010159,2,2,201807010159,5,2,
Pattern Matcher : 286
201807010159,0,2,201807010159,2,2,201807010159,5,2,
Pattern Matcher : 287
201807010159,0,2,201807010159,2,2,201807010159,5,2,
Pattern Matcher : 288
201807010159,0,2,201807010159,2,2,201807010159,5,2,
Pattern Matcher : 289
201807010159,0,2,201807010159,2,2,201807010159,5,2,
Pattern Matcher : 290
201807010159,0,2,201807010159,2,2,201807010159,5,2,
Pattern Matcher : 291
201807010159,0,2,201807010159,2,2,201807010159,5,2,
Pattern Matcher : 292
201807010159,0,2,201807010159,2,2,201807010159,5,2,
Pattern Matcher : 293
201807010159,0,2,201807010159,2,2,201807010159,5,2,
Pattern Matcher : 294
201807010159,0,2,201807010159,2,2,201807010159,5,2,
Pattern Matcher : 295
201807010159,0,2,201807010159,2,2,201807010159,5,2,
Pattern Matcher : 296
201807010159,0,2,201807010159,2,2,201807010159,5,2,
Pattern Matcher : 297
201807010203,0,2,201807010259,2,2,multi: 1

boundary size: 1
boundary: POLYGON((-122.574 39.0449,-122.563 39.045,-122.551 39.045,-122.551 39.036,-122.551 39.027,-122.551 39.0179,-122.551 39.0179,-122.563 39.0269,-122.574 39.0269,-122.574 39.0359,-122.574 39.0449))
201807010259,5,2,
Pattern Matcher : 298
201807010204,0,2,201807010259,2,2,201807010259,5,2,
Pattern Matcher : 299
201807010205,0,2,201807010259,2,2,201807010259,5,2,
Pattern Matcher : 300
201807010207,0,2,201807010259,2,2,201807010259,5,2,
Pattern Matcher : 301
201807010208,0,2,201807010259,2,2,201807010259,5,2,
Pattern Matcher : 302
201807010209,0,2,201807010259,2,2,201807010259,5,2,
Pattern Matcher : 303
201807010211,0,2,201807010259,2,2,201807010259,5,2,
Pattern Matcher : 304
201807010214,0,2,201807010259,2,2,201807010259,5,2,
Pattern Matcher : 305
201807010217,0,2,201807010259,2,2,201807010259,5,2,
Pattern Matcher : 306
201807010218,0,2,201807010259,2,2,201807010259,5,2,
Pattern Matcher : 307
201807010221,0,2,201807010259,2,2,201807010259,5,2,
Pattern Matcher : 308
201807010224,0,2,201807010259,2,2,201807010259,5,2,
Pattern Matcher : 309
201807010226,0,2,201807010259,2,2,201807010259,5,2,
Pattern Matcher : 310
201807010227,0,2,201807010259,2,2,201807010259,5,2,
Pattern Matcher : 311
201807010229,0,2,201807010259,2,2,201807010259,5,2,
Pattern Matcher : 312
201807010230,0,2,201807010259,2,2,201807010259,5,2,
Pattern Matcher : 313
201807010233,0,2,201807010259,2,2,201807010259,5,2,
Pattern Matcher : 314
201807010235,0,2,201807010259,2,2,201807010259,5,2,
Pattern Matcher : 315
201807010237,0,2,201807010259,2,2,201807010259,5,2,
Pattern Matcher : 316
201807010238,0,2,201807010259,2,2,201807010259,5,2,
Pattern Matcher : 317
201807010241,0,2,201807010259,2,2,201807010259,5,2,
Pattern Matcher : 318
201807010243,0,2,201807010259,2,2,201807010259,5,2,
Pattern Matcher : 319
201807010246,0,2,201807010259,2,2,201807010259,5,2,
Pattern Matcher : 320
201807010247,0,2,201807010259,2,2,201807010259,5,2,
Pattern Matcher : 321
201807010249,0,2,201807010259,2,2,201807010259,5,2,
Pattern Matcher : 322
201807010251,0,2,201807010259,2,2,201807010259,5,2,
Pattern Matcher : 323
201807010254,0,2,201807010259,2,2,201807010259,5,2,
Pattern Matcher : 324
201807010257,0,2,201807010259,2,2,201807010259,5,2,
Pattern Matcher : 325
201807010257,0,2,201807010259,2,2,201807010259,5,2,
Pattern Matcher : 326
201807010258,0,2,201807010259,2,2,201807010259,5,2,
Pattern Matcher : 327
201807010259,0,2,201807010259,2,2,201807010259,5,2,
Pattern Matcher : 328
201807010259,0,2,201807010259,2,2,201807010259,5,2,
Pattern Matcher : 329
201807010259,0,2,201807010259,2,2,201807010259,5,2,
Pattern Matcher : 330
201807010259,0,2,201807010259,2,2,201807010259,5,2,
Pattern Matcher : 331
201807010259,0,2,201807010259,2,2,201807010259,5,2,
Pattern Matcher : 332
201807010259,0,2,201807010259,2,2,201807010259,5,2,
Pattern Matcher : 333
201807010259,0,2,201807010259,2,2,201807010259,5,2,
Pattern Matcher : 334
201807010259,0,2,201807010259,2,2,201807010259,5,2,
Pattern Matcher : 335
201807010259,0,2,201807010259,2,2,201807010259,5,2,
Pattern Matcher : 336
201807010259,0,2,201807010259,2,2,201807010259,5,2,
Pattern Matcher : 337
201807010259,0,2,201807010259,2,2,201807010259,5,2,
Pattern Matcher : 338
201807010259,0,2,201807010259,2,2,201807010259,5,2,
Pattern Matcher : 339
201807010259,0,2,201807010259,2,2,201807010259,5,2,
Pattern Matcher : 340
201807010259,0,2,201807010259,2,2,201807010259,5,2,
Pattern Matcher : 341
201807010259,0,2,201807010259,2,2,201807010259,5,2,
Pattern Matcher : 342
201807010259,0,2,201807010259,2,2,201807010259,5,2,
Pattern Matcher : 343
201807010259,0,2,201807010259,2,2,201807010259,5,2,
Pattern Matcher : 344
201807010320,0,2,201807010359,2,2,201807010359,5,2,
Pattern Matcher : 345
201807010323,0,2,201807010359,2,2,201807010359,5,2,
Pattern Matcher : 346
201807010324,0,2,201807010359,2,2,201807010359,5,2,
Pattern Matcher : 347
201807010326,0,2,201807010359,2,2,201807010359,5,2,
Pattern Matcher : 348
201807010320,0,2,201807010359,2,2,201807010359,5,2,
Pattern Matcher : 349
201807010323,0,2,201807010359,2,2,201807010359,5,2,
Pattern Matcher : 350
201807010324,0,2,201807010359,2,2,201807010359,5,2,
Pattern Matcher : 351
201807010326,0,2,201807010359,2,2,201807010359,5,2,
Pattern Matcher : 352
201807011418,0,2,201807011459,2,2,201807011459,5,2,
Pattern Matcher : 353
201807011419,0,2,201807011459,2,2,201807011459,5,2,
Pattern Matcher : 354
201807011420,0,2,201807011459,2,2,multi: 2

boundary size: 1
boundary: POLYGON((-122.185 38.5882,-122.193 38.5945,-122.193 38.6035,-122.193 38.6125,-122.193 38.617,-122.182 38.6125,-122.17 38.6035,-122.159 38.5945,-122.159 38.5855,-122.182 38.5855,-122.185 38.5882))
201807011459,5,2,
Pattern Matcher : 355
201807011503,0,2,201807011559,2,2,multi: 1

boundary size: 1
boundary: POLYGON((-122.182 38.5855,-122.185 38.5882,-122.193 38.5945,-122.193 38.6035,-122.193 38.6125,-122.193 38.6396,-122.216 38.6486,-122.216 38.6576,-122.239 38.6757,-122.239 38.6847,-122.239 38.6937,-122.228 38.6937,-122.216 38.6937,-122.205 38.6847,-122.193 38.6667,-122.182 38.6576,-122.182 38.6486,-122.182 38.6396,-122.182 38.6125,-122.159 38.6035,-122.147 38.6035,-122.136 38.6035,-122.124 38.6035,-122.113 38.6035,-122.113 38.5945,-122.113 38.5854,-122.124 38.5855,-122.182 38.5855))
201807011559,5,2,
Pattern Matcher : 356
201807011505,0,2,201807011559,2,2,201807011559,5,2,
Pattern Matcher : 357
201807011508,0,2,201807011559,2,2,201807011559,5,2,
Pattern Matcher : 358
201807011509,0,2,201807011559,2,2,201807011559,5,2,
Pattern Matcher : 359
201807011512,0,2,201807011559,2,2,201807011559,5,2,
Pattern Matcher : 360
201807011514,0,2,201807011559,2,2,201807011559,5,2,
Pattern Matcher : 361
201807011515,0,2,201807011559,2,2,201807011559,5,2,
Pattern Matcher : 362
201807011516,0,2,201807011559,2,2,201807011559,5,2,
Pattern Matcher : 363
201807011519,0,2,201807011559,2,2,201807011559,5,2,
Pattern Matcher : 364
201807011520,0,2,201807011559,2,2,201807011559,5,2,
Pattern Matcher : 365
201807011522,0,2,201807011559,2,2,201807011559,5,2,
Pattern Matcher : 366
201807011524,0,2,201807011559,2,2,201807011559,5,2,
Pattern Matcher : 367
201807011526,0,2,201807011559,2,2,201807011559,5,2,
Pattern Matcher : 368
201807011601,0,2,201807011659,2,2,multi: 1

boundary size: 1
boundary: POLYGON((-122.182 38.6486,-122.182 38.6396,-122.193 38.6396,-122.216 38.6486,-122.216 38.6576,-122.205 38.6667,-122.193 38.6667,-122.182 38.6576,-122.182 38.6486))
201807011659,5,2,
Pattern Matcher : 369
201807011603,0,2,201807011659,2,2,201807011659,5,2,
Pattern Matcher : 370
201807011605,0,2,201807011659,2,2,201807011659,5,2,
Pattern Matcher : 371
201807011606,0,2,201807011659,2,2,201807011659,5,2,
Pattern Matcher : 372
201807011608,0,2,201807011659,2,2,201807011659,5,2,
Pattern Matcher : 373
201807011609,0,2,201807011659,2,2,201807011659,5,2,
Pattern Matcher : 374
201807011611,0,2,201807011659,2,2,201807011659,5,2,
Pattern Matcher : 375
201807011613,0,2,201807011659,2,2,201807011659,5,2,
Pattern Matcher : 376
201807011616,0,2,201807011659,2,2,201807011659,5,2,
Pattern Matcher : 377
201807011703,0,2,201807011759,2,2,multi: 1

boundary size: 1
boundary: POLYGON((-122.147 38.6937,-122.159 38.6937,-122.17 38.6937,-122.182 38.7028,-122.182 38.7118,-122.17 38.7208,-122.147 38.7118,-122.147 38.7027,-122.147 38.6937))
201807011759,5,2,
Pattern Matcher : 378
201807011705,0,2,201807011759,2,2,201807011759,5,2,
Pattern Matcher : 379
201807011708,0,2,201807011759,2,2,201807011759,5,2,
Pattern Matcher : 380
201807011710,0,2,201807011759,2,2,201807011759,5,2,
Pattern Matcher : 381
201807011801,0,2,201807011859,2,2,multi: 1

boundary size: 1
boundary: POLYGON((-122.321 39.3793,-122.333 39.3883,-122.344 39.4063,-122.356 39.4153,-122.368 39.4153,-122.368 39.4243,-122.368 39.4333,-122.356 39.4514,-122.356 39.4604,-122.344 39.4604,-122.333 39.4604,-122.321 39.4514,-122.321 39.4424,-122.321 39.4063,-122.309 39.3973,-122.298 39.3973,-122.298 39.3883,-122.309 39.3793,-122.321 39.3793))
201807011859,5,2,
Pattern Matcher : 382
201807011802,0,2,201807011859,2,2,201807011859,5,2,
Pattern Matcher : 383
201807011804,0,2,201807011859,2,2,201807011859,5,2,
Pattern Matcher : 384
201807011807,0,2,201807011859,2,2,201807011859,5,2,
Pattern Matcher : 385
201807011810,0,2,201807011859,2,2,201807011859,5,2,
Pattern Matcher : 386
201807011812,0,2,201807011859,2,2,201807011859,5,2,
Pattern Matcher : 387
201807011814,0,2,201807011859,2,2,201807011859,5,2,
Pattern Matcher : 388
201807011815,0,2,201807011859,2,2,201807011859,5,2,
Pattern Matcher : 389
201807011816,0,2,201807011859,2,2,201807011859,5,2,
Pattern Matcher : 390
201807011819,0,2,201807011859,2,2,201807011859,5,2,
Pattern Matcher : 391
201807011821,0,2,201807011859,2,2,201807011859,5,2,
Pattern Matcher : 392
201807011822,0,2,201807011859,2,2,201807011859,5,2,
Pattern Matcher : 393
201807011823,0,2,201807011859,2,2,201807011859,5,2,
Pattern Matcher : 394
201807011826,0,2,201807011859,2,2,201807011859,5,2,
Pattern Matcher : 395
201807011829,0,2,201807011859,2,2,201807011859,5,2,
Pattern Matcher : 396
201807011832,0,2,201807011859,2,2,201807011859,5,2,
Pattern Matcher : 397
201807011833,0,2,201807011859,2,2,201807011859,5,2,
Pattern Matcher : 398
201807011836,0,2,201807011859,2,2,201807011859,5,2,
Pattern Matcher : 399
201807011837,0,2,201807011859,2,2,201807011859,5,2,
Pattern Matcher : 400
201807011838,0,2,201807011859,2,2,201807011859,5,2,
Pattern Matcher : 401
201807011801,0,2,201807011859,2,2,multi: 1

boundary size: 1
boundary: POLYGON((-122.368 39.5777,-122.38 39.5777,-122.38 39.5867,-122.403 39.6047,-122.415 39.6137,-122.415 39.6227,-122.403 39.6317,-122.391 39.6227,-122.38 39.6228,-122.38 39.6137,-122.356 39.5957,-122.345 39.5957,-122.345 39.5867,-122.345 39.5777,-122.356 39.5777,-122.368 39.5777))
201807011859,5,2,
Pattern Matcher : 402
201807011802,0,2,201807011859,2,2,201807011859,5,2,
Pattern Matcher : 403
201807011804,0,2,201807011859,2,2,201807011859,5,2,
Pattern Matcher : 404
201807011807,0,2,201807011859,2,2,201807011859,5,2,
Pattern Matcher : 405
201807011810,0,2,201807011859,2,2,201807011859,5,2,
Pattern Matcher : 406
201807011812,0,2,201807011859,2,2,201807011859,5,2,
Pattern Matcher : 407
201807011814,0,2,201807011859,2,2,201807011859,5,2,
Pattern Matcher : 408
201807011815,0,2,201807011859,2,2,201807011859,5,2,
Pattern Matcher : 409
201807011816,0,2,201807011859,2,2,201807011859,5,2,
Pattern Matcher : 410
201807011819,0,2,201807011859,2,2,201807011859,5,2,
Pattern Matcher : 411
201807011821,0,2,201807011859,2,2,201807011859,5,2,
Pattern Matcher : 412
201807011822,0,2,201807011859,2,2,201807011859,5,2,
Pattern Matcher : 413
201807011823,0,2,201807011859,2,2,201807011859,5,2,
Pattern Matcher : 414
201807011826,0,2,201807011859,2,2,201807011859,5,2,
Pattern Matcher : 415
201807011829,0,2,201807011859,2,2,201807011859,5,2,
Pattern Matcher : 416
201807011832,0,2,201807011859,2,2,201807011859,5,2,
Pattern Matcher : 417
201807011833,0,2,201807011859,2,2,201807011859,5,2,
Pattern Matcher : 418
201807011836,0,2,201807011859,2,2,201807011859,5,2,
Pattern Matcher : 419
201807011837,0,2,201807011859,2,2,201807011859,5,2,
Pattern Matcher : 420
201807011838,0,2,201807011859,2,2,201807011859,5,2,
Pattern Matcher : 421
201807012224,0,2,201807012259,2,2,multi: 1

boundary size: 1
boundary: POLYGON((-122.136 38.6576,-122.136 38.6486,-122.136 38.6396,-122.124 38.6035,-122.113 38.6035,-122.113 38.5945,-122.113 38.5854,-122.124 38.5855,-122.136 38.5855,-122.147 38.5855,-122.147 38.5945,-122.17 38.6125,-122.182 38.6216,-122.193 38.6396,-122.216 38.6486,-122.216 38.6576,-122.205 38.6667,-122.193 38.6667,-122.159 38.6667,-122.136 38.6576))
201807012259,5,2,
Pattern Matcher : 422
201807012227,0,2,201807012259,2,2,201807012259,5,2,
Pattern Matcher : 423
201807012229,0,2,201807012259,2,2,201807012259,5,2,
Pattern Matcher : 424
201807012231,0,2,201807012259,2,2,201807012259,5,2,
Pattern Matcher : 425
201807012233,0,2,201807012259,2,2,201807012259,5,2,
Pattern Matcher : 426
201807012234,0,2,201807012259,2,2,201807012259,5,2,
Pattern Matcher : 427
201807012236,0,2,201807012259,2,2,201807012259,5,2,
Pattern Matcher : 428
201807012238,0,2,201807012259,2,2,201807012259,5,2,
Pattern Matcher : 429
201807012241,0,2,201807012259,2,2,201807012259,5,2,
Pattern Matcher : 430
201807012244,0,2,201807012259,2,2,201807012259,5,2,
Pattern Matcher : 431
201807012245,0,2,201807012259,2,2,201807012259,5,2,
Pattern Matcher : 432
201807012247,0,2,201807012259,2,2,201807012259,5,2,
Pattern Matcher : 433
201807012250,0,2,201807012259,2,2,201807012259,5,2,
Pattern Matcher : 434
201807012252,0,2,201807012259,2,2,201807012259,5,2,
Pattern Matcher : 435
201807012254,0,2,201807012259,2,2,201807012259,5,2,
Pattern Matcher : 436
201807012257,0,2,201807012259,2,2,201807012259,5,2,
Pattern Matcher : 437
201807012258,0,2,201807012259,2,2,201807012259,5,2,
Pattern Matcher : 438
201807012258,0,2,201807012259,2,2,201807012259,5,2,
Pattern Matcher : 439
201807012258,0,2,201807012259,2,2,201807012259,5,2,
Pattern Matcher : 440
201807012259,0,2,201807012259,2,2,201807012259,5,2,
Pattern Matcher : 441
201807012259,0,2,201807012259,2,2,201807012259,5,2,
Pattern Matcher : 442
201807012259,0,2,201807012259,2,2,201807012259,5,2,
Pattern Matcher : 443
201807012259,0,2,201807012259,2,2,201807012259,5,2,
Pattern Matcher : 444
201807012259,0,2,201807012259,2,2,201807012259,5,2,
Pattern Matcher : 445
201807012259,0,2,201807012259,2,2,201807012259,5,2,
Pattern Matcher : 446
201807012259,0,2,201807012259,2,2,201807012259,5,2,
Pattern Matcher : 447
201807012259,0,2,201807012259,2,2,201807012259,5,2,
Pattern Matcher : 448
201807012259,0,2,201807012259,2,2,201807012259,5,2,
Pattern Matcher : 449
201807012259,0,2,201807012259,2,2,201807012259,5,2,
Pattern Matcher : 450
201807012318,0,2,201807012359,2,2,multi: 1

boundary size: 1
boundary: POLYGON((-122.136 38.6576,-122.136 38.6486,-122.136 38.6396,-122.124 38.6035,-122.113 38.6035,-122.113 38.5945,-122.113 38.5854,-122.124 38.5855,-122.136 38.5855,-122.147 38.5855,-122.147 38.5945,-122.17 38.6125,-122.182 38.6216,-122.193 38.6396,-122.216 38.6486,-122.216 38.6576,-122.205 38.6667,-122.193 38.6847,-122.193 38.6937,-122.182 38.6937,-122.159 38.6847,-122.159 38.6757,-122.136 38.6576))
201807012359,5,2,
Pattern Matcher : 451
201807012320,0,2,201807012359,2,2,201807012359,5,2,
Pattern Matcher : 452
201807012322,0,2,201807012359,2,2,201807012359,5,2,
Pattern Matcher : 453
201807012323,0,2,201807012359,2,2,201807012359,5,2,
Pattern Matcher : 454
201807012325,0,2,201807012359,2,2,201807012359,5,2,
Pattern Matcher : 455
201807012326,0,2,201807012359,2,2,201807012359,5,2,
Pattern Matcher : 456
201807012328,0,2,201807012359,2,2,201807012359,5,2,
Pattern Matcher : 457
201807012329,0,2,201807012359,2,2,201807012359,5,2,
Pattern Matcher : 458
201807012330,0,2,201807012359,2,2,201807012359,5,2,
Pattern Matcher : 459
201807012332,0,2,201807012359,2,2,201807012359,5,2,
Pattern Matcher : 460
201807012333,0,2,201807012359,2,2,201807012359,5,2,
Pattern Matcher : 461
201807012336,0,2,201807012359,2,2,201807012359,5,2,
Pattern Matcher : 462
201807012337,0,2,201807012359,2,2,201807012359,5,2,
Pattern Matcher : 463
201807012340,0,2,201807012359,2,2,201807012359,5,2,
Pattern Matcher : 464
201807012341,0,2,201807012359,2,2,201807012359,5,2,
Pattern Matcher : 465
201807012342,0,2,201807012359,2,2,201807012359,5,2,
Pattern Matcher : 466
201807012343,0,2,201807012359,2,2,201807012359,5,2,
Pattern Matcher : 467
201807012346,0,2,201807012359,2,2,201807012359,5,2,
Pattern Matcher : 468
201807012349,0,2,201807012359,2,2,201807012359,5,2,
Pattern Matcher : 469
201807012351,0,2,201807012359,2,2,201807012359,5,2,
Pattern Matcher : 470
201807012352,0,2,201807012359,2,2,201807012359,5,2,
Pattern Matcher : 471
201807012355,0,2,201807012359,2,2,201807012359,5,2,
Pattern Matcher : 472
201807012356,0,2,201807012359,2,2,201807012359,5,2,
Pattern Matcher : 473
201807012359,0,2,201807012359,2,2,201807012359,5,2,
Pattern Matcher : 474
201807012359,0,2,201807012359,2,2,201807012359,5,2,
Pattern Matcher : 475
201807012359,0,2,201807012359,2,2,201807012359,5,2,
Pattern Matcher : 476
201807012359,0,2,201807012359,2,2,201807012359,5,2,
Pattern Matcher : 477
201807012359,0,2,201807012359,2,2,201807012359,5,2,
Pattern Matcher : 478
201807012318,0,2,201807012359,2,2,multi: 1

boundary size: 1
boundary: POLYGON((-122.205 38.7749,-122.216 38.7839,-122.228 38.7839,-122.239 38.7839,-122.251 38.7839,-122.262 38.7839,-122.274 38.7839,-122.274 38.7929,-122.274 38.802,-122.262 38.82,-122.262 38.829,-122.251 38.829,-122.239 38.829,-122.228 38.82,-122.205 38.802,-122.193 38.793,-122.193 38.7839,-122.205 38.7749))
201807012359,5,2,
Pattern Matcher : 479
201807012320,0,2,201807012359,2,2,201807012359,5,2,
Pattern Matcher : 480
201807012322,0,2,201807012359,2,2,201807012359,5,2,
Pattern Matcher : 481
201807012323,0,2,201807012359,2,2,201807012359,5,2,
Pattern Matcher : 482
201807012325,0,2,201807012359,2,2,201807012359,5,2,
Pattern Matcher : 483
201807012326,0,2,201807012359,2,2,201807012359,5,2,
Pattern Matcher : 484
201807012328,0,2,201807012359,2,2,201807012359,5,2,
Pattern Matcher : 485
201807012329,0,2,201807012359,2,2,201807012359,5,2,
Pattern Matcher : 486
201807012330,0,2,201807012359,2,2,201807012359,5,2,
Pattern Matcher : 487
201807012332,0,2,201807012359,2,2,201807012359,5,2,
Pattern Matcher : 488
201807012333,0,2,201807012359,2,2,201807012359,5,2,
Pattern Matcher : 489
201807012336,0,2,201807012359,2,2,201807012359,5,2,
Pattern Matcher : 490
201807012337,0,2,201807012359,2,2,201807012359,5,2,
Pattern Matcher : 491
201807012340,0,2,201807012359,2,2,201807012359,5,2,
Pattern Matcher : 492
201807012341,0,2,201807012359,2,2,201807012359,5,2,
Pattern Matcher : 493
201807012342,0,2,201807012359,2,2,201807012359,5,2,
Pattern Matcher : 494
201807012343,0,2,201807012359,2,2,201807012359,5,2,
Pattern Matcher : 495
201807012346,0,2,201807012359,2,2,201807012359,5,2,
Pattern Matcher : 496
201807012349,0,2,201807012359,2,2,201807012359,5,2,
Pattern Matcher : 497
201807012351,0,2,201807012359,2,2,201807012359,5,2,
Pattern Matcher : 498
201807012352,0,2,201807012359,2,2,201807012359,5,2,
Pattern Matcher : 499
201807012355,0,2,201807012359,2,2,201807012359,5,2,
Pattern Matcher : 500
201807012356,0,2,201807012359,2,2,201807012359,5,2,
Pattern Matcher : 501
201807012359,0,2,201807012359,2,2,201807012359,5,2,
Pattern Matcher : 502
201807012359,0,2,201807012359,2,2,201807012359,5,2,
Pattern Matcher : 503
201807012359,0,2,201807012359,2,2,201807012359,5,2,
Pattern Matcher : 504
201807012359,0,2,201807012359,2,2,201807012359,5,2,
Pattern Matcher : 505
201807012359,0,2,201807012359,2,2,201807012359,5,2,
event stream queue is empty now!
perform 2loadshedding
eventCn 5362
#full Match 506
#high latecny (> 150)504
#NumPartialMatch 646
#NumDropedPM 0
#NumDropedInputEvents 0
avg latency: 11578
expression size: 0



********   Event Pattern    ********
TYPE Satellite {
    time,
    channelID,
    level,
    boundary
};

QUERY fail3
EVENT SEQ(Satellite c01,Satellite c06,Satellite c16)
WHERE c01.boundary /\ c06.boundary && c01.boundary /\ c16.boundary && c06.boundary /\ c16.boundary
    && c01.channelID == 0 && c06.channelID == 2
    && c16.channelID == 5
    && c01.level == 2 && c06.level == 2 && c16.level == 2
WITHIN 1h
RETURN Fire(c01.time,c01.channelID,c01.level,
    c06.time,c06.channelID,c06.level,
    INTERSECT(c01.boundary,c06.boundary,c16.boundary),
    c16.time,c16.channelID,c16.level
);