c06
c07MinusC14
c06
c16
c06
c07MinusC14
c16
c06
c07MinusC14
c16
c06
c06
c06
c07MinusC14
c07MinusC14
c07MinusC14
c06
c07MinusC14
c16
c16
c16
c16
Pattern Matcher : 0
201806300059,2,2,201806300059,3,2,201806300059,5,2,
Pattern Matcher : 1
201806300059,2,2,201806300059,3,2,201806300059,5,2,
Pattern Matcher : 2
201806300059,2,2,201806300059,3,2,201806300059,5,2,
Pattern Matcher : 3
201806300059,2,2,201806300059,3,2,201806300059,5,2,
Pattern Matcher : 4
201806300059,2,2,201806300059,3,2,201806300059,5,2,
Pattern Matcher : 5
201806300159,2,2,201806300159,3,2,multi: 1

boundary size: 1
boundary: POLYGON((-120.885 37.9828,-120.885 37.9918,-120.884 38.0008,-120.873 38.0007,-120.862 38.0006,-120.862 37.9915,-120.862 37.9825,-120.873 37.9826,-120.885 37.9828))
201806300159,5,2,
Pattern Matcher : 6
201806300159,2,2,201806300159,3,2,201806300159,5,2,
Pattern Matcher : 7
201806300159,2,2,201806300159,3,2,multi: 1

boundary size: 0201806300159,5,2,
Pattern Matcher : 8
201806300159,2,2,201806300159,3,2,201806300159,5,2,
Pattern Matcher : 9
201806300359,2,2,201806300359,3,2,multi: 1

boundary size: 0201806300359,5,2,
Pattern Matcher : 10
201806300359,2,2,201806300359,3,2,201806300359,5,2,
Pattern Matcher : 11
201806300359,2,2,201806300359,3,2,201806300359,5,2,
Pattern Matcher : 12
201806300359,2,2,201806300359,3,2,201806300359,5,2,
Pattern Matcher : 13
201806300359,2,2,201806300359,3,2,multi: 1

boundary size: 0201806300359,5,2,
Pattern Matcher : 14
201806300359,2,2,201806300359,3,2,201806300359,5,2,
Pattern Matcher : 15
201806300359,2,2,201806300359,3,2,201806300359,5,2,
Pattern Matcher : 16
201806300359,2,2,201806300359,3,2,201806300359,5,2,
Pattern Matcher : 17
201806300359,2,2,201806300359,3,2,multi: 1

boundary size: 0201806300359,5,2,
Pattern Matcher : 18
201806300359,2,2,201806300359,3,2,201806300359,5,2,
Pattern Matcher : 19
201806300359,2,2,201806300359,3,2,201806300359,5,2,
Pattern Matcher : 20
201806300359,2,2,201806300359,3,2,201806300359,5,2,
Pattern Matcher : 21
201806300359,2,2,201806300359,3,2,201806300359,5,2,
Pattern Matcher : 22
201806300359,2,2,201806300359,3,2,201806300359,5,2,
Pattern Matcher : 23
201806300359,2,2,201806300359,3,2,201806300359,5,2,
Pattern Matcher : 24
201806300359,2,2,201806300359,3,2,201806300359,5,2,
Pattern Matcher : 25
201806300359,2,2,201806300359,3,2,201806300359,5,2,
Pattern Matcher : 26
201806300359,2,2,201806300359,3,2,201806300359,5,2,
Pattern Matcher : 27
201806300359,2,2,201806300359,3,2,201806300359,5,2,
Pattern Matcher : 28
201806300359,2,2,201806300359,3,2,multi: 1

boundary size: 0201806300359,5,2,
Pattern Matcher : 29
201806300359,2,2,201806300359,3,2,201806300359,5,2,
Pattern Matcher : 30
201806300359,2,2,201806300359,3,2,201806300359,5,2,
Pattern Matcher : 31
201806300359,2,2,201806300359,3,2,multi: 1

boundary size: 0201806300359,5,2,
Pattern Matcher : 32
201806300359,2,2,201806300359,3,2,201806300359,5,2,
Pattern Matcher : 33
201806300359,2,2,201806300359,3,2,multi: 1

boundary size: 0201806300359,5,2,
Pattern Matcher : 34
201806300359,2,2,201806300359,3,2,201806300359,5,2,
Pattern Matcher : 35
201806300359,2,2,201806300359,3,2,201806300359,5,2,
Pattern Matcher : 36
201806300359,2,2,201806300359,3,2,201806300359,5,2,
Pattern Matcher : 37
201806300359,2,2,201806300359,3,2,multi: 1

boundary size: 0201806300359,5,2,
Pattern Matcher : 38
201806300359,2,2,201806300359,3,2,201806300359,5,2,
Pattern Matcher : 39
201806300359,2,2,201806300359,3,2,201806300359,5,2,
Pattern Matcher : 40
201806300359,2,2,201806300359,3,2,201806300359,5,2,
Pattern Matcher : 41
201806300359,2,2,201806300359,3,2,multi: 1

boundary size: 0201806300359,5,2,
Pattern Matcher : 42
201806300359,2,2,201806300359,3,2,201806300359,5,2,
Pattern Matcher : 43
201806300359,2,2,201806300359,3,2,201806300359,5,2,
Pattern Matcher : 44
201806300359,2,2,201806300359,3,2,201806300359,5,2,
Pattern Matcher : 45
201806300359,2,2,201806300359,3,2,201806300359,5,2,
Pattern Matcher : 46
201806300359,2,2,201806300359,3,2,201806300359,5,2,
Pattern Matcher : 47
201806300359,2,2,201806300359,3,2,201806300359,5,2,
Pattern Matcher : 48
201806300359,2,2,201806300359,3,2,201806300359,5,2,
Pattern Matcher : 49
201806300359,2,2,201806300359,3,2,201806300359,5,2,
Pattern Matcher : 50
201806300359,2,2,201806300359,3,2,201806300359,5,2,
Pattern Matcher : 51
201806300359,2,2,201806300359,3,2,201806300359,5,2,
Pattern Matcher : 52
201806300359,2,2,201806300359,3,2,multi: 1

boundary size: 0201806300359,5,2,
Pattern Matcher : 53
201806300359,2,2,201806300359,3,2,201806300359,5,2,
Pattern Matcher : 54
201806300359,2,2,201806300359,3,2,201806300359,5,2,
Pattern Matcher : 55
201806300359,2,2,201806300359,3,2,multi: 1

boundary size: 0201806300359,5,2,
Pattern Matcher : 56
201806300359,2,2,201806300359,3,2,201806300359,5,2,
Pattern Matcher : 57
201806300359,2,2,201806300359,3,2,multi: 1

boundary size: 0201806300359,5,2,
Pattern Matcher : 58
201806300359,2,2,201806300359,3,2,201806300359,5,2,
Pattern Matcher : 59
201806300359,2,2,201806300359,3,2,201806300359,5,2,
Pattern Matcher : 60
201806300359,2,2,201806300359,3,2,201806300359,5,2,
Pattern Matcher : 61
201806300359,2,2,201806300359,3,2,multi: 1

boundary size: 0201806300359,5,2,
Pattern Matcher : 62
201806300359,2,2,201806300359,3,2,201806300359,5,2,
Pattern Matcher : 63
201806300359,2,2,201806300359,3,2,201806300359,5,2,
Pattern Matcher : 64
201806300359,2,2,201806300359,3,2,201806300359,5,2,
Pattern Matcher : 65
201806300359,2,2,201806300359,3,2,multi: 1

boundary size: 0201806300359,5,2,
Pattern Matcher : 66
201806300359,2,2,201806300359,3,2,201806300359,5,2,
Pattern Matcher : 67
201806300359,2,2,201806300359,3,2,201806300359,5,2,
Pattern Matcher : 68
201806300359,2,2,201806300359,3,2,201806300359,5,2,
Pattern Matcher : 69
201806300359,2,2,201806300359,3,2,201806300359,5,2,
Pattern Matcher : 70
201806300359,2,2,201806300359,3,2,201806300359,5,2,
Pattern Matcher : 71
201806300359,2,2,201806300359,3,2,201806300359,5,2,
Pattern Matcher : 72
201806300359,2,2,201806300359,3,2,201806300359,5,2,
Pattern Matcher : 73
201806300359,2,2,201806300359,3,2,201806300359,5,2,
Pattern Matcher : 74
201806300359,2,2,201806300359,3,2,201806300359,5,2,
Pattern Matcher : 75
201806300359,2,2,201806300359,3,2,201806300359,5,2,
Pattern Matcher : 76
201806300359,2,2,201806300359,3,2,multi: 1

boundary size: 0201806300359,5,2,
Pattern Matcher : 77
201806300359,2,2,201806300359,3,2,201806300359,5,2,
Pattern Matcher : 78
201806300359,2,2,201806300359,3,2,201806300359,5,2,
Pattern Matcher : 79
201806300359,2,2,201806300359,3,2,multi: 1

boundary size: 0201806300359,5,2,
Pattern Matcher : 80
201806300359,2,2,201806300359,3,2,201806300359,5,2,
Pattern Matcher : 81
201806300359,2,2,201806300359,3,2,multi: 1

boundary size: 0201806300359,5,2,
Pattern Matcher : 82
201806300359,2,2,201806300359,3,2,201806300359,5,2,
Pattern Matcher : 83
201806300359,2,2,201806300359,3,2,201806300359,5,2,
Pattern Matcher : 84
201806300359,2,2,201806300359,3,2,201806300359,5,2,
Pattern Matcher : 85
201806300359,2,2,201806300359,3,2,multi: 1

boundary size: 0201806300359,5,2,
Pattern Matcher : 86
201806300359,2,2,201806300359,3,2,201806300359,5,2,
Pattern Matcher : 87
201806300359,2,2,201806300359,3,2,201806300359,5,2,
Pattern Matcher : 88
201806300359,2,2,201806300359,3,2,201806300359,5,2,
Pattern Matcher : 89
201806300359,2,2,201806300359,3,2,multi: 1

boundary size: 0201806300359,5,2,
Pattern Matcher : 90
201806300359,2,2,201806300359,3,2,201806300359,5,2,
Pattern Matcher : 91
201806300359,2,2,201806300359,3,2,201806300359,5,2,
Pattern Matcher : 92
201806300359,2,2,201806300359,3,2,201806300359,5,2,
Pattern Matcher : 93
201806300359,2,2,201806300359,3,2,201806300359,5,2,
Pattern Matcher : 94
201806300359,2,2,201806300359,3,2,201806300359,5,2,
Pattern Matcher : 95
201806300359,2,2,201806300359,3,2,201806300359,5,2,
Pattern Matcher : 96
201806300359,2,2,201806300359,3,2,201806300359,5,2,
Pattern Matcher : 97
201806300359,2,2,201806300359,3,2,201806300359,5,2,
Pattern Matcher : 98
201806300359,2,2,201806300359,3,2,201806300359,5,2,
Pattern Matcher : 99
201806300359,2,2,201806300359,3,2,201806300359,5,2,
Pattern Matcher : 100
201806300359,2,2,201806300359,3,2,multi: 1

boundary size: 0201806300359,5,2,
Pattern Matcher : 101
201806300359,2,2,201806300359,3,2,201806300359,5,2,
Pattern Matcher : 102
201806300359,2,2,201806300359,3,2,201806300359,5,2,
Pattern Matcher : 103
201806300359,2,2,201806300359,3,2,multi: 1

boundary size: 0201806300359,5,2,
Pattern Matcher : 104
201806300359,2,2,201806300359,3,2,201806300359,5,2,
Pattern Matcher : 105
201806300359,2,2,201806300359,3,2,multi: 1

boundary size: 0201806300359,5,2,
Pattern Matcher : 106
201806300359,2,2,201806300359,3,2,201806300359,5,2,
Pattern Matcher : 107
201806300359,2,2,201806300359,3,2,201806300359,5,2,
Pattern Matcher : 108
201806300359,2,2,201806300359,3,2,201806300359,5,2,
Pattern Matcher : 109
201806300359,2,2,201806300359,3,2,multi: 1

boundary size: 0201806300359,5,2,
Pattern Matcher : 110
201806300359,2,2,201806300359,3,2,201806300359,5,2,
Pattern Matcher : 111
201806300359,2,2,201806300359,3,2,201806300359,5,2,
Pattern Matcher : 112
201806300359,2,2,201806300359,3,2,201806300359,5,2,
Pattern Matcher : 113
201806300359,2,2,201806300359,3,2,multi: 1

boundary size: 0201806300359,5,2,
Pattern Matcher : 114
201806300359,2,2,201806300359,3,2,201806300359,5,2,
Pattern Matcher : 115
201806300359,2,2,201806300359,3,2,201806300359,5,2,
Pattern Matcher : 116
201806300359,2,2,201806300359,3,2,201806300359,5,2,
Pattern Matcher : 117
201806300359,2,2,201806300359,3,2,201806300359,5,2,
Pattern Matcher : 118
201806300359,2,2,201806300359,3,2,201806300359,5,2,
Pattern Matcher : 119
201806300359,2,2,201806300359,3,2,201806300359,5,2,
Pattern Matcher : 120
201806300359,2,2,201806300359,3,2,201806300359,5,2,
Pattern Matcher : 121
201806300359,2,2,201806300359,3,2,201806300359,5,2,
Pattern Matcher : 122
201806300359,2,2,201806300359,3,2,201806300359,5,2,
Pattern Matcher : 123
201806300359,2,2,201806300359,3,2,201806300359,5,2,
Pattern Matcher : 124
201806300359,2,2,201806300359,3,2,multi: 1

boundary size: 0201806300359,5,2,
Pattern Matcher : 125
201806300359,2,2,201806300359,3,2,201806300359,5,2,
Pattern Matcher : 126
201806300359,2,2,201806300359,3,2,201806300359,5,2,
Pattern Matcher : 127
201806300359,2,2,201806300359,3,2,multi: 1

boundary size: 0201806300359,5,2,
Pattern Matcher : 128
201806300359,2,2,201806300359,3,2,201806300359,5,2,
Pattern Matcher : 129
201806300359,2,2,201806300359,3,2,multi: 1

boundary size: 0201806300359,5,2,
Pattern Matcher : 130
201806300359,2,2,201806300359,3,2,201806300359,5,2,
Pattern Matcher : 131
201806300359,2,2,201806300359,3,2,201806300359,5,2,
Pattern Matcher : 132
201806300359,2,2,201806300359,3,2,201806300359,5,2,
Pattern Matcher : 133
201806300359,2,2,201806300359,3,2,multi: 1

boundary size: 0201806300359,5,2,
Pattern Matcher : 134
201806300359,2,2,201806300359,3,2,201806300359,5,2,
Pattern Matcher : 135
201806300359,2,2,201806300359,3,2,201806300359,5,2,
Pattern Matcher : 136
201806300359,2,2,201806300359,3,2,201806300359,5,2,
Pattern Matcher : 137
201806300359,2,2,201806300359,3,2,multi: 1

boundary size: 0201806300359,5,2,
Pattern Matcher : 138
201806300359,2,2,201806300359,3,2,201806300359,5,2,
Pattern Matcher : 139
201806300359,2,2,201806300359,3,2,201806300359,5,2,
Pattern Matcher : 140
201806300359,2,2,201806300359,3,2,201806300359,5,2,
Pattern Matcher : 141
201806300359,2,2,201806300359,3,2,201806300359,5,2,
Pattern Matcher : 142
201806300359,2,2,201806300359,3,2,201806300359,5,2,
Pattern Matcher : 143
201806300359,2,2,201806300359,3,2,201806300359,5,2,
Pattern Matcher : 144
201806300359,2,2,201806300359,3,2,201806300359,5,2,
Pattern Matcher : 145
201806300359,2,2,201806300359,3,2,201806300359,5,2,
Pattern Matcher : 146
201806300359,2,2,201806300359,3,2,201806300359,5,2,
Pattern Matcher : 147
201806300359,2,2,201806300359,3,2,201806300359,5,2,
Pattern Matcher : 148
201806300359,2,2,201806300359,3,2,multi: 1

boundary size: 0201806300359,5,2,
Pattern Matcher : 149
201806300359,2,2,201806300359,3,2,201806300359,5,2,
Pattern Matcher : 150
201806300359,2,2,201806300359,3,2,201806300359,5,2,
Pattern Matcher : 151
201806300359,2,2,201806300359,3,2,multi: 1

boundary size: 0201806300359,5,2,
Pattern Matcher : 152
201806300359,2,2,201806300359,3,2,201806300359,5,2,
Pattern Matcher : 153
201806300359,2,2,201806300359,3,2,multi: 1

boundary size: 0201806300359,5,2,
Pattern Matcher : 154
201806300359,2,2,201806300359,3,2,201806300359,5,2,
Pattern Matcher : 155
201806300359,2,2,201806300359,3,2,201806300359,5,2,
Pattern Matcher : 156
201806300359,2,2,201806300359,3,2,201806300359,5,2,
Pattern Matcher : 157
201806300359,2,2,201806300359,3,2,multi: 1

boundary size: 0201806300359,5,2,
Pattern Matcher : 158
201806300359,2,2,201806300359,3,2,201806300359,5,2,
Pattern Matcher : 159
201806300359,2,2,201806300359,3,2,201806300359,5,2,
Pattern Matcher : 160
201806300359,2,2,201806300359,3,2,201806300359,5,2,
Pattern Matcher : 161
201806300359,2,2,201806300359,3,2,multi: 1

boundary size: 0201806300359,5,2,
Pattern Matcher : 162
201806300359,2,2,201806300359,3,2,201806300359,5,2,
Pattern Matcher : 163
201806300359,2,2,201806300359,3,2,201806300359,5,2,
Pattern Matcher : 164
201806300359,2,2,201806300359,3,2,201806300359,5,2,
Pattern Matcher : 165
201806300359,2,2,201806300359,3,2,201806300359,5,2,
Pattern Matcher : 166
201806300359,2,2,201806300359,3,2,201806300359,5,2,
Pattern Matcher : 167
201806300359,2,2,201806300359,3,2,201806300359,5,2,
Pattern Matcher : 168
201806300359,2,2,201806300359,3,2,201806300359,5,2,
Pattern Matcher : 169
201806300359,2,2,201806300359,3,2,201806300359,5,2,
Pattern Matcher : 170
201806300359,2,2,201806300359,3,2,201806300359,5,2,
Pattern Matcher : 171
201806300359,2,2,201806300359,3,2,201806300359,5,2,
Pattern Matcher : 172
201806300359,2,2,201806300359,3,2,multi: 1

boundary size: 0201806300359,5,2,
Pattern Matcher : 173
201806300359,2,2,201806300359,3,2,201806300359,5,2,
Pattern Matcher : 174
201806300359,2,2,201806300359,3,2,201806300359,5,2,
Pattern Matcher : 175
201806300359,2,2,201806300359,3,2,multi: 1

boundary size: 0201806300359,5,2,
Pattern Matcher : 176
201806300359,2,2,201806300359,3,2,201806300359,5,2,
Pattern Matcher : 177
201806302259,2,2,201806302259,3,2,201806302259,5,2,
Pattern Matcher : 178
201806302259,2,2,201806302259,3,2,multi: 1

boundary size: 1
boundary: POLYGON((-122.228 38.7839,-122.228 38.793,-122.228 38.802,-122.216 38.802,-122.205 38.802,-122.193 38.793,-122.193 38.7839,-122.205 38.7749,-122.216 38.7839,-122.228 38.7839))
201806302259,5,2,
Pattern Matcher : 179
201806302259,2,2,201806302259,3,2,201806302259,5,2,
Pattern Matcher : 180
201806302259,2,2,201806302259,3,2,multi: 1

boundary size: 0201806302259,5,2,
Pattern Matcher : 181
201806302259,2,2,201806302259,3,2,201806302259,5,2,
Pattern Matcher : 182
201806302259,2,2,201806302259,3,2,multi: 1

boundary size: 0201806302259,5,2,
Pattern Matcher : 183
201806302359,2,2,201806302359,3,2,201806302359,5,2,
Pattern Matcher : 184
201806302359,2,2,201806302359,3,2,multi: 1

boundary size: 1
boundary: POLYGON((-122.239 38.7569,-122.251 38.7569,-122.251 38.7659,-122.239 38.7749,-122.228 38.793,-122.228 38.802,-122.216 38.802,-122.205 38.802,-122.193 38.793,-122.182 38.7749,-122.17 38.7659,-122.17 38.7569,-122.17 38.7479,-122.182 38.7479,-122.193 38.7569,-122.205 38.7569,-122.216 38.7479,-122.228 38.7569,-122.239 38.7569))
201806302359,5,2,
Pattern Matcher : 185
201806302359,2,2,201806302359,3,2,201806302359,5,2,
Pattern Matcher : 186
201806302359,2,2,201806302359,3,2,201806302359,5,2,
Pattern Matcher : 187
201806302359,2,2,201806302359,3,2,201806302359,5,2,
Pattern Matcher : 188
201806302359,2,2,201806302359,3,2,multi: 1

boundary size: 1
boundary: POLYGON((-122.563 39.0269,-122.574 39.0269,-122.574 39.0359,-122.574 39.0449,-122.563 39.045,-122.551 39.045,-122.54 39.036,-122.54 39.027,-122.551 39.0179,-122.563 39.0269))
201806302359,5,2,
Pattern Matcher : 189
201806302359,2,2,201806302359,3,2,201806302359,5,2,
Pattern Matcher : 190
201806302359,2,2,201806302359,3,2,multi: 1

boundary size: 0201806302359,5,2,
Pattern Matcher : 191
201806302359,2,2,201806302359,3,2,201806302359,5,2,
Pattern Matcher : 192
201806302359,2,2,201806302359,3,2,201806302359,5,2,
Pattern Matcher : 193
201806302359,2,2,201806302359,3,2,201806302359,5,2,
Pattern Matcher : 194
201806302359,2,2,201806302359,3,2,multi: 1

boundary size: 0201806302359,5,2,
Pattern Matcher : 195
201806302359,2,2,201806302359,3,2,201806302359,5,2,
Pattern Matcher : 196
201806302359,2,2,201806302359,3,2,multi: 1

boundary size: 0201806302359,5,2,
Pattern Matcher : 197
201806302359,2,2,201806302359,3,2,201806302359,5,2,
Pattern Matcher : 198
201806302359,2,2,201806302359,3,2,201806302359,5,2,
Pattern Matcher : 199
201806302359,2,2,201806302359,3,2,201806302359,5,2,
Pattern Matcher : 200
201806302359,2,2,201806302359,3,2,multi: 1

boundary size: 0201806302359,5,2,
Pattern Matcher : 201
201806302359,2,2,201806302359,3,2,201806302359,5,2,
Pattern Matcher : 202
201806302359,2,2,201806302359,3,2,multi: 1

boundary size: 0201806302359,5,2,
Pattern Matcher : 203
201806302359,2,2,201806302359,3,2,201806302359,5,2,
Pattern Matcher : 204
201806302359,2,2,201806302359,3,2,201806302359,5,2,
Pattern Matcher : 205
201806302359,2,2,201806302359,3,2,201806302359,5,2,
Pattern Matcher : 206
201806302359,2,2,201806302359,3,2,multi: 1

boundary size: 0201806302359,5,2,
Pattern Matcher : 207
201807010059,2,2,201807010059,3,2,201807010059,5,2,
Pattern Matcher : 208
201807010059,2,2,201807010059,3,2,multi: 1

boundary size: 1
boundary: POLYGON((-122.216 38.7298,-122.216 38.7388,-122.239 38.7569,-122.251 38.7569,-122.262 38.7569,-122.274 38.7568,-122.285 38.7568,-122.297 38.7659,-122.285 38.7839,-122.274 38.802,-122.262 38.802,-122.251 38.802,-122.239 38.802,-122.228 38.802,-122.216 38.802,-122.205 38.802,-122.193 38.793,-122.182 38.7749,-122.17 38.7659,-122.17 38.7569,-122.17 38.7479,-122.182 38.7298,-122.182 38.7208,-122.193 38.7208,-122.216 38.7298))
201807010059,5,2,
Pattern Matcher : 209
201807010059,2,2,201807010059,3,2,201807010059,5,2,
Pattern Matcher : 210
201807010059,2,2,201807010059,3,2,multi: 1

boundary size: 0201807010059,5,2,
Pattern Matcher : 211
201807010059,2,2,201807010059,3,2,201807010059,5,2,
Pattern Matcher : 212
201807010059,2,2,201807010059,3,2,multi: 1

boundary size: 0201807010059,5,2,
Pattern Matcher : 213
201807010059,2,2,201807010059,3,2,201807010059,5,2,
Pattern Matcher : 214
201807010059,2,2,201807010059,3,2,multi: 1

boundary size: 0201807010059,5,2,
Pattern Matcher : 215
201807010059,2,2,201807010059,3,2,201807010059,5,2,
Pattern Matcher : 216
201807010059,2,2,201807010059,3,2,multi: 1

boundary size: 0201807010059,5,2,
Pattern Matcher : 217
201807010059,2,2,201807010059,3,2,201807010059,5,2,
Pattern Matcher : 218
201807010059,2,2,201807010059,3,2,multi: 1

boundary size: 0201807010059,5,2,
Pattern Matcher : 219
201807010159,2,2,201807010159,3,2,201807010159,5,2,
Pattern Matcher : 220
201807010159,2,2,201807010159,3,2,multi: 1

boundary size: 1
boundary: POLYGON((-122.182 38.7208,-122.193 38.7208,-122.216 38.7298,-122.228 38.7298,-122.239 38.7298,-122.251 38.7298,-122.262 38.7388,-122.262 38.7478,-122.251 38.7659,-122.239 38.7749,-122.228 38.793,-122.228 38.802,-122.216 38.802,-122.205 38.802,-122.193 38.793,-122.193 38.7839,-122.193 38.7479,-122.182 38.7388,-122.182 38.7208))
201807010159,5,2,
Pattern Matcher : 221
201807010159,2,2,201807010159,3,2,201807010159,5,2,
Pattern Matcher : 222
201807010159,2,2,201807010159,3,2,multi: 1

boundary size: 0201807010159,5,2,
Pattern Matcher : 223
201807010159,2,2,201807010159,3,2,201807010159,5,2,
Pattern Matcher : 224
201807010159,2,2,201807010159,3,2,multi: 1

boundary size: 0201807010159,5,2,
Pattern Matcher : 225
201807010159,2,2,201807010159,3,2,201807010159,5,2,
Pattern Matcher : 226
201807010159,2,2,201807010159,3,2,multi: 1

boundary size: 0201807010159,5,2,
Pattern Matcher : 227
201807010259,2,2,201807010259,3,2,201807010259,5,2,
Pattern Matcher : 228
201807010259,2,2,201807010259,3,2,201807010259,5,2,
Pattern Matcher : 229
201807010259,2,2,201807010259,3,2,201807010259,5,2,
Pattern Matcher : 230
201807010259,2,2,201807010259,3,2,201807010259,5,2,
Pattern Matcher : 231
201807010259,2,2,201807010259,3,2,201807010259,5,2,
Pattern Matcher : 232
201807010259,2,2,201807010259,3,2,multi: 1

boundary size: 1
boundary: POLYGON((-122.563 39.0269,-122.574 39.0269,-122.574 39.0359,-122.574 39.0449,-122.563 39.045,-122.551 39.045,-122.54 39.036,-122.54 39.027,-122.551 39.0179,-122.563 39.0269))
201807010259,5,2,
Pattern Matcher : 233
201807010259,2,2,201807010259,3,2,201807010259,5,2,
Pattern Matcher : 234
201807010259,2,2,201807010259,3,2,201807010259,5,2,
Pattern Matcher : 235
201807010259,2,2,201807010259,3,2,201807010259,5,2,
Pattern Matcher : 236
201807010259,2,2,201807010259,3,2,201807010259,5,2,
Pattern Matcher : 237
201807010259,2,2,201807010259,3,2,201807010259,5,2,
Pattern Matcher : 238
201807010259,2,2,201807010259,3,2,multi: 1

boundary size: 0201807010259,5,2,
Pattern Matcher : 239
201807010259,2,2,201807010259,3,2,201807010259,5,2,
Pattern Matcher : 240
201807010259,2,2,201807010259,3,2,201807010259,5,2,
Pattern Matcher : 241
201807010259,2,2,201807010259,3,2,201807010259,5,2,
Pattern Matcher : 242
201807010259,2,2,201807010259,3,2,201807010259,5,2,
Pattern Matcher : 243
201807010259,2,2,201807010259,3,2,201807010259,5,2,
Pattern Matcher : 244
201807010259,2,2,201807010259,3,2,multi: 1

boundary size: 0201807010259,5,2,
Pattern Matcher : 245
201807010259,2,2,201807010259,3,2,201807010259,5,2,
Pattern Matcher : 246
201807010259,2,2,201807010259,3,2,201807010259,5,2,
Pattern Matcher : 247
201807010259,2,2,201807010259,3,2,201807010259,5,2,
Pattern Matcher : 248
201807010259,2,2,201807010259,3,2,201807010259,5,2,
Pattern Matcher : 249
201807010259,2,2,201807010259,3,2,201807010259,5,2,
Pattern Matcher : 250
201807010259,2,2,201807010259,3,2,multi: 1

boundary size: 0201807010259,5,2,
Pattern Matcher : 251
201807010259,2,2,201807010259,3,2,201807010259,5,2,
Pattern Matcher : 252
201807010259,2,2,201807010259,3,2,201807010259,5,2,
Pattern Matcher : 253
201807010259,2,2,201807010259,3,2,201807010259,5,2,
Pattern Matcher : 254
201807010259,2,2,201807010259,3,2,201807010259,5,2,
Pattern Matcher : 255
201807010259,2,2,201807010259,3,2,201807010259,5,2,
Pattern Matcher : 256
201807010259,2,2,201807010259,3,2,multi: 1

boundary size: 0201807010259,5,2,
Pattern Matcher : 257
201807010359,2,2,201807010359,3,2,multi: 1

boundary size: 0201807010359,5,2,
Pattern Matcher : 258
201807010359,2,2,201807010359,3,2,201807010359,5,2,
Pattern Matcher : 259
201807010359,2,2,201807010359,3,2,201807010359,5,2,
Pattern Matcher : 260
201807010359,2,2,201807010359,3,2,201807010359,5,2,
Pattern Matcher : 261
201807010359,2,2,201807010359,3,2,201807010359,5,2,
Pattern Matcher : 262
201807010359,2,2,201807010359,3,2,201807010359,5,2,
Pattern Matcher : 263
201807010359,2,2,201807010359,3,2,201807010359,5,2,
Pattern Matcher : 264
201807010359,2,2,201807010359,3,2,201807010359,5,2,
Pattern Matcher : 265
201807010359,2,2,201807010359,3,2,201807010359,5,2,
Pattern Matcher : 266
201807010359,2,2,201807010359,3,2,201807010359,5,2,
Pattern Matcher : 267
201807010359,2,2,201807010359,3,2,201807010359,5,2,
Pattern Matcher : 268
201807010359,2,2,201807010359,3,2,201807010359,5,2,
Pattern Matcher : 269
201807010359,2,2,201807010359,3,2,multi: 1

boundary size: 1
boundary: POLYGON((-122.251 38.7298,-122.262 38.7388,-122.262 38.7478,-122.251 38.7478,-122.239 38.7478,-122.228 38.7479,-122.205 38.7479,-122.193 38.7479,-122.182 38.7388,-122.182 38.7298,-122.182 38.7208,-122.193 38.7208,-122.216 38.7298,-122.228 38.7298,-122.239 38.7298,-122.251 38.7298))
201807010359,5,2,
Pattern Matcher : 270
201807010359,2,2,201807010359,3,2,201807010359,5,2,
Pattern Matcher : 271
201807010359,2,2,201807010359,3,2,201807010359,5,2,
Pattern Matcher : 272
201807010359,2,2,201807010359,3,2,201807010359,5,2,
Pattern Matcher : 273
201807010359,2,2,201807010359,3,2,201807010359,5,2,
Pattern Matcher : 274
201807010359,2,2,201807010359,3,2,201807010359,5,2,
Pattern Matcher : 275
201807010359,2,2,201807010359,3,2,201807010359,5,2,
Pattern Matcher : 276
201807010359,2,2,201807010359,3,2,201807010359,5,2,
Pattern Matcher : 277
201807010359,2,2,201807010359,3,2,multi: 1

boundary size: 0201807010359,5,2,
Pattern Matcher : 278
201807010359,2,2,201807010359,3,2,multi: 1

boundary size: 0201807010359,5,2,
Pattern Matcher : 279
201807010359,2,2,201807010359,3,2,201807010359,5,2,
Pattern Matcher : 280
201807010359,2,2,201807010359,3,2,201807010359,5,2,
Pattern Matcher : 281
201807010359,2,2,201807010359,3,2,201807010359,5,2,
Pattern Matcher : 282
201807010359,2,2,201807010359,3,2,201807010359,5,2,
Pattern Matcher : 283
201807010359,2,2,201807010359,3,2,201807010359,5,2,
Pattern Matcher : 284
201807010359,2,2,201807010359,3,2,201807010359,5,2,
Pattern Matcher : 285
201807010359,2,2,201807010359,3,2,201807010359,5,2,
Pattern Matcher : 286
201807010359,2,2,201807010359,3,2,201807010359,5,2,
Pattern Matcher : 287
201807010359,2,2,201807010359,3,2,201807010359,5,2,
Pattern Matcher : 288
201807010359,2,2,201807010359,3,2,201807010359,5,2,
Pattern Matcher : 289
201807010359,2,2,201807010359,3,2,201807010359,5,2,
Pattern Matcher : 290
201807010359,2,2,201807010359,3,2,multi: 1

boundary size: 0201807010359,5,2,
Pattern Matcher : 291
201807010359,2,2,201807010359,3,2,201807010359,5,2,
Pattern Matcher : 292
201807010359,2,2,201807010359,3,2,201807010359,5,2,
Pattern Matcher : 293
201807010359,2,2,201807010359,3,2,201807010359,5,2,
Pattern Matcher : 294
201807010359,2,2,201807010359,3,2,201807010359,5,2,
Pattern Matcher : 295
201807010359,2,2,201807010359,3,2,201807010359,5,2,
Pattern Matcher : 296
201807010359,2,2,201807010359,3,2,201807010359,5,2,
Pattern Matcher : 297
201807010359,2,2,201807010359,3,2,201807010359,5,2,
Pattern Matcher : 298
201807010359,2,2,201807010359,3,2,multi: 1

boundary size: 0201807010359,5,2,
Pattern Matcher : 299
201807010359,2,2,201807010359,3,2,multi: 1

boundary size: 0201807010359,5,2,
Pattern Matcher : 300
201807010359,2,2,201807010359,3,2,201807010359,5,2,
Pattern Matcher : 301
201807010359,2,2,201807010359,3,2,201807010359,5,2,
Pattern Matcher : 302
201807010359,2,2,201807010359,3,2,201807010359,5,2,
Pattern Matcher : 303
201807010359,2,2,201807010359,3,2,201807010359,5,2,
Pattern Matcher : 304
201807010359,2,2,201807010359,3,2,201807010359,5,2,
Pattern Matcher : 305
201807010359,2,2,201807010359,3,2,201807010359,5,2,
Pattern Matcher : 306
201807010359,2,2,201807010359,3,2,201807010359,5,2,
Pattern Matcher : 307
201807010359,2,2,201807010359,3,2,201807010359,5,2,
Pattern Matcher : 308
201807010359,2,2,201807010359,3,2,201807010359,5,2,
Pattern Matcher : 309
201807010359,2,2,201807010359,3,2,201807010359,5,2,
Pattern Matcher : 310
201807010359,2,2,201807010359,3,2,201807010359,5,2,
Pattern Matcher : 311
201807010359,2,2,201807010359,3,2,multi: 1

boundary size: 0201807010359,5,2,
Pattern Matcher : 312
201807010359,2,2,201807010359,3,2,201807010359,5,2,
Pattern Matcher : 313
201807010359,2,2,201807010359,3,2,201807010359,5,2,
Pattern Matcher : 314
201807010359,2,2,201807010359,3,2,201807010359,5,2,
Pattern Matcher : 315
201807010359,2,2,201807010359,3,2,201807010359,5,2,
Pattern Matcher : 316
201807010359,2,2,201807010359,3,2,201807010359,5,2,
Pattern Matcher : 317
201807010359,2,2,201807010359,3,2,201807010359,5,2,
Pattern Matcher : 318
201807010359,2,2,201807010359,3,2,201807010359,5,2,
Pattern Matcher : 319
201807010359,2,2,201807010359,3,2,multi: 1

boundary size: 0201807010359,5,2,
Pattern Matcher : 320
201807010359,2,2,201807010359,3,2,multi: 1

boundary size: 0201807010359,5,2,
Pattern Matcher : 321
201807010359,2,2,201807010359,3,2,201807010359,5,2,
Pattern Matcher : 322
201807010359,2,2,201807010359,3,2,201807010359,5,2,
Pattern Matcher : 323
201807010359,2,2,201807010359,3,2,201807010359,5,2,
Pattern Matcher : 324
201807010359,2,2,201807010359,3,2,201807010359,5,2,
Pattern Matcher : 325
201807010359,2,2,201807010359,3,2,201807010359,5,2,
Pattern Matcher : 326
201807010359,2,2,201807010359,3,2,201807010359,5,2,
Pattern Matcher : 327
201807010359,2,2,201807010359,3,2,201807010359,5,2,
Pattern Matcher : 328
201807010359,2,2,201807010359,3,2,201807010359,5,2,
Pattern Matcher : 329
201807010359,2,2,201807010359,3,2,201807010359,5,2,
Pattern Matcher : 330
201807010359,2,2,201807010359,3,2,201807010359,5,2,
Pattern Matcher : 331
201807010359,2,2,201807010359,3,2,201807010359,5,2,
Pattern Matcher : 332
201807010359,2,2,201807010359,3,2,multi: 1

boundary size: 0201807010359,5,2,
Pattern Matcher : 333
201807010359,2,2,201807010359,3,2,201807010359,5,2,
Pattern Matcher : 334
201807010359,2,2,201807010359,3,2,201807010359,5,2,
Pattern Matcher : 335
201807010359,2,2,201807010359,3,2,201807010359,5,2,
Pattern Matcher : 336
201807010359,2,2,201807010359,3,2,201807010359,5,2,
Pattern Matcher : 337
201807010359,2,2,201807010359,3,2,201807010359,5,2,
Pattern Matcher : 338
201807010359,2,2,201807010359,3,2,201807010359,5,2,
Pattern Matcher : 339
201807010359,2,2,201807010359,3,2,201807010359,5,2,
Pattern Matcher : 340
201807010359,2,2,201807010359,3,2,multi: 1

boundary size: 0201807010359,5,2,
Pattern Matcher : 341
201807010406,2,2,201807010428,3,2,multi: 1

boundary size: 1
boundary: POLYGON((-122.205 38.6937,-122.228 38.7027,-122.228 38.7118,-122.251 38.7298,-122.262 38.7388,-122.262 38.7478,-122.251 38.7478,-122.239 38.7478,-122.228 38.7479,-122.205 38.7479,-122.193 38.7479,-122.182 38.7388,-122.182 38.7298,-122.182 38.7208,-122.193 38.7028,-122.205 38.6937))
201807010459,5,2,
Pattern Matcher : 342
201807010406,2,2,201807010428,3,2,multi: 1

boundary size: 0201807010459,5,2,
Pattern Matcher : 343
201807010406,2,2,201807010428,3,2,multi: 1

boundary size: 0201807010459,5,2,
Pattern Matcher : 344
201807010406,2,2,201807010428,3,2,multi: 1

boundary size: 0201807010459,5,2,
Pattern Matcher : 345
201807010406,2,2,201807010428,3,2,multi: 1

boundary size: 0201807010459,5,2,
Pattern Matcher : 346
201807010508,2,2,201807010522,3,2,multi: 1

boundary size: 1
boundary: POLYGON((-122.205 38.6667,-122.205 38.6937,-122.228 38.7027,-122.228 38.7118,-122.239 38.7208,-122.239 38.7208,-122.216 38.7388,-122.205 38.7479,-122.193 38.7479,-122.182 38.7388,-122.17 38.7208,-122.147 38.7118,-122.147 38.7027,-122.147 38.6937,-122.159 38.6757,-122.17 38.6667,-122.205 38.6667))
201807010553,5,2,
Pattern Matcher : 347
201807010508,2,2,201807010522,3,2,multi: 1

boundary size: 0201807010556,5,2,
Pattern Matcher : 348
201807010508,2,2,201807010522,3,2,multi: 1

boundary size: 0201807010558,5,2,
Pattern Matcher : 349
201807010508,2,2,201807010522,3,2,multi: 1

boundary size: 0201807010558,5,2,
Pattern Matcher : 350
201807010508,2,2,201807010522,3,2,multi: 1

boundary size: 0201807010558,5,2,
Pattern Matcher : 351
201807010508,2,2,201807010522,3,2,multi: 1

boundary size: 0201807010559,5,2,
Pattern Matcher : 352
201807010508,2,2,201807010522,3,2,multi: 1

boundary size: 0201807010559,5,2,
Pattern Matcher : 353
201807010508,2,2,201807010522,3,2,multi: 1

boundary size: 0201807010559,5,2,
Pattern Matcher : 354
201807010508,2,2,201807010522,3,2,multi: 1

boundary size: 0201807010559,5,2,
Pattern Matcher : 355
201807010607,2,2,201807010630,3,2,multi: 1

boundary size: 0201807010657,5,2,
Pattern Matcher : 356
201807010607,2,2,201807010630,3,2,multi: 1

boundary size: 0201807010658,5,2,
Pattern Matcher : 357
201807010607,2,2,201807010630,3,2,multi: 1

boundary size: 0201807010659,5,2,
Pattern Matcher : 358
201807010607,2,2,201807010630,3,2,multi: 1

boundary size: 0201807010659,5,2,
Pattern Matcher : 359
201807010607,2,2,201807010630,3,2,multi: 1

boundary size: 0201807010659,5,2,
Pattern Matcher : 360
201807010607,2,2,201807010630,3,2,multi: 1

boundary size: 1
boundary: POLYGON((-122.239 38.6757,-122.239 38.6847,-122.239 38.6937,-122.228 38.7118,-122.228 38.7208,-122.216 38.7208,-122.205 38.7208,-122.193 38.7118,-122.182 38.6937,-122.159 38.6847,-122.159 38.6757,-122.17 38.6667,-122.182 38.6667,-122.216 38.6667,-122.239 38.6757))
201807010659,5,2,
Pattern Matcher : 361
201807010607,2,2,201807010630,3,2,multi: 1

boundary size: 0201807010659,5,2,
Pattern Matcher : 362
201807010607,2,2,201807010630,3,2,multi: 1

boundary size: 0201807010659,5,2,
Pattern Matcher : 363
201807010607,2,2,201807010630,3,2,multi: 1

boundary size: 0201807010659,5,2,
Pattern Matcher : 364
201807010711,2,2,201807010731,3,2,multi: 1

boundary size: 0201807010759,5,2,
Pattern Matcher : 365
201807010711,2,2,201807010731,3,2,multi: 1

boundary size: 0201807010759,5,2,
Pattern Matcher : 366
201807010711,2,2,201807010731,3,2,multi: 1

boundary size: 0201807010759,5,2,
Pattern Matcher : 367
201807010711,2,2,201807010731,3,2,multi: 1

boundary size: 1
boundary: POLYGON((-122.239 38.6757,-122.239 38.6847,-122.239 38.6937,-122.228 38.7118,-122.228 38.7208,-122.216 38.7208,-122.205 38.7208,-122.193 38.7118,-122.17 38.7208,-122.147 38.7118,-122.147 38.7027,-122.147 38.6937,-122.159 38.6757,-122.17 38.6667,-122.182 38.6667,-122.216 38.6667,-122.239 38.6757))
201807010759,5,2,
Pattern Matcher : 368
201807010711,2,2,201807010731,3,2,multi: 1

boundary size: 0201807010759,5,2,
Pattern Matcher : 369
201807010711,2,2,201807010731,3,2,multi: 1

boundary size: 0201807010759,5,2,
Pattern Matcher : 370
201807010711,2,2,201807010731,3,2,multi: 1

boundary size: 0201807010759,5,2,
Pattern Matcher : 371
201807010711,2,2,201807010731,3,2,multi: 1

boundary size: 0201807010759,5,2,
Pattern Matcher : 372
201807010711,2,2,201807010731,3,2,multi: 1

boundary size: 0201807010759,5,2,
Pattern Matcher : 373
201807010711,2,2,201807010731,3,2,multi: 1

boundary size: 0201807010759,5,2,
Pattern Matcher : 374
201807010711,2,2,201807010731,3,2,multi: 1

boundary size: 0201807010759,5,2,
Pattern Matcher : 375
201807010807,2,2,201807010824,3,2,multi: 1

boundary size: 0201807010853,5,2,
Pattern Matcher : 376
201807010807,2,2,201807010824,3,2,multi: 1

boundary size: 1
boundary: POLYGON((-122.255 38.7334,-122.262 38.7388,-122.262 38.7478,-122.251 38.7478,-122.239 38.7478,-122.228 38.7479,-122.228 38.7388,-122.205 38.7208,-122.193 38.7118,-122.17 38.7208,-122.147 38.7118,-122.147 38.7027,-122.147 38.6937,-122.159 38.6757,-122.17 38.6667,-122.182 38.6667,-122.193 38.6757,-122.205 38.6937,-122.228 38.7027,-122.228 38.7118,-122.251 38.7296,-122.251 38.7298,-122.255 38.7334))
201807010855,5,2,
Pattern Matcher : 377
201807010807,2,2,201807010824,3,2,multi: 1

boundary size: 0201807010856,5,2,
Pattern Matcher : 378
201807010807,2,2,201807010824,3,2,multi: 1

boundary size: 0201807010859,5,2,
Pattern Matcher : 379
201807010807,2,2,201807010824,3,2,multi: 1

boundary size: 0201807010859,5,2,
Pattern Matcher : 380
201807010807,2,2,201807010824,3,2,multi: 1

boundary size: 0201807010859,5,2,
Pattern Matcher : 381
201807010807,2,2,201807010824,3,2,multi: 1

boundary size: 0201807010859,5,2,
Pattern Matcher : 382
201807010807,2,2,201807010824,3,2,multi: 1

boundary size: 0201807010859,5,2,
Pattern Matcher : 383
201807010807,2,2,201807010824,3,2,multi: 1

boundary size: 0201807010859,5,2,
Pattern Matcher : 384
201807010807,2,2,201807010824,3,2,multi: 1

boundary size: 0201807010859,5,2,
Pattern Matcher : 385
201807010908,2,2,201807010930,3,2,multi: 1

boundary size: 0201807010959,5,2,
Pattern Matcher : 386
201807010908,2,2,201807010930,3,2,multi: 1

boundary size: 0201807010959,5,2,
Pattern Matcher : 387
201807010908,2,2,201807010930,3,2,multi: 1

boundary size: 1
boundary: POLYGON((-122.267 38.7068,-122.274 38.7117,-122.274 38.7208,-122.274 38.7209,-122.262 38.7298,-122.251 38.7208,-122.239 38.7208,-122.228 38.7208,-122.216 38.7208,-122.205 38.7208,-122.193 38.7118,-122.193 38.7028,-122.205 38.6937,-122.228 38.7027,-122.239 38.7027,-122.251 38.7027,-122.262 38.7027,-122.267 38.7068))
201807010959,5,2,
Pattern Matcher : 388
201807010908,2,2,201807010930,3,2,multi: 1

boundary size: 0201807010959,5,2,
Pattern Matcher : 389
201807010908,2,2,201807010930,3,2,multi: 1

boundary size: 0201807010959,5,2,
Pattern Matcher : 390
201807010908,2,2,201807010930,3,2,multi: 1

boundary size: 0201807010959,5,2,
Pattern Matcher : 391
201807010908,2,2,201807010930,3,2,multi: 1

boundary size: 0201807010959,5,2,
Pattern Matcher : 392
201807010908,2,2,201807010930,3,2,multi: 1

boundary size: 0201807010959,5,2,
Pattern Matcher : 393
201807010908,2,2,201807010930,3,2,multi: 1

boundary size: 0201807010959,5,2,
Pattern Matcher : 394
201807010908,2,2,201807010930,3,2,multi: 1

boundary size: 0201807010959,5,2,
Pattern Matcher : 395
201807010908,2,2,201807010930,3,2,multi: 1

boundary size: 0201807010959,5,2,
Pattern Matcher : 396
201807010908,2,2,201807010930,3,2,multi: 1

boundary size: 0201807010959,5,2,
Pattern Matcher : 397
201807010908,2,2,201807010930,3,2,multi: 1

boundary size: 0201807010959,5,2,
Pattern Matcher : 398
201807010908,2,2,201807010930,3,2,multi: 1

boundary size: 0201807010959,5,2,
Pattern Matcher : 399
201807010908,2,2,201807010930,3,2,multi: 1

boundary size: 0201807010959,5,2,
Pattern Matcher : 400
201807010908,2,2,201807010930,3,2,multi: 1

boundary size: 0201807010959,5,2,
Pattern Matcher : 401
201807010908,2,2,201807010930,3,2,multi: 1

boundary size: 0201807010959,5,2,
Pattern Matcher : 402
201807010908,2,2,201807010930,3,2,multi: 1

boundary size: 0201807010959,5,2,
Pattern Matcher : 403
201807010908,2,2,201807010930,3,2,multi: 1

boundary size: 0201807010959,5,2,
Pattern Matcher : 404
201807010908,2,2,201807010930,3,2,multi: 1

boundary size: 0201807010959,5,2,
Pattern Matcher : 405
201807010908,2,2,201807010930,3,2,multi: 1

boundary size: 0201807010959,5,2,
Pattern Matcher : 406
201807010908,2,2,201807010930,3,2,multi: 1

boundary size: 0201807010959,5,2,
Pattern Matcher : 407
201807011007,2,2,201807011045,3,2,multi: 1

boundary size: 0201807011059,5,2,
Pattern Matcher : 408
201807011007,2,2,201807011045,3,2,multi: 1

boundary size: 0201807011059,5,2,
Pattern Matcher : 409
201807011007,2,2,201807011045,3,2,multi: 1

boundary size: 1
boundary: POLYGON((-122.285 38.7839,-122.274 38.7749,-122.262 38.7749,-122.251 38.7749,-122.228 38.7479,-122.228 38.7388,-122.228 38.7298,-122.239 38.7298,-122.251 38.7298,-122.262 38.7388,-122.285 38.7568,-122.297 38.7659,-122.285 38.7839))
201807011059,5,2,
Pattern Matcher : 410
201807011007,2,2,201807011045,3,2,multi: 1

boundary size: 0201807011059,5,2,
Pattern Matcher : 411
201807011007,2,2,201807011045,3,2,multi: 1

boundary size: 0201807011059,5,2,
Pattern Matcher : 412
201807011007,2,2,201807011045,3,2,multi: 1

boundary size: 0201807011059,5,2,
Pattern Matcher : 413
201807011007,2,2,201807011045,3,2,multi: 1

boundary size: 0201807011059,5,2,
Pattern Matcher : 414
201807011007,2,2,201807011045,3,2,multi: 1

boundary size: 0201807011059,5,2,
Pattern Matcher : 415
201807011007,2,2,201807011045,3,2,multi: 1

boundary size: 0201807011059,5,2,
Pattern Matcher : 416
201807011007,2,2,201807011045,3,2,multi: 1

boundary size: 0201807011059,5,2,
Pattern Matcher : 417
201807011007,2,2,201807011045,3,2,multi: 1

boundary size: 0201807011059,5,2,
Pattern Matcher : 418
201807011007,2,2,201807011045,3,2,multi: 1

boundary size: 0201807011059,5,2,
Pattern Matcher : 419
201807011007,2,2,201807011045,3,2,multi: 1

boundary size: 0201807011059,5,2,
Pattern Matcher : 420
201807011007,2,2,201807011045,3,2,multi: 1

boundary size: 0201807011059,5,2,
Pattern Matcher : 421
201807011106,2,2,201807011157,3,2,multi: 1

boundary size: 0201807011159,5,2,
Pattern Matcher : 422
201807011106,2,2,201807011157,3,2,multi: 1

boundary size: 1
boundary: POLYGON((-122.216 38.6486,-122.216 38.6576,-122.205 38.6667,-122.193 38.6667,-122.182 38.6576,-122.182 38.6486,-122.182 38.6396,-122.193 38.6396,-122.216 38.6486))
201807011159,5,2,
Pattern Matcher : 423
201807011106,2,2,201807011157,3,2,multi: 1

boundary size: 0201807011159,5,2,
Pattern Matcher : 424
201807011106,2,2,201807011157,3,2,multi: 1

boundary size: 0201807011159,5,2,
Pattern Matcher : 425
201807011106,2,2,201807011157,3,2,multi: 1

boundary size: 0201807011159,5,2,
Pattern Matcher : 426
201807011106,2,2,201807011157,3,2,multi: 1

boundary size: 0201807011159,5,2,
Pattern Matcher : 427
201807011106,2,2,201807011157,3,2,multi: 1

boundary size: 0201807011159,5,2,
Pattern Matcher : 428
201807011106,2,2,201807011157,3,2,multi: 1

boundary size: 0201807011159,5,2,
Pattern Matcher : 429
201807011106,2,2,201807011157,3,2,multi: 1

boundary size: 0201807011159,5,2,
Pattern Matcher : 430
201807011206,2,2,201807011259,3,2,multi: 1

boundary size: 0201807011259,5,2,
Pattern Matcher : 431
201807011206,2,2,201807011259,3,2,multi: 1

boundary size: 1
boundary: POLYGON((-122.216 38.6572,-122.216 38.6576,-122.205 38.6667,-122.193 38.6667,-122.182 38.6576,-122.17 38.6396,-122.147 38.6306,-122.147 38.6216,-122.147 38.6125,-122.193 38.6125,-122.193 38.6125,-122.193 38.6396,-122.216 38.6486,-122.216 38.6572))
201807011259,5,2,
Pattern Matcher : 432
201807011206,2,2,201807011259,3,2,multi: 1

boundary size: 0201807011259,5,2,
Pattern Matcher : 433
201807011206,2,2,201807011259,3,2,multi: 1

boundary size: 0201807011259,5,2,
Pattern Matcher : 434
201807011307,2,2,201807011359,3,2,multi: 1

boundary size: 1
boundary: POLYGON((-122.205 38.6125,-122.205 38.6125,-122.228 38.6215,-122.228 38.6306,-122.228 38.6308,-122.228 38.6396,-122.216 38.6576,-122.205 38.6667,-122.193 38.6667,-122.182 38.6576,-122.17 38.6396,-122.147 38.6306,-122.147 38.6216,-122.124 38.6035,-122.113 38.6035,-122.113 38.5854,-122.124 38.5855,-122.136 38.5855,-122.147 38.5855,-122.147 38.5945,-122.17 38.6125,-122.205 38.6125))
201807011359,5,2,
Pattern Matcher : 435
201807011459,2,2,201807011459,3,2,multi: 1

boundary size: 0201807011459,5,2,
Pattern Matcher : 436
201807011459,2,2,201807011459,3,2,multi: 1

boundary size: 1
boundary: POLYGON((-122.185 38.5882,-122.193 38.5945,-122.193 38.6035,-122.193 38.6125,-122.193 38.6396,-122.216 38.6486,-122.216 38.6576,-122.239 38.6757,-122.239 38.6847,-122.239 38.6937,-122.228 38.6937,-122.216 38.6937,-122.205 38.6847,-122.193 38.6667,-122.182 38.6576,-122.17 38.6396,-122.147 38.6306,-122.147 38.6216,-122.124 38.6035,-122.113 38.6035,-122.113 38.5945,-122.113 38.5854,-122.124 38.5855,-122.182 38.5855,-122.185 38.5882))
201807011459,5,2,
Pattern Matcher : 437
201807011459,2,2,201807011459,3,2,multi: 1

boundary size: 0201807011459,5,2,
Pattern Matcher : 438
201807011459,2,2,201807011459,3,2,multi: 1

boundary size: 0201807011459,5,2,
Pattern Matcher : 439
201807011459,2,2,201807011459,3,2,multi: 1

boundary size: 0201807011459,5,2,
Pattern Matcher : 440
201807011559,2,2,201807011559,3,2,multi: 1

boundary size: 0201807011559,5,2,
Pattern Matcher : 441
201807011559,2,2,201807011559,3,2,multi: 1

boundary size: 0201807011559,5,2,
Pattern Matcher : 442
201807011559,2,2,201807011559,3,2,multi: 1

boundary size: 0201807011559,5,2,
Pattern Matcher : 443
201807011559,2,2,201807011559,3,2,multi: 1

boundary size: 1
boundary: POLYGON((-122.185 38.5882,-122.193 38.5945,-122.193 38.6035,-122.193 38.6125,-122.193 38.6396,-122.216 38.6486,-122.216 38.6576,-122.239 38.6757,-122.239 38.6847,-122.239 38.6937,-122.228 38.6937,-122.216 38.6937,-122.205 38.6847,-122.193 38.6667,-122.182 38.6576,-122.182 38.6486,-122.182 38.6396,-122.182 38.6125,-122.159 38.6035,-122.147 38.6035,-122.136 38.6035,-122.124 38.6035,-122.113 38.6035,-122.113 38.5945,-122.113 38.5854,-122.124 38.5855,-122.182 38.5855,-122.185 38.5882))
201807011559,5,2,
Pattern Matcher : 444
201807011559,2,2,201807011559,3,2,multi: 1

boundary size: 0201807011559,5,2,
Pattern Matcher : 445
201807011559,2,2,201807011559,3,2,multi: 1

boundary size: 0201807011559,5,2,
Pattern Matcher : 446
201807011559,2,2,201807011559,3,2,multi: 1

boundary size: 0201807011559,5,2,
Pattern Matcher : 447
201807011559,2,2,201807011559,3,2,multi: 1

boundary size: 0201807011559,5,2,
Pattern Matcher : 448
201807011559,2,2,201807011559,3,2,multi: 1

boundary size: 0201807011559,5,2,
Pattern Matcher : 449
201807011559,2,2,201807011559,3,2,multi: 1

boundary size: 0201807011559,5,2,
Pattern Matcher : 450
201807011559,2,2,201807011559,3,2,multi: 1

boundary size: 0201807011559,5,2,
Pattern Matcher : 451
201807011659,2,2,201807011659,3,2,201807011659,5,2,
Pattern Matcher : 452
201807011659,2,2,201807011659,3,2,201807011659,5,2,
Pattern Matcher : 453
201807011659,2,2,201807011659,3,2,201807011659,5,2,
Pattern Matcher : 454
201807011659,2,2,201807011659,3,2,201807011659,5,2,
Pattern Matcher : 455
201807011659,2,2,201807011659,3,2,multi: 1

boundary size: 0201807011659,5,2,
Pattern Matcher : 456
201807011659,2,2,201807011659,3,2,201807011659,5,2,
Pattern Matcher : 457
201807011659,2,2,201807011659,3,2,201807011659,5,2,
Pattern Matcher : 458
201807011659,2,2,201807011659,3,2,201807011659,5,2,
Pattern Matcher : 459
201807011659,2,2,201807011659,3,2,201807011659,5,2,
Pattern Matcher : 460
201807011659,2,2,201807011659,3,2,201807011659,5,2,
Pattern Matcher : 461
201807011659,2,2,201807011659,3,2,multi: 1

boundary size: 1
boundary: POLYGON((-122.182 38.6486,-122.182 38.6396,-122.193 38.6396,-122.216 38.6486,-122.216 38.6576,-122.205 38.6667,-122.193 38.6667,-122.182 38.6576,-122.182 38.6486))
201807011659,5,2,
Pattern Matcher : 462
201807011659,2,2,201807011659,3,2,201807011659,5,2,
Pattern Matcher : 463
201807011659,2,2,201807011659,3,2,201807011659,5,2,
Pattern Matcher : 464
201807011659,2,2,201807011659,3,2,201807011659,5,2,
Pattern Matcher : 465
201807011659,2,2,201807011659,3,2,201807011659,5,2,
Pattern Matcher : 466
201807011659,2,2,201807011659,3,2,201807011659,5,2,
Pattern Matcher : 467
201807011659,2,2,201807011659,3,2,multi: 1

boundary size: 0201807011659,5,2,
Pattern Matcher : 468
201807011659,2,2,201807011659,3,2,201807011659,5,2,
Pattern Matcher : 469
201807011659,2,2,201807011659,3,2,201807011659,5,2,
Pattern Matcher : 470
201807011659,2,2,201807011659,3,2,201807011659,5,2,
Pattern Matcher : 471
201807011659,2,2,201807011659,3,2,201807011659,5,2,
Pattern Matcher : 472
201807011659,2,2,201807011659,3,2,201807011659,5,2,
Pattern Matcher : 473
201807011659,2,2,201807011659,3,2,multi: 1

boundary size: 0201807011659,5,2,
Pattern Matcher : 474
201807011659,2,2,201807011659,3,2,201807011659,5,2,
Pattern Matcher : 475
201807011659,2,2,201807011659,3,2,201807011659,5,2,
Pattern Matcher : 476
201807011659,2,2,201807011659,3,2,201807011659,5,2,
Pattern Matcher : 477
201807011659,2,2,201807011659,3,2,201807011659,5,2,
Pattern Matcher : 478
201807011659,2,2,201807011659,3,2,201807011659,5,2,
Pattern Matcher : 479
201807011659,2,2,201807011659,3,2,multi: 1

boundary size: 0201807011659,5,2,
Pattern Matcher : 480
201807011659,2,2,201807011659,3,2,201807011659,5,2,
Pattern Matcher : 481
201807011659,2,2,201807011659,3,2,201807011659,5,2,
Pattern Matcher : 482
201807011659,2,2,201807011659,3,2,201807011659,5,2,
Pattern Matcher : 483
201807011659,2,2,201807011659,3,2,201807011659,5,2,
Pattern Matcher : 484
201807011659,2,2,201807011659,3,2,201807011659,5,2,
Pattern Matcher : 485
201807011659,2,2,201807011659,3,2,multi: 1

boundary size: 0201807011659,5,2,
Pattern Matcher : 486
201807011659,2,2,201807011659,3,2,201807011659,5,2,
Pattern Matcher : 487
201807011659,2,2,201807011659,3,2,201807011659,5,2,
Pattern Matcher : 488
201807011659,2,2,201807011659,3,2,201807011659,5,2,
Pattern Matcher : 489
201807011659,2,2,201807011659,3,2,201807011659,5,2,
Pattern Matcher : 490
201807011659,2,2,201807011659,3,2,201807011659,5,2,
Pattern Matcher : 491
201807011659,2,2,201807011659,3,2,multi: 1

boundary size: 0201807011659,5,2,
Pattern Matcher : 492
201807011659,2,2,201807011659,3,2,201807011659,5,2,
Pattern Matcher : 493
201807011659,2,2,201807011659,3,2,201807011659,5,2,
Pattern Matcher : 494
201807011659,2,2,201807011659,3,2,201807011659,5,2,
Pattern Matcher : 495
201807011659,2,2,201807011659,3,2,201807011659,5,2,
Pattern Matcher : 496
201807011659,2,2,201807011659,3,2,201807011659,5,2,
Pattern Matcher : 497
201807011659,2,2,201807011659,3,2,multi: 1

boundary size: 0201807011659,5,2,
Pattern Matcher : 498
201807011659,2,2,201807011659,3,2,201807011659,5,2,
Pattern Matcher : 499
201807011759,2,2,201807011759,3,2,201807011759,5,2,
Pattern Matcher : 500
201807011759,2,2,201807011759,3,2,201807011759,5,2,
Pattern Matcher : 501
201807011759,2,2,201807011759,3,2,201807011759,5,2,
Pattern Matcher : 502
201807011759,2,2,201807011759,3,2,201807011759,5,2,
Pattern Matcher : 503
201807011759,2,2,201807011759,3,2,201807011759,5,2,
Pattern Matcher : 504
201807011759,2,2,201807011759,3,2,201807011759,5,2,
Pattern Matcher : 505
201807011759,2,2,201807011759,3,2,201807011759,5,2,
Pattern Matcher : 506
201807011759,2,2,201807011759,3,2,201807011759,5,2,
Pattern Matcher : 507
201807011759,2,2,201807011759,3,2,multi: 1

boundary size: 1
boundary: POLYGON((-122.159 38.6937,-122.17 38.6937,-122.182 38.7028,-122.182 38.7118,-122.17 38.7208,-122.147 38.7118,-122.147 38.7027,-122.147 38.6937,-122.159 38.6937))
201807011759,5,2,
Pattern Matcher : 508
201807011759,2,2,201807011759,3,2,201807011759,5,2,
Pattern Matcher : 509
201807011759,2,2,201807011759,3,2,201807011759,5,2,
Pattern Matcher : 510
201807011759,2,2,201807011759,3,2,201807011759,5,2,
Pattern Matcher : 511
201807011759,2,2,201807011759,3,2,201807011759,5,2,
Pattern Matcher : 512
201807011759,2,2,201807011759,3,2,201807011759,5,2,
Pattern Matcher : 513
201807011759,2,2,201807011759,3,2,201807011759,5,2,
Pattern Matcher : 514
201807011759,2,2,201807011759,3,2,201807011759,5,2,
Pattern Matcher : 515
201807011759,2,2,201807011759,3,2,201807011759,5,2,
Pattern Matcher : 516
201807011759,2,2,201807011759,3,2,201807011759,5,2,
Pattern Matcher : 517
201807011759,2,2,201807011759,3,2,multi: 1

boundary size: 0201807011759,5,2,
Pattern Matcher : 518
201807011759,2,2,201807011759,3,2,201807011759,5,2,
Pattern Matcher : 519
201807011759,2,2,201807011759,3,2,201807011759,5,2,
Pattern Matcher : 520
201807011759,2,2,201807011759,3,2,201807011759,5,2,
Pattern Matcher : 521
201807011759,2,2,201807011759,3,2,201807011759,5,2,
Pattern Matcher : 522
201807011759,2,2,201807011759,3,2,201807011759,5,2,
Pattern Matcher : 523
201807011759,2,2,201807011759,3,2,201807011759,5,2,
Pattern Matcher : 524
201807011759,2,2,201807011759,3,2,201807011759,5,2,
Pattern Matcher : 525
201807011759,2,2,201807011759,3,2,201807011759,5,2,
Pattern Matcher : 526
201807011759,2,2,201807011759,3,2,201807011759,5,2,
Pattern Matcher : 527
201807011759,2,2,201807011759,3,2,multi: 1

boundary size: 0201807011759,5,2,
Pattern Matcher : 528
201807011759,2,2,201807011759,3,2,201807011759,5,2,
Pattern Matcher : 529
201807011759,2,2,201807011759,3,2,201807011759,5,2,
Pattern Matcher : 530
201807011759,2,2,201807011759,3,2,201807011759,5,2,
Pattern Matcher : 531
201807011759,2,2,201807011759,3,2,201807011759,5,2,
Pattern Matcher : 532
201807011759,2,2,201807011759,3,2,201807011759,5,2,
Pattern Matcher : 533
201807011759,2,2,201807011759,3,2,201807011759,5,2,
Pattern Matcher : 534
201807011759,2,2,201807011759,3,2,201807011759,5,2,
Pattern Matcher : 535
201807011759,2,2,201807011759,3,2,201807011759,5,2,
Pattern Matcher : 536
201807011759,2,2,201807011759,3,2,201807011759,5,2,
Pattern Matcher : 537
201807011759,2,2,201807011759,3,2,multi: 1

boundary size: 0201807011759,5,2,
Pattern Matcher : 538
201807011759,2,2,201807011759,3,2,201807011759,5,2,
Pattern Matcher : 539
201807011759,2,2,201807011759,3,2,201807011759,5,2,
Pattern Matcher : 540
201807011759,2,2,201807011759,3,2,201807011759,5,2,
Pattern Matcher : 541
201807011759,2,2,201807011759,3,2,201807011759,5,2,
Pattern Matcher : 542
201807011759,2,2,201807011759,3,2,201807011759,5,2,
Pattern Matcher : 543
201807011759,2,2,201807011759,3,2,201807011759,5,2,
Pattern Matcher : 544
201807011759,2,2,201807011759,3,2,201807011759,5,2,
Pattern Matcher : 545
201807011759,2,2,201807011759,3,2,201807011759,5,2,
Pattern Matcher : 546
201807011759,2,2,201807011759,3,2,201807011759,5,2,
Pattern Matcher : 547
201807011759,2,2,201807011759,3,2,multi: 1

boundary size: 0201807011759,5,2,
Pattern Matcher : 548
201807011759,2,2,201807011759,3,2,201807011759,5,2,
Pattern Matcher : 549
201807011759,2,2,201807011759,3,2,201807011759,5,2,
Pattern Matcher : 550
201807011759,2,2,201807011759,3,2,201807011759,5,2,
Pattern Matcher : 551
201807011759,2,2,201807011759,3,2,201807011759,5,2,
Pattern Matcher : 552
201807011759,2,2,201807011759,3,2,201807011759,5,2,
Pattern Matcher : 553
201807011759,2,2,201807011759,3,2,201807011759,5,2,
Pattern Matcher : 554
201807011759,2,2,201807011759,3,2,201807011759,5,2,
Pattern Matcher : 555
201807011759,2,2,201807011759,3,2,201807011759,5,2,
Pattern Matcher : 556
201807011759,2,2,201807011759,3,2,201807011759,5,2,
Pattern Matcher : 557
201807011759,2,2,201807011759,3,2,multi: 1

boundary size: 0201807011759,5,2,
Pattern Matcher : 558
201807011759,2,2,201807011759,3,2,201807011759,5,2,
Pattern Matcher : 559
201807011759,2,2,201807011759,3,2,201807011759,5,2,
Pattern Matcher : 560
201807011759,2,2,201807011759,3,2,201807011759,5,2,
Pattern Matcher : 561
201807011759,2,2,201807011759,3,2,201807011759,5,2,
Pattern Matcher : 562
201807011759,2,2,201807011759,3,2,201807011759,5,2,
Pattern Matcher : 563
201807011759,2,2,201807011759,3,2,201807011759,5,2,
Pattern Matcher : 564
201807011759,2,2,201807011759,3,2,201807011759,5,2,
Pattern Matcher : 565
201807011759,2,2,201807011759,3,2,201807011759,5,2,
Pattern Matcher : 566
201807011759,2,2,201807011759,3,2,201807011759,5,2,
Pattern Matcher : 567
201807011759,2,2,201807011759,3,2,multi: 1

boundary size: 0201807011759,5,2,
Pattern Matcher : 568
201807011759,2,2,201807011759,3,2,201807011759,5,2,
Pattern Matcher : 569
201807011759,2,2,201807011759,3,2,201807011759,5,2,
Pattern Matcher : 570
201807011759,2,2,201807011759,3,2,201807011759,5,2,
Pattern Matcher : 571
201807011759,2,2,201807011759,3,2,201807011759,5,2,
Pattern Matcher : 572
201807011759,2,2,201807011759,3,2,201807011759,5,2,
Pattern Matcher : 573
201807011759,2,2,201807011759,3,2,201807011759,5,2,
Pattern Matcher : 574
201807011759,2,2,201807011759,3,2,201807011759,5,2,
Pattern Matcher : 575
201807011759,2,2,201807011759,3,2,201807011759,5,2,
Pattern Matcher : 576
201807011759,2,2,201807011759,3,2,201807011759,5,2,
Pattern Matcher : 577
201807011759,2,2,201807011759,3,2,multi: 1

boundary size: 0201807011759,5,2,
Pattern Matcher : 578
201807011759,2,2,201807011759,3,2,201807011759,5,2,
Pattern Matcher : 579
201807011859,2,2,201807011859,3,2,201807011859,5,2,
Pattern Matcher : 580
201807011859,2,2,201807011859,3,2,201807011859,5,2,
Pattern Matcher : 581
201807011859,2,2,201807011859,3,2,201807011859,5,2,
Pattern Matcher : 582
201807011859,2,2,201807011859,3,2,201807011859,5,2,
Pattern Matcher : 583
201807011859,2,2,201807011859,3,2,201807011859,5,2,
Pattern Matcher : 584
201807011859,2,2,201807011859,3,2,201807011859,5,2,
Pattern Matcher : 585
201807011859,2,2,201807011859,3,2,201807011859,5,2,
Pattern Matcher : 586
201807011859,2,2,201807011859,3,2,201807011859,5,2,
Pattern Matcher : 587
201807011859,2,2,201807011859,3,2,201807011859,5,2,
Pattern Matcher : 588
201807011859,2,2,201807011859,3,2,201807011859,5,2,
Pattern Matcher : 589
201807011859,2,2,201807011859,3,2,201807011859,5,2,
Pattern Matcher : 590
201807011859,2,2,201807011859,3,2,201807011859,5,2,
Pattern Matcher : 591
201807011859,2,2,201807011859,3,2,201807011859,5,2,
Pattern Matcher : 592
201807011859,2,2,201807011859,3,2,201807011859,5,2,
Pattern Matcher : 593
201807011859,2,2,201807011859,3,2,201807011859,5,2,
Pattern Matcher : 594
201807011859,2,2,201807011859,3,2,201807011859,5,2,
Pattern Matcher : 595
201807011859,2,2,201807011859,3,2,201807011859,5,2,
Pattern Matcher : 596
201807011859,2,2,201807011859,3,2,201807011859,5,2,
Pattern Matcher : 597
201807011859,2,2,201807011859,3,2,201807011859,5,2,
Pattern Matcher : 598
201807011859,2,2,201807011859,3,2,201807011859,5,2,
Pattern Matcher : 599
201807011859,2,2,201807011859,3,2,201807011859,5,2,
Pattern Matcher : 600
201807011859,2,2,201807011859,3,2,201807011859,5,2,
Pattern Matcher : 601
201807011859,2,2,201807011859,3,2,201807011859,5,2,
Pattern Matcher : 602
201807011859,2,2,201807011859,3,2,201807011859,5,2,
Pattern Matcher : 603
201807011859,2,2,201807011859,3,2,201807011859,5,2,
Pattern Matcher : 604
201807011859,2,2,201807011859,3,2,201807011859,5,2,
Pattern Matcher : 605
201807011859,2,2,201807011859,3,2,201807011859,5,2,
Pattern Matcher : 606
201807011859,2,2,201807011859,3,2,201807011859,5,2,
Pattern Matcher : 607
201807011859,2,2,201807011859,3,2,201807011859,5,2,
Pattern Matcher : 608
201807011859,2,2,201807011859,3,2,201807011859,5,2,
Pattern Matcher : 609
201807011859,2,2,201807011859,3,2,201807011859,5,2,
Pattern Matcher : 610
201807011859,2,2,201807011859,3,2,201807011859,5,2,
Pattern Matcher : 611
201807011859,2,2,201807011859,3,2,201807011859,5,2,
Pattern Matcher : 612
201807011859,2,2,201807011859,3,2,201807011859,5,2,
Pattern Matcher : 613
201807011859,2,2,201807011859,3,2,201807011859,5,2,
Pattern Matcher : 614
201807011859,2,2,201807011859,3,2,201807011859,5,2,
Pattern Matcher : 615
201807011859,2,2,201807011859,3,2,201807011859,5,2,
Pattern Matcher : 616
201807011859,2,2,201807011859,3,2,201807011859,5,2,
Pattern Matcher : 617
201807011859,2,2,201807011859,3,2,201807011859,5,2,
Pattern Matcher : 618
201807011859,2,2,201807011859,3,2,201807011859,5,2,
Pattern Matcher : 619
201807011959,2,2,201807011959,3,2,201807011959,5,2,
Pattern Matcher : 620
201807011959,2,2,201807011959,3,2,201807011959,5,2,
Pattern Matcher : 621
201807011959,2,2,201807011959,3,2,201807011959,5,2,
Pattern Matcher : 622
201807011959,2,2,201807011959,3,2,201807011959,5,2,
Pattern Matcher : 623
201807011959,2,2,201807011959,3,2,201807011959,5,2,
Pattern Matcher : 624
201807011959,2,2,201807011959,3,2,201807011959,5,2,
Pattern Matcher : 625
201807012059,2,2,201807012059,3,2,201807012059,5,2,
Pattern Matcher : 626
201807012059,2,2,201807012059,3,2,201807012059,5,2,
Pattern Matcher : 627
201807012059,2,2,201807012059,3,2,201807012059,5,2,
Pattern Matcher : 628
201807012059,2,2,201807012059,3,2,201807012059,5,2,
Pattern Matcher : 629
201807012059,2,2,201807012059,3,2,201807012059,5,2,
Pattern Matcher : 630
201807012159,2,2,201807012159,3,2,201807012159,5,2,
Pattern Matcher : 631
201807012159,2,2,201807012159,3,2,201807012159,5,2,
Pattern Matcher : 632
201807012159,2,2,201807012159,3,2,201807012159,5,2,
Pattern Matcher : 633
201807012159,2,2,201807012159,3,2,201807012159,5,2,
Pattern Matcher : 634
201807012159,2,2,201807012159,3,2,201807012159,5,2,
Pattern Matcher : 635
201807012159,2,2,201807012159,3,2,201807012159,5,2,
Pattern Matcher : 636
201807012159,2,2,201807012159,3,2,201807012159,5,2,
Pattern Matcher : 637
201807012159,2,2,201807012159,3,2,201807012159,5,2,
Pattern Matcher : 638
201807012159,2,2,201807012159,3,2,201807012159,5,2,
Pattern Matcher : 639
201807012159,2,2,201807012159,3,2,201807012159,5,2,
Pattern Matcher : 640
201807012159,2,2,201807012159,3,2,201807012159,5,2,
Pattern Matcher : 641
201807012159,2,2,201807012159,3,2,201807012159,5,2,
Pattern Matcher : 642
201807012159,2,2,201807012159,3,2,201807012159,5,2,
Pattern Matcher : 643
201807012159,2,2,201807012159,3,2,201807012159,5,2,
Pattern Matcher : 644
201807012159,2,2,201807012159,3,2,201807012159,5,2,
Pattern Matcher : 645
201807012159,2,2,201807012159,3,2,201807012159,5,2,
Pattern Matcher : 646
201807012159,2,2,201807012159,3,2,201807012159,5,2,
Pattern Matcher : 647
201807012159,2,2,201807012159,3,2,201807012159,5,2,
Pattern Matcher : 648
201807012159,2,2,201807012159,3,2,201807012159,5,2,
Pattern Matcher : 649
201807012159,2,2,201807012159,3,2,201807012159,5,2,
Pattern Matcher : 650
201807012159,2,2,201807012159,3,2,201807012159,5,2,
Pattern Matcher : 651
201807012159,2,2,201807012159,3,2,201807012159,5,2,
Pattern Matcher : 652
201807012159,2,2,201807012159,3,2,201807012159,5,2,
Pattern Matcher : 653
201807012159,2,2,201807012159,3,2,201807012159,5,2,
Pattern Matcher : 654
201807012159,2,2,201807012159,3,2,201807012159,5,2,
Pattern Matcher : 655
201807012159,2,2,201807012159,3,2,201807012159,5,2,
Pattern Matcher : 656
201807012159,2,2,201807012159,3,2,201807012159,5,2,
Pattern Matcher : 657
201807012159,2,2,201807012159,3,2,201807012159,5,2,
Pattern Matcher : 658
201807012159,2,2,201807012159,3,2,201807012159,5,2,
Pattern Matcher : 659
201807012159,2,2,201807012159,3,2,201807012159,5,2,
Pattern Matcher : 660
201807012159,2,2,201807012159,3,2,201807012159,5,2,
Pattern Matcher : 661
201807012159,2,2,201807012159,3,2,201807012159,5,2,
Pattern Matcher : 662
201807012159,2,2,201807012159,3,2,201807012159,5,2,
Pattern Matcher : 663
201807012159,2,2,201807012159,3,2,201807012159,5,2,
Pattern Matcher : 664
201807012159,2,2,201807012159,3,2,201807012159,5,2,
Pattern Matcher : 665
201807012159,2,2,201807012159,3,2,201807012159,5,2,
Pattern Matcher : 666
201807012159,2,2,201807012159,3,2,201807012159,5,2,
Pattern Matcher : 667
201807012159,2,2,201807012159,3,2,201807012159,5,2,
Pattern Matcher : 668
201807012159,2,2,201807012159,3,2,201807012159,5,2,
Pattern Matcher : 669
201807012159,2,2,201807012159,3,2,201807012159,5,2,
Pattern Matcher : 670
201807012159,2,2,201807012159,3,2,201807012159,5,2,
Pattern Matcher : 671
201807012159,2,2,201807012159,3,2,201807012159,5,2,
Pattern Matcher : 672
201807012159,2,2,201807012159,3,2,201807012159,5,2,
Pattern Matcher : 673
201807012159,2,2,201807012159,3,2,201807012159,5,2,
Pattern Matcher : 674
201807012159,2,2,201807012159,3,2,201807012159,5,2,
Pattern Matcher : 675
201807012159,2,2,201807012159,3,2,201807012159,5,2,
Pattern Matcher : 676
201807012159,2,2,201807012159,3,2,201807012159,5,2,
Pattern Matcher : 677
201807012159,2,2,201807012159,3,2,201807012159,5,2,
Pattern Matcher : 678
201807012259,2,2,201807012259,3,2,201807012259,5,2,
Pattern Matcher : 679
201807012259,2,2,201807012259,3,2,201807012259,5,2,
Pattern Matcher : 680
201807012259,2,2,201807012259,3,2,201807012259,5,2,
Pattern Matcher : 681
201807012259,2,2,201807012259,3,2,201807012259,5,2,
Pattern Matcher : 682
201807012259,2,2,201807012259,3,2,201807012259,5,2,
Pattern Matcher : 683
201807012259,2,2,201807012259,3,2,201807012259,5,2,
Pattern Matcher : 684
201807012259,2,2,201807012259,3,2,multi: 1

boundary size: 1
boundary: POLYGON((-122.216 38.6576,-122.205 38.6667,-122.193 38.6667,-122.159 38.6667,-122.136 38.6576,-122.136 38.6486,-122.136 38.6396,-122.124 38.6035,-122.113 38.6035,-122.113 38.5945,-122.113 38.5854,-122.124 38.5855,-122.136 38.5855,-122.147 38.5855,-122.147 38.5945,-122.17 38.6125,-122.182 38.6216,-122.193 38.6396,-122.216 38.6486,-122.216 38.6576))
201807012259,5,2,
Pattern Matcher : 685
201807012259,2,2,201807012259,3,2,201807012259,5,2,
Pattern Matcher : 686
201807012259,2,2,201807012259,3,2,201807012259,5,2,
Pattern Matcher : 687
201807012259,2,2,201807012259,3,2,201807012259,5,2,
Pattern Matcher : 688
201807012259,2,2,201807012259,3,2,201807012259,5,2,
Pattern Matcher : 689
201807012259,2,2,201807012259,3,2,201807012259,5,2,
Pattern Matcher : 690
201807012259,2,2,201807012259,3,2,201807012259,5,2,
Pattern Matcher : 691
201807012259,2,2,201807012259,3,2,201807012259,5,2,
Pattern Matcher : 692
201807012259,2,2,201807012259,3,2,201807012259,5,2,
Pattern Matcher : 693
201807012259,2,2,201807012259,3,2,201807012259,5,2,
Pattern Matcher : 694
201807012259,2,2,201807012259,3,2,201807012259,5,2,
Pattern Matcher : 695
201807012259,2,2,201807012259,3,2,201807012259,5,2,
Pattern Matcher : 696
201807012259,2,2,201807012259,3,2,201807012259,5,2,
Pattern Matcher : 697
201807012259,2,2,201807012259,3,2,201807012259,5,2,
Pattern Matcher : 698
201807012259,2,2,201807012259,3,2,multi: 1

boundary size: 0201807012259,5,2,
Pattern Matcher : 699
201807012259,2,2,201807012259,3,2,201807012259,5,2,
Pattern Matcher : 700
201807012259,2,2,201807012259,3,2,201807012259,5,2,
Pattern Matcher : 701
201807012259,2,2,201807012259,3,2,201807012259,5,2,
Pattern Matcher : 702
201807012259,2,2,201807012259,3,2,201807012259,5,2,
Pattern Matcher : 703
201807012259,2,2,201807012259,3,2,201807012259,5,2,
Pattern Matcher : 704
201807012259,2,2,201807012259,3,2,201807012259,5,2,
Pattern Matcher : 705
201807012259,2,2,201807012259,3,2,201807012259,5,2,
Pattern Matcher : 706
201807012359,2,2,201807012359,3,2,201807012359,5,2,
Pattern Matcher : 707
201807012359,2,2,201807012359,3,2,201807012359,5,2,
Pattern Matcher : 708
201807012359,2,2,201807012359,3,2,multi: 1

boundary size: 1
boundary: POLYGON((-122.124 38.5855,-122.136 38.5855,-122.147 38.5855,-122.147 38.5945,-122.17 38.6125,-122.182 38.6216,-122.193 38.6396,-122.216 38.6486,-122.216 38.6576,-122.205 38.6667,-122.193 38.6847,-122.193 38.6937,-122.182 38.6937,-122.159 38.6847,-122.159 38.6757,-122.136 38.6576,-122.136 38.6486,-122.136 38.6396,-122.124 38.6035,-122.113 38.6035,-122.113 38.5945,-122.113 38.5854,-122.124 38.5855))
201807012359,5,2,
Pattern Matcher : 709
201807012359,2,2,201807012359,3,2,multi: 1

boundary size: 1
boundary: POLYGON((-122.274 38.7839,-122.274 38.7929,-122.274 38.802,-122.262 38.82,-122.262 38.829,-122.251 38.829,-122.239 38.829,-122.228 38.82,-122.205 38.802,-122.193 38.793,-122.193 38.7839,-122.205 38.7749,-122.216 38.7839,-122.228 38.7839,-122.239 38.7839,-122.251 38.7839,-122.262 38.7839,-122.274 38.7839))
201807012359,5,2,
Pattern Matcher : 710
201807012359,2,2,201807012359,3,2,201807012359,5,2,
Pattern Matcher : 711
201807012359,2,2,201807012359,3,2,201807012359,5,2,
Pattern Matcher : 712
201807012359,2,2,201807012359,3,2,multi: 1

boundary size: 0201807012359,5,2,
Pattern Matcher : 713
201807012359,2,2,201807012359,3,2,multi: 1

boundary size: 0201807012359,5,2,
Pattern Matcher : 714
201807012359,2,2,201807012359,3,2,201807012359,5,2,
Pattern Matcher : 715
201807012359,2,2,201807012359,3,2,201807012359,5,2,
Pattern Matcher : 716
201807012359,2,2,201807012359,3,2,multi: 1

boundary size: 0201807012359,5,2,
Pattern Matcher : 717
201807012359,2,2,201807012359,3,2,multi: 1

boundary size: 0201807012359,5,2,
Pattern Matcher : 718
201807012359,2,2,201807012359,3,2,201807012359,5,2,
Pattern Matcher : 719
201807012359,2,2,201807012359,3,2,201807012359,5,2,
Pattern Matcher : 720
201807012359,2,2,201807012359,3,2,multi: 1

boundary size: 0201807012359,5,2,
Pattern Matcher : 721
201807012359,2,2,201807012359,3,2,multi: 1

boundary size: 0201807012359,5,2,
Pattern Matcher : 722
201807012359,2,2,201807012359,3,2,201807012359,5,2,
Pattern Matcher : 723
201807012359,2,2,201807012359,3,2,201807012359,5,2,
Pattern Matcher : 724
201807012359,2,2,201807012359,3,2,multi: 1

boundary size: 0201807012359,5,2,
Pattern Matcher : 725
201807012359,2,2,201807012359,3,2,multi: 1

boundary size: 0201807012359,5,2,
Pattern Matcher : 726
201807012359,2,2,201807012359,3,2,201807012359,5,2,
Pattern Matcher : 727
201807012359,2,2,201807012359,3,2,201807012359,5,2,
Pattern Matcher : 728
201807012359,2,2,201807012359,3,2,multi: 1

boundary size: 0201807012359,5,2,
Pattern Matcher : 729
201807012359,2,2,201807012359,3,2,multi: 1

boundary size: 0201807012359,5,2,
event stream queue is empty now!
perform 2loadshedding
eventCn 5362
#full Match 730
#high latecny (> 150)330
#NumPartialMatch 738
#NumDropedPM 0
#NumDropedInputEvents 0
avg latency: 4471
expression size: 0



********   Event Pattern    ********
TYPE Satellite {
    time,
    channelID,
    level,
    boundary
};

QUERY fail3
EVENT SEQ(Satellite c06,Satellite c07MinusC14,Satellite c16)
WHERE c06.boundary /\ c07MinusC14.boundary && c06.boundary /\ c16.boundary
    && c06.channelID == 2 && c07MinusC14.channelID == 3
    && c16.channelID == 5
    && c06.level == 2 && c07MinusC14.level == 2 && c16.level == 2
WITHIN 1h
RETURN Fire(c06.time,c06.channelID,c06.level,
    c07MinusC14.time,c07MinusC14.channelID,c07MinusC14.level,
    INTERSECT(c06.boundary,c07MinusC14.boundary,c16.boundary),
    c16.time,c16.channelID,c16.level
);