c07
c07MinusC14
c07
c16
c07
c07MinusC14
c16
c07
c07MinusC14
c16
c07
c07
c07
c07MinusC14
c07MinusC14
c07MinusC14
c07
c07MinusC14
c16
c16
c16
c16
Pattern Matcher : 0
201909041631,6,2,201909041640,3,2,
boundary size: 0
201909041650,5,2,
Pattern Matcher : 1
201909041739,6,2,201909041755,3,2,
boundary size: 1

boundary: POLYGON((-118.32 35.2027,-118.32 35.1988,-118.32 35.1898,-118.32 35.1807,-118.32 35.1717,-118.32 35.1627,-118.321 35.158,-118.321 35.1537,-118.321 35.1164,-118.321 35.1085,-118.321 35.0995,-118.321 35.0904,-118.321 35.0814,-118.321 35.0773,-118.322 35.0724,-118.322 35.0298,-118.322 35.0272,-118.322 35.0182,-118.322 35.0092,-118.322 35.0001,-118.322 34.9911,-118.322 34.9866,-118.323 34.9821,-118.323 34.9429,-118.323 34.9369,-118.323 34.9279,-118.323 34.9189,-118.323 34.9098,-118.323 34.9008,-118.324 34.8949,-118.324 34.8828,-118.324 34.8557,-118.324 34.8466,-118.324 34.8376,-118.324 34.8286,-118.324 34.8195,-118.324 34.8154,-118.325 34.8105,-118.325 34.7681,-118.325 34.7654,-118.325 34.7563,-118.325 34.7473,-118.325 34.7383,-118.325 34.7292,-118.325 34.7248,-118.326 34.7202,-118.326 34.6801,-118.326 34.6751,-118.326 34.666,-118.326 34.657,-118.326 34.648,-118.326 34.6389,-118.327 34.6342,-118.327 34.6299,-118.327 34.5919,-118.327 34.5848,-118.327 34.5757,-118.327 34.5667,-118.327 34.5577,-118.327 34.5486,-118.328 34.5437,-118.328 34.5396,-118.328 34.5033,-118.328 34.4945,-118.328 34.4854,-118.328 34.4764,-118.328 34.4674,-118.328 34.4633,-118.329 34.4583,-118.329 34.4403,-118.329 34.4312,-118.329 34.4222,-118.34 34.4133,-118.372 34.4135,-118.623 34.388,-118.624 34.388,-118.633 34.3881,-118.641 34.3881,-118.644 34.3881,-118.648 34.3881,-118.655 34.3882,-118.661 34.3882,-118.666 34.3882,-118.673 34.3883,-118.677 34.3883,-118.681 34.3883,-118.688 34.3883,-118.696 34.3884,-118.699 34.3884,-118.702 34.3884,-118.709 34.3884,-118.716 34.3885,-118.72 34.3885,-118.724 34.3885,-118.731 34.3885,-118.738 34.3886,-118.742 34.3886,-118.746 34.3886,-118.753 34.3886,-118.759 34.3887,-118.764 34.3887,-118.77 34.3887,-118.775 34.3887,-118.778 34.3887,-118.785 34.3888,-118.786 34.3888,-118.861 34.3981,-118.883 34.4072,-118.915 34.5879,-118.915 34.5969,-118.838 34.8134,-118.827 34.8224,-118.649 35.2009,-118.626 35.3453,-118.626 35.3543,-118.548 35.4622,-118.537 35.4802,-118.392 35.6418,-118.336 35.7136,-118.325 35.7136,-118.314 35.7135,-118.314 35.7044,-118.314 35.6954,-118.314 35.673,-118.315 35.6683,-118.315 35.6294,-118.315 35.6232,-118.315 35.6141,-118.315 35.6051,-118.315 35.5961,-118.315 35.5921,-118.316 35.5871,-118.316 35.5447,-118.316 35.5419,-118.316 35.5329,-118.316 35.5239,-118.316 35.5148,-118.316 35.5058,-118.317 35.5012,-118.317 35.4968,-118.317 35.4597,-118.317 35.4516,-118.317 35.4426,-118.317 35.4336,-118.317 35.4245,-118.317 35.4203,-118.318 35.4155,-118.318 35.3743,-118.318 35.3704,-118.318 35.3613,-118.318 35.3523,-118.318 35.3433,-118.318 35.3342,-118.319 35.3295,-118.319 35.3252,-118.319 35.2887,-118.319 35.2801,-118.319 35.271,-118.319 35.262,-118.319 35.253,-118.319 35.2488,-118.32 35.2439,-118.32 35.2027))
201909041757,5,2,
Pattern Matcher : 2
201909041835,6,2,201909041848,3,2,
boundary size: 1

boundary: POLYGON((-118.321 35.1165,-118.321 35.1085,-118.321 35.0995,-118.321 35.0904,-118.321 35.0814,-118.321 35.0773,-118.322 35.0724,-118.322 35.0298,-118.322 35.0272,-118.322 35.0182,-118.322 35.0092,-118.322 35.0001,-118.322 34.9911,-118.322 34.9866,-118.323 34.9821,-118.323 34.9429,-118.323 34.9369,-118.323 34.9279,-118.323 34.9189,-118.323 34.9098,-118.323 34.9008,-118.324 34.895,-118.324 34.8828,-118.324 34.8556,-118.324 34.8466,-118.324 34.8376,-118.324 34.8286,-118.324 34.8195,-118.324 34.8154,-118.325 34.8105,-118.325 34.7681,-118.325 34.7654,-118.325 34.7563,-118.325 34.7473,-118.325 34.7383,-118.325 34.7292,-118.325 34.7248,-118.326 34.7202,-118.326 34.6801,-118.326 34.6751,-118.326 34.666,-118.326 34.657,-118.326 34.648,-118.326 34.6397,-118.327 34.6299,-118.327 34.5919,-118.327 34.5848,-118.327 34.5757,-118.327 34.5667,-118.327 34.5577,-118.327 34.5486,-118.328 34.5404,-118.328 34.5215,-118.328 34.5033,-118.328 34.4945,-118.328 34.4854,-118.328 34.4764,-118.328 34.4674,-118.328 34.4633,-118.329 34.4583,-118.329 34.4144,-118.329 34.4132,-118.329 34.4041,-118.329 34.3951,-118.329 34.3861,-118.34 34.3862,-118.351 34.3863,-118.358 34.3863,-118.362 34.3863,-118.373 34.3864,-118.381 34.3865,-118.384 34.3865,-118.394 34.3866,-118.398 34.3866,-118.405 34.3866,-118.416 34.3867,-118.427 34.3868,-118.428 34.3868,-118.438 34.3869,-118.449 34.387,-118.456 34.387,-118.468 34.3871,-118.47 34.3871,-118.481 34.3872,-118.486 34.3872,-118.492 34.3872,-118.503 34.3873,-118.505 34.3873,-118.514 34.3874,-118.518 34.3874,-118.525 34.3874,-118.536 34.3875,-118.539 34.3875,-118.547 34.3876,-118.551 34.3876,-118.567 34.3877,-118.568 34.3877,-118.579 34.3878,-118.586 34.3878,-118.59 34.3878,-118.597 34.3879,-118.601 34.3879,-118.604 34.3879,-118.612 34.3879,-118.623 34.388,-118.624 34.388,-118.633 34.3881,-118.641 34.3881,-118.644 34.3881,-118.648 34.3881,-118.655 34.3882,-118.661 34.3882,-118.666 34.3882,-118.673 34.3883,-118.677 34.3883,-118.681 34.3883,-118.688 34.3883,-118.696 34.3884,-118.699 34.3884,-118.702 34.3884,-118.709 34.3884,-118.716 34.3885,-118.72 34.3885,-118.724 34.3885,-118.731 34.3885,-118.738 34.3886,-118.742 34.3886,-118.746 34.3886,-118.753 34.3886,-118.759 34.3887,-118.764 34.3887,-118.77 34.3887,-118.775 34.3887,-118.779 34.3887,-118.785 34.3888,-118.795 34.3888,-118.796 34.3888,-118.807 34.3888,-118.816 34.3889,-118.818 34.3889,-118.821 34.3889,-118.829 34.3889,-118.834 34.3889,-118.84 34.389,-118.849 34.389,-118.851 34.389,-118.861 34.389,-118.868 34.3891,-118.872 34.3891,-118.879 34.3891,-118.883 34.3891,-118.894 34.3891,-118.902 34.3892,-118.905 34.3892,-118.911 34.3892,-118.916 34.3892,-118.927 34.3892,-118.933 34.3893,-118.937 34.3893,-118.948 34.3893,-118.963 34.3893,-118.97 34.3894,-118.987 34.3894,-118.992 34.3894,-119.003 34.3894,-119.008 34.3894,-119.013 34.3895,-119.034 34.3895,-119.035 34.3895,-119.046 34.3986,-119.068 34.4257,-119.078 34.4709,-119.122 34.5793,-119.154 34.6516,-119.176 34.7329,-119.176 34.7419,-119.111 34.7689,-118.935 34.904,-118.792 35.1113,-118.746 35.4,-118.757 35.4994,-118.757 35.5084,-118.757 35.5175,-118.611 35.7877,-118.511 35.8774,-118.5 35.8863,-118.445 35.877,-118.372 35.871,-118.314 35.7135,-118.314 35.7135,-118.314 35.7044,-118.314 35.6954,-118.314 35.6864,-118.314 35.6774,-118.314 35.673,-118.315 35.6683,-118.315 35.6294,-118.315 35.6232,-118.315 35.6141,-118.315 35.6051,-118.315 35.5961,-118.316 35.5871,-118.316 35.5867,-118.329 35.3343,-118.33 35.3253,-118.33 35.3163,-118.321 35.1537,-118.321 35.1165))
201909041856,5,2,
Pattern Matcher : 3
201909041922,6,2,201909041941,3,2,
boundary size: 1

boundary: POLYGON((-118.566 35.9679,-118.498 35.9675,-118.323 35.941,-118.322 35.9393,-118.322 35.9302,-118.314 35.7406,-118.314 35.7138,-118.314 35.7135,-118.314 35.7044,-118.314 35.6954,-118.314 35.6867,-118.315 35.6683,-118.315 35.6294,-118.315 35.6232,-118.315 35.6141,-118.315 35.6051,-118.315 35.5961,-118.315 35.5921,-118.316 35.5871,-118.316 35.5447,-118.316 35.5419,-118.316 35.5329,-118.316 35.5239,-118.316 35.5148,-118.316 35.5058,-118.317 35.5012,-118.317 35.4968,-118.317 35.4597,-118.317 35.4516,-118.317 35.4426,-118.317 35.4336,-118.317 35.4245,-118.317 35.4203,-118.318 35.4155,-118.318 35.3743,-118.318 35.3342,-118.319 35.3295,-118.319 35.3252,-118.319 35.2887,-118.319 35.2801,-118.319 35.271,-118.319 35.262,-118.319 35.253,-118.319 35.2488,-118.32 35.2439,-118.32 35.2027,-118.32 35.1988,-118.32 35.1898,-118.32 35.1807,-118.32 35.1717,-118.32 35.1627,-118.321 35.158,-118.321 35.1537,-118.321 35.1165,-118.321 35.1085,-118.321 35.0995,-118.321 35.0904,-118.321 35.0814,-118.321 35.0773,-118.322 35.0724,-118.322 35.0298,-118.322 35.0272,-118.322 35.0182,-118.322 35.0092,-118.322 35.0001,-118.322 34.9911,-118.322 34.9866,-118.323 34.9821,-118.323 34.9429,-118.323 34.9369,-118.323 34.9279,-118.323 34.9189,-118.323 34.9098,-118.323 34.9008,-118.324 34.895,-118.324 34.8828,-118.324 34.8556,-118.324 34.8466,-118.324 34.8376,-118.324 34.8286,-118.324 34.8195,-118.324 34.8154,-118.325 34.8105,-118.325 34.7681,-118.325 34.7654,-118.325 34.7563,-118.325 34.7473,-118.325 34.7383,-118.325 34.7292,-118.325 34.7248,-118.326 34.7202,-118.326 34.6801,-118.326 34.6751,-118.326 34.666,-118.326 34.657,-118.326 34.648,-118.326 34.6397,-118.327 34.6299,-118.327 34.5919,-118.327 34.5848,-118.327 34.5757,-118.327 34.5667,-118.327 34.5577,-118.327 34.5486,-118.328 34.5404,-118.328 34.5215,-118.328 34.5033,-118.328 34.4945,-118.328 34.4854,-118.328 34.4764,-118.328 34.4674,-118.328 34.4633,-118.329 34.4583,-118.329 34.4143,-118.329 34.4132,-118.329 34.4041,-118.329 34.3951,-118.329 34.3861,-118.34 34.3862,-118.351 34.3863,-118.358 34.3863,-118.362 34.3863,-118.373 34.3864,-118.381 34.3865,-118.384 34.3865,-118.394 34.3866,-118.398 34.3866,-118.405 34.3866,-118.416 34.3867,-118.427 34.3868,-118.428 34.3868,-118.438 34.3869,-118.449 34.387,-118.456 34.387,-118.46 34.387,-118.467 34.3871,-118.47 34.3871,-118.481 34.3872,-118.488 34.3872,-118.5 34.3873,-118.503 34.3873,-118.514 34.3874,-118.521 34.3874,-118.534 34.3875,-118.536 34.3875,-118.547 34.3876,-118.553 34.3876,-118.565 34.3877,-118.568 34.3877,-118.579 34.3878,-118.586 34.3878,-118.59 34.3878,-118.597 34.3879,-118.601 34.3879,-118.603 34.3879,-118.612 34.3879,-118.623 34.388,-118.624 34.388,-118.633 34.3881,-118.641 34.3881,-118.644 34.3881,-118.648 34.3881,-118.655 34.3882,-118.661 34.3882,-118.666 34.3882,-118.673 34.3883,-118.677 34.3883,-118.681 34.3883,-118.688 34.3883,-118.696 34.3884,-118.699 34.3884,-118.702 34.3884,-118.709 34.3884,-118.716 34.3885,-118.72 34.3885,-118.724 34.3885,-118.731 34.3885,-118.738 34.3886,-118.742 34.3886,-118.746 34.3886,-118.753 34.3886,-118.759 34.3887,-118.764 34.3887,-118.77 34.3887,-118.775 34.3887,-118.778 34.3887,-118.785 34.3888,-118.795 34.3888,-118.796 34.3888,-118.807 34.3888,-118.816 34.3889,-118.818 34.3889,-118.821 34.3889,-118.829 34.3889,-118.834 34.3889,-118.84 34.389,-118.849 34.389,-118.851 34.389,-118.861 34.389,-118.868 34.3891,-118.872 34.3891,-118.879 34.3891,-118.883 34.3891,-118.894 34.3891,-118.901 34.3892,-118.905 34.3892,-118.914 34.3892,-118.931 34.3892,-118.937 34.3893,-118.954 34.3893,-118.961 34.3893,-118.97 34.3894,-118.993 34.3894,-119.007 34.3894,-119.013 34.3895,-119.034 34.3895,-119.035 34.3895,-119.1 34.4167,-119.111 34.4258,-119.198 34.4981,-119.209 34.5071,-119.231 34.5342,-119.35 34.7148,-119.35 34.7239,-119.329 34.751,-119.318 34.76,-119.022 35.13,-118.878 35.4005,-118.867 35.4727,-118.856 35.5449,-118.845 35.572,-118.811 35.6712,-118.722 35.7431,-118.566 35.9679))
201909041948,5,2,
Pattern Matcher : 4
201909042026,6,2,201909042040,3,2,
boundary size: 1

boundary: POLYGON((-118.868 34.3891,-118.872 34.3891,-118.879 34.3891,-118.883 34.3891,-118.894 34.3891,-119.057 34.4166,-119.068 34.4257,-119.089 34.4438,-119.187 34.5252,-119.198 34.5342,-119.329 34.6877,-119.351 34.769,-119.351 34.778,-119.34 34.7871,-119.077 35.2746,-119.087 35.3739,-119.087 35.383,-119.087 35.392,-119.076 35.4642,-119.054 35.5635,-118.965 35.7529,-118.865 35.9062,-118.854 35.9061,-118.843 35.9061,-118.821 35.906,-118.81 35.906,-118.592 35.9613,-118.499 35.9669,-118.324 35.7677,-118.313 35.7586,-118.314 35.7539,-118.314 35.7496,-118.314 35.7138,-118.314 35.7135,-118.314 35.7044,-118.314 35.6954,-118.314 35.673,-118.315 35.6683,-118.315 35.6294,-118.315 35.6232,-118.315 35.5922,-118.316 35.5871,-118.316 35.5443,-118.316 35.5028,-118.317 35.4997,-118.317 35.4591,-118.317 35.4204,-118.318 35.4155,-118.318 35.3738,-118.319 35.3295,-118.319 35.3252,-118.319 35.2886,-118.319 35.2801,-118.319 35.271,-118.319 35.262,-118.319 35.253,-118.319 35.2488,-118.32 35.2439,-118.32 35.2027,-118.32 35.1988,-118.32 35.1898,-118.32 35.1807,-118.32 35.1717,-118.32 35.1627,-118.321 35.158,-118.321 35.1537,-118.321 35.1164,-118.321 35.1085,-118.321 35.0995,-118.321 35.0904,-118.321 35.0814,-118.321 35.0773,-118.322 35.0724,-118.322 35.0298,-118.322 35.0272,-118.322 35.0182,-118.322 35.0092,-118.322 35.0001,-118.322 34.9911,-118.322 34.9866,-118.323 34.9821,-118.323 34.9429,-118.323 34.9369,-118.323 34.9279,-118.323 34.9189,-118.323 34.9098,-118.323 34.9008,-118.324 34.895,-118.324 34.8828,-118.324 34.8556,-118.324 34.8466,-118.324 34.8376,-118.324 34.8286,-118.324 34.8195,-118.324 34.8154,-118.325 34.8105,-118.325 34.7681,-118.325 34.7654,-118.325 34.7563,-118.325 34.7473,-118.325 34.7383,-118.325 34.7292,-118.325 34.7248,-118.326 34.7202,-118.326 34.6801,-118.326 34.6751,-118.326 34.666,-118.326 34.657,-118.326 34.648,-118.326 34.6397,-118.327 34.6299,-118.327 34.5919,-118.328 34.5405,-118.328 34.5215,-118.328 34.5033,-118.328 34.4945,-118.328 34.4854,-118.328 34.4764,-118.328 34.4674,-118.328 34.4633,-118.329 34.4583,-118.329 34.4403,-118.372 34.4135,-118.427 34.3958,-118.514 34.3874,-118.518 34.3874,-118.525 34.3874,-118.536 34.3875,-118.539 34.3875,-118.547 34.3876,-118.551 34.3876,-118.557 34.3876,-118.568 34.3877,-118.568 34.3877,-118.579 34.3878,-118.586 34.3878,-118.59 34.3878,-118.597 34.3879,-118.601 34.3879,-118.603 34.3879,-118.612 34.3879,-118.623 34.388,-118.624 34.388,-118.633 34.3881,-118.641 34.3881,-118.644 34.3881,-118.648 34.3881,-118.655 34.3882,-118.661 34.3882,-118.666 34.3882,-118.673 34.3883,-118.677 34.3883,-118.681 34.3883,-118.688 34.3883,-118.696 34.3884,-118.699 34.3884,-118.702 34.3884,-118.709 34.3884,-118.717 34.3885,-118.72 34.3885,-118.724 34.3885,-118.731 34.3885,-118.738 34.3886,-118.742 34.3886,-118.746 34.3886,-118.758 34.3886,-118.764 34.3887,-118.771 34.3887,-118.778 34.3887,-118.785 34.3888,-118.795 34.3888,-118.796 34.3888,-118.807 34.3888,-118.816 34.3889,-118.818 34.3889,-118.821 34.3889,-118.829 34.3889,-118.834 34.3889,-118.84 34.389,-118.849 34.389,-118.851 34.389,-118.861 34.389,-118.868 34.3891))
201909042048,5,2,
Pattern Matcher : 5
201909042134,6,2,201909042139,3,2,
boundary size: 1

boundary: POLYGON((-119.22 34.3909,-119.22 34.3987,-119.231 34.5342,-119.231 34.5433,-119.22 34.5703,-119.132 34.7419,-119.23 35.2838,-119.23 35.2928,-119.23 35.3018,-119.186 35.4192,-119.109 35.6629,-119.097 35.8616,-119.031 35.9608,-119.02 35.9698,-119.009 35.9698,-119.001 35.9697,-118.997 35.9697,-118.986 35.9697,-118.975 35.9697,-118.971 35.9697,-118.964 35.9696,-118.945 35.9696,-118.942 35.9696,-118.931 35.9696,-118.925 35.9695,-118.92 35.9695,-118.909 35.9695,-118.909 35.9695,-118.898 35.9695,-118.892 35.9694,-118.887 35.9694,-118.877 35.9694,-118.876 35.9694,-118.865 35.9694,-118.858 35.9693,-118.854 35.9693,-118.847 35.9693,-118.842 35.9693,-118.839 35.9693,-118.831 35.9692,-118.765 35.9509,-118.743 35.9238,-118.732 35.8695,-118.732 35.8605,-118.406 35.371,-118.384 35.3618,-118.34 35.3434,-118.318 35.3342,-118.319 35.3295,-118.319 35.3252,-118.319 35.2887,-118.319 35.2801,-118.319 35.271,-118.319 35.262,-118.319 35.253,-118.319 35.2488,-118.32 35.2439,-118.32 35.2027,-118.32 35.1988,-118.32 35.1898,-118.32 35.1807,-118.32 35.1717,-118.32 35.1627,-118.321 35.158,-118.321 35.1537,-118.321 35.1164,-118.321 35.0904,-118.321 35.0814,-118.321 35.0773,-118.322 35.0724,-118.322 35.0298,-118.322 35.0272,-118.322 35.0182,-118.322 35.0092,-118.322 35.0001,-118.322 34.9911,-118.322 34.9866,-118.323 34.9821,-118.323 34.9429,-118.323 34.9369,-118.323 34.9098,-118.323 34.9008,-118.324 34.8949,-118.324 34.8828,-118.324 34.8557,-118.324 34.8466,-118.324 34.8376,-118.324 34.8286,-118.324 34.8195,-118.324 34.8154,-118.325 34.8105,-118.325 34.7681,-118.325 34.7654,-118.325 34.7563,-118.325 34.7473,-118.325 34.7383,-118.325 34.7292,-118.325 34.7248,-118.326 34.7202,-118.326 34.6801,-118.326 34.6751,-118.326 34.666,-118.326 34.657,-118.326 34.648,-118.326 34.6389,-118.327 34.6342,-118.327 34.6299,-118.327 34.5919,-118.327 34.5848,-118.327 34.5757,-118.327 34.5667,-118.327 34.5577,-118.327 34.5486,-118.328 34.5404,-118.328 34.5215,-118.328 34.5033,-118.328 34.4945,-118.328 34.4854,-118.328 34.4764,-118.328 34.4674,-118.328 34.4633,-118.329 34.4583,-118.329 34.4403,-118.427 34.3958,-118.514 34.3874,-118.518 34.3874,-118.525 34.3874,-118.536 34.3875,-118.539 34.3875,-118.547 34.3876,-118.551 34.3876,-118.557 34.3876,-118.568 34.3877,-118.568 34.3877,-118.579 34.3878,-118.586 34.3878,-118.597 34.3879,-118.601 34.3879,-118.604 34.3879,-118.623 34.388,-118.624 34.388,-118.633 34.3881,-118.641 34.3881,-118.644 34.3881,-118.648 34.3881,-118.655 34.3882,-118.661 34.3882,-118.666 34.3882,-118.673 34.3883,-118.677 34.3883,-118.681 34.3883,-118.696 34.3884,-118.699 34.3884,-118.702 34.3884,-118.709 34.3884,-118.731 34.3976,-119.22 34.3909))
201909042157,5,2,
Pattern Matcher : 6
201909042329,6,2,201909042339,3,2,
boundary size: 1

boundary: POLYGON((-119.159 34.6194,-119.111 34.7147,-119.077 35.094,-119.077 35.103,-119.077 35.112,-119.087 35.3739,-119.098 35.4281,-119.252 35.7443,-119.252 35.7533,-119.241 35.7623,-119.158 35.8406,-118.757 35.8993,-118.568 35.661,-118.557 35.6519,-118.536 35.6247,-118.514 35.5975,-118.33 35.2892,-118.319 35.2801,-118.319 35.271,-118.319 35.2488,-118.32 35.2439,-118.32 35.2027,-118.32 35.1988,-118.32 35.1898,-118.32 35.1807,-118.32 35.1717,-118.32 35.1627,-118.321 35.158,-118.321 35.1537,-118.321 35.1165,-118.321 35.1085,-118.321 35.0995,-118.321 35.0904,-118.321 35.0814,-118.321 35.0773,-118.322 35.0724,-118.322 35.0298,-118.322 35.0272,-118.322 35.0182,-118.322 35.0092,-118.322 35.0001,-118.322 34.9911,-118.322 34.9866,-118.323 34.9821,-118.323 34.9429,-118.323 34.9369,-118.323 34.9279,-118.323 34.9189,-118.323 34.9098,-118.323 34.9008,-118.324 34.8949,-118.324 34.8917,-118.521 34.7577,-118.532 34.7487,-118.873 34.5082,-119.159 34.6194))
201909042359,5,2,
Pattern Matcher : 7
201909050033,6,2,201909050046,3,2,
boundary size: 1

boundary: POLYGON((-119.008 35.9416,-118.803 35.9538,-118.798 35.9511,-118.766 35.8155,-118.766 35.8065,-118.811 35.6802,-118.833 35.581,-118.856 35.554,-118.867 35.554,-118.9 35.5541,-119.318 34.7239,-119.318 34.7148,-119.34 34.6877,-119.35 34.6877,-119.361 34.6877,-119.383 34.6877,-119.394 34.6877,-119.405 34.6967,-119.405 34.7057,-119.383 34.7329,-119.076 35.5726,-119.076 35.5816,-119.076 35.5906,-119.097 35.8616,-119.086 35.8706,-119.008 35.9416))
201909050051,5,2,
event stream queue is empty now!
perform 0loadshedding
eventCn 660
#full Match 8
#high latecny (> 150)0
#NumPartialMatch 10
#NumDropedPM 0
#NumDropedInputEvents 0
avg latency: 0
expression size: 0



********   Event Pattern    ********
TYPE Satellite {
    time,
    channelID,
    level,
    boundary
};

QUERY fail3
EVENT SEQ(Satellite c07,Satellite c07MinusC14,Satellite c16)
WHERE c07.boundary /\ c07MinusC14.boundary && c07.boundary /\ c16.boundary
    && c07.channelID == 6 && c07MinusC14.channelID == 3
    && c16.channelID == 5
    && c07.level == 2 && c07MinusC14.level == 2 && c16.level == 2
WITHIN 1h
RETURN Fire(c07.time,c07.channelID,c07.level,
    c07MinusC14.time,c07MinusC14.channelID,c07MinusC14.level,
    INTERSECT(c07.boundary,c07MinusC14.boundary,c16.boundary),
    c16.time,c16.channelID,c16.level
);