c06
c16
c06
c16
c06
c16
c06
c06
c06
c06
c16
c16
c16
c16
Pattern Matcher : 0
201909041600,2,2,
boundary: POLYGON((-118.32 35.2349,-118.32 35.2259,-118.32 35.2169,-118.32 35.2078,-118.32 35.1898,-118.32 35.1807,-118.32 35.1717,-118.32 35.1627,-118.321 35.1537,-118.321 35.1446,-118.321 35.1356,-118.321 35.1266,-118.321 35.1175,-118.321 35.1085,-118.321 35.0995,-118.321 35.0904,-118.321 35.0814,-118.322 35.0724,-118.322 35.0634,-118.322 35.0453,-118.322 35.0272,-118.322 35.0182,-118.322 35.0092,-118.322 34.9911,-118.323 34.9821,-118.323 34.9731,-118.323 34.964,-118.323 34.955,-118.323 34.946,-118.323 34.9279,-118.323 34.9189,-118.323 34.9098,-118.324 34.8828,-118.324 34.8737,-118.324 34.8647,-118.324 34.8557,-118.324 34.8466,-118.324 34.8376,-118.324 34.8286,-118.324 34.8195,-118.325 34.8105,-118.325 34.8015,-118.325 34.7834,-118.325 34.7744,-118.325 34.7654,-118.325 34.7563,-118.325 34.7473,-118.325 34.7383,-118.325 34.7292,-118.326 34.7202,-118.326 34.7112,-118.326 34.7022,-118.326 34.6931,-118.326 34.6841,-118.326 34.6751,-118.326 34.666,-118.326 34.657,-118.326 34.648,-118.327 34.6299,-118.327 34.6209,-118.327 34.6119,-118.327 34.6028,-118.327 34.5938,-118.327 34.5848,-118.327 34.5757,-118.327 34.5667,-118.328 34.5396,-118.338 34.5487,-118.554 34.7308,-118.565 34.7399,-118.597 34.9117,-118.597 34.9207,-118.596 34.9297,-118.43 35.1635,-118.419 35.1905,-118.342 35.2351,-118.331 35.235,-118.32 35.2349))
201909041600,5,2,
Pattern Matcher : 1
201909041700,2,2,
boundary: POLYGON((-118.32 35.1898,-118.32 35.1807,-118.32 35.1717,-118.32 35.1627,-118.321 35.1537,-118.321 35.1446,-118.321 35.1356,-118.321 35.1266,-118.321 35.1175,-118.321 35.1085,-118.321 35.0995,-118.321 35.0904,-118.321 35.0814,-118.322 35.0724,-118.322 35.0634,-118.322 35.0453,-118.322 35.0272,-118.322 35.0182,-118.322 35.0092,-118.322 34.9911,-118.323 34.9821,-118.323 34.9731,-118.323 34.964,-118.323 34.955,-118.323 34.946,-118.323 34.9279,-118.323 34.9189,-118.323 34.9098,-118.324 34.8828,-118.324 34.8737,-118.324 34.8647,-118.324 34.8557,-118.324 34.8466,-118.324 34.8376,-118.324 34.8286,-118.324 34.8195,-118.325 34.8105,-118.325 34.8015,-118.325 34.7834,-118.325 34.7744,-118.325 34.7654,-118.325 34.7563,-118.325 34.7473,-118.325 34.7383,-118.325 34.7292,-118.326 34.7202,-118.326 34.7112,-118.326 34.7022,-118.326 34.6931,-118.326 34.6841,-118.326 34.6751,-118.326 34.666,-118.326 34.657,-118.326 34.648,-118.327 34.6299,-118.327 34.6209,-118.327 34.6028,-118.327 34.5848,-118.327 34.5757,-118.327 34.5667,-118.328 34.5215,-118.328 34.5125,-118.328 34.5035,-118.328 34.4945,-118.328 34.4854,-118.328 34.4674,-118.329 34.4583,-118.329 34.4403,-118.329 34.4312,-118.329 34.4222,-118.329 34.4132,-118.329 34.3951,-118.329 34.3861,-118.34 34.3862,-118.351 34.3863,-118.362 34.3863,-118.373 34.3864,-118.384 34.3865,-118.394 34.3866,-118.405 34.3866,-118.416 34.3867,-118.427 34.3868,-118.438 34.3869,-118.449 34.387,-118.46 34.387,-118.47 34.3871,-118.481 34.3872,-118.492 34.3872,-118.503 34.3873,-118.514 34.3874,-118.525 34.3874,-118.536 34.3875,-118.547 34.3876,-118.557 34.3876,-118.568 34.3877,-118.579 34.3878,-118.59 34.3878,-118.601 34.3879,-118.612 34.3879,-118.623 34.388,-118.633 34.3881,-118.644 34.3881,-118.655 34.3882,-118.666 34.3882,-118.677 34.3883,-118.688 34.3883,-118.699 34.3884,-118.709 34.3884,-118.72 34.3885,-118.731 34.3885,-118.742 34.3886,-118.753 34.3886,-118.764 34.3887,-118.775 34.3887,-118.785 34.3888,-118.861 34.3981,-118.883 34.4072,-118.915 34.5879,-118.915 34.5969,-118.838 34.8134,-118.827 34.8224,-118.649 35.2009,-118.626 35.3453,-118.626 35.3543,-118.548 35.4622,-118.537 35.4802,-118.392 35.6418,-118.336 35.7136,-118.325 35.7136,-118.314 35.7135,-118.314 35.7044,-118.314 35.6954,-118.315 35.6683,-118.315 35.6322,-118.315 35.6232,-118.315 35.6141,-118.315 35.5961,-118.316 35.5871,-118.316 35.578,-118.316 35.569,-118.316 35.56,-118.316 35.5509,-118.316 35.5419,-118.316 35.5329,-118.316 35.5239,-118.316 35.5148,-118.316 35.5058,-118.317 35.4968,-118.317 35.4877,-118.317 35.4787,-118.317 35.4697,-118.317 35.4607,-118.317 35.4245,-118.318 35.4155,-118.318 35.3974,-118.318 35.3884,-118.318 35.3794,-118.318 35.3704,-118.318 35.3613,-118.318 35.3433,-118.318 35.3342,-118.319 35.3252,-118.319 35.3162,-118.319 35.3072,-118.319 35.2981,-118.319 35.2891,-118.319 35.262,-118.319 35.253,-118.32 35.2349,-118.32 35.2259,-118.32 35.2169,-118.32 35.2078,-118.32 35.1898))
201909041700,5,2,
Pattern Matcher : 2
201909041800,2,2,
boundary: POLYGON((-118.319 35.262,-118.319 35.253,-118.32 35.2349,-118.32 35.2259,-118.32 35.2169,-118.32 35.2078,-118.32 35.1898,-118.32 35.1807,-118.32 35.1717,-118.32 35.1627,-118.321 35.1537,-118.321 35.1446,-118.321 35.1356,-118.321 35.1266,-118.321 35.1175,-118.321 35.1085,-118.321 35.0995,-118.321 35.0904,-118.321 35.0814,-118.322 35.0724,-118.322 35.0634,-118.322 35.0453,-118.322 35.0272,-118.322 35.0182,-118.322 35.0092,-118.322 34.9911,-118.323 34.9821,-118.323 34.9731,-118.323 34.964,-118.323 34.955,-118.323 34.946,-118.323 34.9279,-118.323 34.9189,-118.323 34.9098,-118.324 34.8828,-118.324 34.8737,-118.324 34.8647,-118.324 34.8557,-118.324 34.8466,-118.324 34.8376,-118.324 34.8286,-118.324 34.8195,-118.325 34.8105,-118.325 34.8015,-118.325 34.7834,-118.325 34.7744,-118.325 34.7654,-118.325 34.7563,-118.325 34.7473,-118.325 34.7383,-118.325 34.7292,-118.326 34.7202,-118.326 34.7112,-118.326 34.7022,-118.326 34.6931,-118.326 34.6841,-118.326 34.6751,-118.326 34.666,-118.326 34.657,-118.326 34.648,-118.327 34.6299,-118.327 34.6209,-118.327 34.6028,-118.327 34.5848,-118.327 34.5757,-118.327 34.5667,-118.328 34.5215,-118.328 34.5125,-118.328 34.5035,-118.328 34.4945,-118.328 34.4854,-118.328 34.4674,-118.329 34.4583,-118.329 34.4403,-118.329 34.4312,-118.329 34.4222,-118.329 34.4132,-118.329 34.3951,-118.329 34.3861,-118.34 34.3862,-118.351 34.3863,-118.362 34.3863,-118.373 34.3864,-118.384 34.3865,-118.394 34.3866,-118.405 34.3866,-118.416 34.3867,-118.427 34.3868,-118.438 34.3869,-118.449 34.387,-118.46 34.387,-118.47 34.3871,-118.481 34.3872,-118.492 34.3872,-118.503 34.3873,-118.514 34.3874,-118.525 34.3874,-118.536 34.3875,-118.547 34.3876,-118.557 34.3876,-118.568 34.3877,-118.579 34.3878,-118.59 34.3878,-118.601 34.3879,-118.612 34.3879,-118.623 34.388,-118.633 34.3881,-118.644 34.3881,-118.655 34.3882,-118.666 34.3882,-118.677 34.3883,-118.688 34.3883,-118.699 34.3884,-118.709 34.3884,-118.72 34.3885,-118.731 34.3885,-118.742 34.3886,-118.753 34.3886,-118.764 34.3887,-118.775 34.3887,-118.785 34.3888,-118.796 34.3888,-118.807 34.3888,-118.818 34.3889,-118.829 34.3889,-118.84 34.389,-118.851 34.389,-118.861 34.389,-118.872 34.3891,-118.883 34.3891,-118.894 34.3891,-118.905 34.3892,-118.916 34.3892,-118.927 34.3892,-118.937 34.3893,-118.948 34.3893,-118.959 34.3893,-118.97 34.3894,-118.981 34.3894,-118.992 34.3894,-119.003 34.3894,-119.013 34.3895,-119.024 34.3895,-119.035 34.3895,-119.046 34.3986,-119.068 34.4257,-119.078 34.4709,-119.122 34.5793,-119.154 34.6516,-119.176 34.7329,-119.176 34.7419,-119.111 34.7689,-118.935 34.904,-118.792 35.1113,-118.746 35.4,-118.757 35.4994,-118.757 35.5084,-118.757 35.5175,-118.611 35.7877,-118.511 35.8774,-118.5 35.8863,-118.445 35.877,-118.323 35.867,-118.312 35.867,-118.312 35.8399,-118.313 35.7947,-118.313 35.7857,-118.313 35.7767,-118.313 35.7676,-118.313 35.7586,-118.314 35.7496,-118.314 35.7406,-118.314 35.7315,-118.314 35.7225,-118.314 35.7135,-118.314 35.7044,-118.314 35.6954,-118.315 35.6683,-118.315 35.6322,-118.315 35.6232,-118.315 35.6141,-118.315 35.5961,-118.316 35.5871,-118.316 35.578,-118.316 35.569,-118.316 35.56,-118.316 35.5509,-118.316 35.5419,-118.316 35.5329,-118.316 35.5239,-118.316 35.5148,-118.316 35.5058,-118.317 35.4968,-118.317 35.4877,-118.317 35.4787,-118.317 35.4697,-118.317 35.4607,-118.317 35.4245,-118.318 35.4155,-118.318 35.3974,-118.318 35.3884,-118.318 35.3794,-118.318 35.3704,-118.318 35.3613,-118.318 35.3433,-118.318 35.3342,-118.319 35.3252,-118.319 35.3162,-118.319 35.3072,-118.319 35.2981,-118.319 35.2891,-118.319 35.262))
201909041800,5,2,
Pattern Matcher : 3
201909041900,2,2,
boundary: POLYGON((-118.566 35.968,-118.555 35.9679,-118.543 35.9679,-118.532 35.9678,-118.521 35.9677,-118.51 35.9677,-118.499 35.9676,-118.311 35.9392,-118.311 35.9302,-118.312 35.9211,-118.312 35.9121,-118.312 35.9031,-118.312 35.894,-118.312 35.885,-118.312 35.876,-118.312 35.867,-118.312 35.8579,-118.312 35.8489,-118.312 35.8399,-118.313 35.7947,-118.313 35.7857,-118.313 35.7767,-118.313 35.7676,-118.313 35.7586,-118.314 35.7496,-118.314 35.7406,-118.314 35.7315,-118.314 35.7225,-118.314 35.7135,-118.314 35.7044,-118.314 35.6954,-118.315 35.6683,-118.315 35.6322,-118.315 35.6232,-118.315 35.6141,-118.315 35.5961,-118.316 35.5871,-118.316 35.578,-118.316 35.569,-118.316 35.56,-118.316 35.5509,-118.316 35.5419,-118.316 35.5329,-118.316 35.5239,-118.316 35.5148,-118.316 35.5058,-118.317 35.4968,-118.317 35.4877,-118.317 35.4787,-118.317 35.4697,-118.317 35.4607,-118.317 35.4245,-118.318 35.4155,-118.318 35.4065,-118.318 35.3974,-118.318 35.3884,-118.318 35.3794,-118.318 35.3704,-118.318 35.3613,-118.318 35.3523,-118.318 35.3433,-118.318 35.3342,-118.319 35.3252,-118.319 35.3162,-118.319 35.3072,-118.319 35.2981,-118.319 35.2891,-118.319 35.262,-118.319 35.253,-118.32 35.2349,-118.32 35.2259,-118.32 35.2169,-118.32 35.2078,-118.32 35.1898,-118.32 35.1807,-118.32 35.1717,-118.32 35.1627,-118.321 35.1537,-118.321 35.1446,-118.321 35.1356,-118.321 35.1266,-118.321 35.1175,-118.321 35.1085,-118.321 35.0995,-118.321 35.0904,-118.321 35.0814,-118.322 35.0724,-118.322 35.0634,-118.322 35.0453,-118.322 35.0272,-118.322 35.0182,-118.322 35.0092,-118.322 34.9911,-118.323 34.9821,-118.323 34.9731,-118.323 34.964,-118.323 34.955,-118.323 34.946,-118.323 34.9279,-118.323 34.9189,-118.323 34.9098,-118.324 34.8828,-118.324 34.8737,-118.324 34.8647,-118.324 34.8557,-118.324 34.8466,-118.324 34.8376,-118.324 34.8286,-118.324 34.8195,-118.325 34.8105,-118.325 34.8015,-118.325 34.7834,-118.325 34.7744,-118.325 34.7654,-118.325 34.7563,-118.325 34.7473,-118.325 34.7383,-118.325 34.7292,-118.326 34.7202,-118.326 34.7112,-118.326 34.7022,-118.326 34.6931,-118.326 34.6841,-118.326 34.6751,-118.326 34.666,-118.326 34.657,-118.326 34.648,-118.327 34.6299,-118.327 34.6209,-118.327 34.6028,-118.327 34.5848,-118.327 34.5757,-118.327 34.5667,-118.328 34.5215,-118.328 34.5125,-118.328 34.5035,-118.328 34.4945,-118.328 34.4854,-118.328 34.4674,-118.329 34.4583,-118.329 34.4403,-118.329 34.4312,-118.329 34.4222,-118.329 34.4132,-118.329 34.3951,-118.329 34.3861,-118.34 34.3862,-118.351 34.3863,-118.362 34.3863,-118.373 34.3864,-118.384 34.3865,-118.394 34.3866,-118.405 34.3866,-118.416 34.3867,-118.427 34.3868,-118.438 34.3869,-118.449 34.387,-118.46 34.387,-118.47 34.3871,-118.481 34.3872,-118.492 34.3872,-118.503 34.3873,-118.514 34.3874,-118.525 34.3874,-118.536 34.3875,-118.547 34.3876,-118.557 34.3876,-118.568 34.3877,-118.579 34.3878,-118.59 34.3878,-118.601 34.3879,-118.612 34.3879,-118.623 34.388,-118.633 34.3881,-118.644 34.3881,-118.655 34.3882,-118.666 34.3882,-118.677 34.3883,-118.688 34.3883,-118.699 34.3884,-118.709 34.3884,-118.72 34.3885,-118.731 34.3885,-118.742 34.3886,-118.753 34.3886,-118.764 34.3887,-118.775 34.3887,-118.785 34.3888,-118.796 34.3888,-118.807 34.3888,-118.818 34.3889,-118.829 34.3889,-118.84 34.389,-118.851 34.389,-118.861 34.389,-118.872 34.3891,-118.883 34.3891,-118.894 34.3891,-118.905 34.3892,-118.916 34.3892,-118.927 34.3892,-118.937 34.3893,-118.948 34.3893,-118.959 34.3893,-118.97 34.3894,-118.981 34.3894,-118.992 34.3894,-119.003 34.3894,-119.013 34.3895,-119.024 34.3895,-119.035 34.3895,-119.1 34.4167,-119.111 34.4258,-119.198 34.4981,-119.209 34.5071,-119.231 34.5342,-119.35 34.7148,-119.35 34.7239,-119.329 34.751,-119.318 34.76,-119.022 35.13,-118.878 35.4005,-118.867 35.4727,-118.856 35.5449,-118.845 35.572,-118.811 35.6712,-118.722 35.7431,-118.566 35.968))
201909041900,5,2,
Pattern Matcher : 4
201909042000,2,2,
boundary: POLYGON((-118.861 34.389,-118.872 34.3891,-118.883 34.3891,-118.894 34.3891,-119.057 34.4166,-119.068 34.4257,-119.089 34.4438,-119.187 34.5252,-119.198 34.5342,-119.329 34.6877,-119.351 34.769,-119.351 34.778,-119.34 34.7871,-119.077 35.2746,-119.087 35.3739,-119.087 35.383,-119.087 35.392,-119.076 35.4642,-119.054 35.5635,-118.965 35.7529,-118.865 35.9062,-118.854 35.9061,-118.843 35.9061,-118.821 35.906,-118.81 35.906,-118.566 35.968,-118.555 35.9679,-118.543 35.9679,-118.532 35.9678,-118.521 35.9677,-118.51 35.9677,-118.499 35.9676,-118.324 35.7677,-118.313 35.7586,-118.314 35.7496,-118.314 35.7406,-118.314 35.7315,-118.314 35.7225,-118.314 35.7135,-118.314 35.7044,-118.314 35.6954,-118.314 35.6864,-118.314 35.6774,-118.315 35.6322,-118.315 35.6232,-118.315 35.6141,-118.315 35.6051,-118.315 35.5961,-118.316 35.5871,-118.316 35.578,-118.316 35.569,-118.316 35.56,-118.316 35.5509,-118.316 35.5419,-118.316 35.5329,-118.316 35.5239,-118.316 35.5148,-118.316 35.5058,-118.317 35.4968,-118.317 35.4877,-118.317 35.4787,-118.317 35.4697,-118.317 35.4516,-118.318 35.3884,-118.318 35.3794,-118.318 35.3704,-118.318 35.3613,-118.318 35.3523,-118.318 35.3433,-118.318 35.3342,-118.319 35.3252,-118.319 35.3162,-118.319 35.3072,-118.319 35.2981,-118.319 35.2891,-118.319 35.262,-118.319 35.253,-118.32 35.2349,-118.32 35.2259,-118.32 35.2169,-118.32 35.2078,-118.32 35.1898,-118.32 35.1807,-118.32 35.1717,-118.32 35.1627,-118.321 35.1537,-118.321 35.1446,-118.321 35.1356,-118.321 35.1266,-118.321 35.1175,-118.321 35.1085,-118.321 35.0995,-118.321 35.0904,-118.321 35.0814,-118.322 35.0724,-118.322 35.0634,-118.322 35.0453,-118.322 35.0272,-118.322 35.0182,-118.322 35.0092,-118.322 34.9911,-118.323 34.9821,-118.323 34.9731,-118.323 34.964,-118.323 34.955,-118.323 34.946,-118.323 34.9279,-118.323 34.9189,-118.323 34.9098,-118.324 34.8828,-118.324 34.8737,-118.324 34.8647,-118.324 34.8557,-118.324 34.8466,-118.324 34.8376,-118.324 34.8286,-118.324 34.8195,-118.325 34.8105,-118.325 34.8015,-118.325 34.7834,-118.325 34.7744,-118.325 34.7654,-118.325 34.7563,-118.325 34.7473,-118.325 34.7383,-118.325 34.7292,-118.326 34.7202,-118.326 34.7112,-118.326 34.7022,-118.326 34.6931,-118.326 34.6841,-118.326 34.6751,-118.326 34.666,-118.326 34.657,-118.326 34.648,-118.327 34.6299,-118.327 34.6209,-118.327 34.6028,-118.327 34.5938,-118.327 34.5848,-118.327 34.5757,-118.327 34.5667,-118.327 34.5577,-118.327 34.5486,-118.328 34.5396,-118.328 34.5306,-118.328 34.5215,-118.328 34.5125,-118.328 34.5035,-118.328 34.4945,-118.328 34.4854,-118.328 34.4674,-118.329 34.4583,-118.329 34.4403,-118.329 34.4312,-118.329 34.4222,-118.329 34.4132,-118.329 34.3951,-118.329 34.3861,-118.34 34.3862,-118.351 34.3863,-118.362 34.3863,-118.373 34.3864,-118.384 34.3865,-118.394 34.3866,-118.405 34.3866,-118.416 34.3867,-118.427 34.3868,-118.438 34.3869,-118.449 34.387,-118.46 34.387,-118.47 34.3871,-118.481 34.3872,-118.492 34.3872,-118.503 34.3873,-118.514 34.3874,-118.525 34.3874,-118.536 34.3875,-118.547 34.3876,-118.557 34.3876,-118.568 34.3877,-118.579 34.3878,-118.59 34.3878,-118.601 34.3879,-118.612 34.3879,-118.623 34.388,-118.633 34.3881,-118.644 34.3881,-118.655 34.3882,-118.666 34.3882,-118.677 34.3883,-118.688 34.3883,-118.699 34.3884,-118.709 34.3884,-118.72 34.3885,-118.731 34.3885,-118.742 34.3886,-118.753 34.3886,-118.764 34.3887,-118.775 34.3887,-118.785 34.3888,-118.796 34.3888,-118.807 34.3888,-118.818 34.3889,-118.829 34.3889,-118.84 34.389,-118.851 34.389,-118.861 34.389))
201909042000,5,2,
Pattern Matcher : 5
201909042100,2,2,
boundary: POLYGON((-118.32 35.1898,-118.32 35.1807,-118.32 35.1717,-118.32 35.1627,-118.321 35.1537,-118.321 35.1446,-118.321 35.1356,-118.321 35.1266,-118.321 35.1175,-118.321 35.1085,-118.321 35.104,-118.321 35.0904,-118.321 35.0814,-118.322 35.0724,-118.322 35.0634,-118.322 35.0453,-118.322 35.0272,-118.322 35.0182,-118.322 35.0092,-118.322 34.9911,-118.323 34.9821,-118.323 34.9731,-118.323 34.964,-118.323 34.955,-118.323 34.946,-118.323 34.9369,-118.323 34.9234,-118.323 34.9189,-118.323 34.9098,-118.324 34.8828,-118.324 34.8737,-118.324 34.8647,-118.324 34.8557,-118.324 34.8466,-118.324 34.8376,-118.324 34.8286,-118.324 34.8195,-118.325 34.8105,-118.325 34.8015,-118.325 34.7834,-118.325 34.7744,-118.325 34.7654,-118.325 34.7563,-118.325 34.7473,-118.325 34.7383,-118.325 34.7292,-118.326 34.7202,-118.326 34.7112,-118.326 34.7022,-118.326 34.6931,-118.326 34.6841,-118.326 34.6751,-118.326 34.666,-118.326 34.657,-118.326 34.648,-118.327 34.6299,-118.327 34.6209,-118.327 34.6119,-118.327 34.6028,-118.327 34.5848,-118.327 34.5757,-118.327 34.5667,-118.328 34.5215,-118.328 34.5125,-118.328 34.5035,-118.328 34.4945,-118.328 34.4854,-118.328 34.4674,-118.329 34.4583,-118.329 34.4403,-118.329 34.4312,-118.329 34.4222,-118.329 34.4132,-118.329 34.3951,-118.362 34.3863,-118.373 34.3864,-118.384 34.3865,-118.394 34.3866,-118.405 34.3866,-118.416 34.3867,-118.427 34.3868,-118.438 34.3869,-118.449 34.387,-118.46 34.387,-118.47 34.3871,-118.481 34.3872,-118.492 34.3872,-118.503 34.3873,-118.514 34.3874,-118.525 34.3874,-118.536 34.3875,-118.547 34.3876,-118.557 34.3876,-118.568 34.3877,-118.579 34.3878,-118.585 34.3878,-118.59 34.3878,-118.601 34.3879,-118.612 34.3879,-118.623 34.388,-118.633 34.3881,-118.644 34.3881,-118.655 34.3882,-118.666 34.3882,-118.677 34.3883,-118.688 34.3883,-118.699 34.3884,-118.709 34.3884,-118.72 34.3885,-118.731 34.3885,-118.742 34.3886,-118.753 34.3886,-118.764 34.3887,-118.775 34.3887,-118.785 34.3888,-118.796 34.3888,-118.807 34.3888,-118.818 34.3889,-118.829 34.3889,-118.84 34.389,-118.851 34.389,-118.861 34.389,-118.872 34.3891,-118.883 34.3891,-118.894 34.3891,-118.905 34.3892,-118.916 34.3892,-118.927 34.3892,-118.937 34.3893,-118.948 34.3893,-118.959 34.3893,-118.97 34.3894,-118.981 34.3894,-118.992 34.3894,-119.003 34.3894,-119.024 34.3895,-119.035 34.3895,-119.046 34.3895,-119.057 34.3895,-119.068 34.3896,-119.079 34.3896,-119.09 34.3896,-119.1 34.3896,-119.111 34.3896,-119.122 34.3896,-119.133 34.3897,-119.144 34.3897,-119.155 34.3897,-119.166 34.3897,-119.176 34.3897,-119.187 34.3897,-119.198 34.3897,-119.209 34.3897,-119.22 34.3897,-119.22 34.3987,-119.231 34.5342,-119.231 34.5433,-119.22 34.5703,-119.132 34.7419,-119.23 35.2838,-119.23 35.2928,-119.23 35.3018,-119.186 35.4192,-119.109 35.6629,-119.097 35.8616,-119.031 35.9608,-119.02 35.9698,-119.009 35.9698,-118.997 35.9697,-118.986 35.9697,-118.975 35.9697,-118.964 35.9696,-118.953 35.9696,-118.942 35.9696,-118.931 35.9696,-118.92 35.9695,-118.909 35.9695,-118.898 35.9695,-118.887 35.9694,-118.876 35.9694,-118.865 35.9694,-118.854 35.9693,-118.842 35.9693,-118.831 35.9692,-118.765 35.9509,-118.743 35.9238,-118.732 35.8695,-118.732 35.8605,-118.406 35.371,-118.384 35.3618,-118.34 35.3434,-118.318 35.3342,-118.319 35.3252,-118.319 35.3162,-118.319 35.3072,-118.319 35.2981,-118.319 35.2891,-118.319 35.271,-118.319 35.262,-118.319 35.253,-118.32 35.2439,-118.32 35.2349,-118.32 35.2259,-118.32 35.2169,-118.32 35.2078,-118.32 35.1898))
201909042100,5,2,
Pattern Matcher : 6
201909042300,2,2,
boundary: POLYGON((-119.02 35.9698,-119.009 35.9698,-118.997 35.9697,-118.986 35.9697,-118.964 35.9696,-118.953 35.9696,-118.942 35.9696,-118.931 35.9696,-118.92 35.9695,-118.909 35.9695,-118.898 35.9695,-118.887 35.9694,-118.876 35.9694,-118.865 35.9694,-118.854 35.9693,-118.842 35.9693,-118.831 35.9692,-118.798 35.9511,-118.568 35.661,-118.557 35.6519,-118.536 35.6247,-118.514 35.5975,-118.33 35.2892,-118.319 35.2801,-118.319 35.271,-118.32 35.2349,-118.32 35.2259,-118.32 35.2169,-118.32 35.2078,-118.32 35.1988,-118.32 35.1898,-118.32 35.1807,-118.32 35.1717,-118.32 35.1627,-118.321 35.1356,-118.321 35.1266,-118.321 35.1175,-118.321 35.1085,-118.321 35.0995,-118.321 35.0904,-118.321 35.0814,-118.322 35.0724,-118.322 35.0634,-118.322 35.0453,-118.322 35.0272,-118.322 35.0182,-118.322 35.0092,-118.322 34.9911,-118.323 34.9821,-118.323 34.9731,-118.323 34.964,-118.323 34.955,-118.323 34.946,-118.323 34.9279,-118.323 34.9189,-118.323 34.9098,-118.324 34.8918,-118.521 34.7577,-118.532 34.7487,-118.86 34.517,-119.157 34.6246,-119.111 34.7147,-119.077 35.094,-119.077 35.103,-119.077 35.112,-119.087 35.3739,-119.098 35.4281,-119.252 35.7443,-119.252 35.7533,-119.241 35.7623,-119.031 35.9608,-119.02 35.9698))
201909042300,5,2,
Pattern Matcher : 7
201909050000,2,2,
boundary: POLYGON((-118.975 35.9697,-118.964 35.9696,-118.953 35.9696,-118.942 35.9696,-118.931 35.9696,-118.92 35.9695,-118.909 35.9695,-118.831 35.9692,-118.798 35.9511,-118.766 35.8155,-118.766 35.8065,-118.811 35.6802,-118.833 35.581,-118.856 35.554,-118.867 35.554,-118.9 35.5541,-119.318 34.7239,-119.318 34.7148,-119.34 34.6877,-119.35 34.6877,-119.361 34.6877,-119.383 34.6877,-119.394 34.6877,-119.405 34.6967,-119.405 34.7057,-119.383 34.7329,-119.076 35.5726,-119.076 35.5816,-119.076 35.5906,-119.097 35.8616,-119.086 35.8706,-118.986 35.9607,-118.975 35.9697))
201909050000,5,2,
event stream queue is empty now!
perform 0loadshedding
eventCn 660
#full Match 8
#high latecny (> 150)0
#NumPartialMatch 9
#NumDropedPM 0
#NumDropedInputEvents 0
avg latency: 0
expression size: 0



********   Event Pattern    ********
TYPE Satellite {
    time,
    channelID,
    level,
    boundary
};

QUERY fail3
EVENT SEQ(Satellite c06,Satellite c16)
WHERE c06.boundary /\ c16.boundary
    && c06.channelID == 2 
    && c16.channelID == 5
    && c06.level == 2 && c16.level == 2
WITHIN 1h
RETURN Fire(c06.time,c06.channelID,c06.level,
    INTERSECT(c06.boundary,c16.boundary),
    c16.time,c16.channelID,c16.level
);