c01
c07MinusC14
c07
c01
c07MinusC14
c07
c01
c01
c01
c07MinusC14
c07MinusC14
c07MinusC14
c01
c07MinusC14
c07
c07
c07
c07
Pattern Matcher : 1
201811081602,0,2,201811081634,3,2,
boundary: POLYGON((-121.463 39.7462,-121.466 39.7462,-121.497 39.7462,-121.501 39.7462,-121.508 39.7493,-121.512 39.7507,-121.512 39.7507,-121.512 39.7507,-121.522 39.7507,-121.547 39.7508,-121.563 39.7547,-121.565 39.7553,-121.565 39.7553,-121.565 39.7553,-121.588 39.7553,-121.594 39.7553,-121.596 39.7559,-121.612 39.7598,-121.612 39.7598,-121.612 39.7598,-121.647 39.7598,-121.654 39.7626,-121.658 39.7643,-121.664 39.7688,-121.664 39.7733,-121.664 39.7778,-121.664 39.7823,-121.668 39.7896,-121.688 39.8228,-121.688 39.8273,-121.688 39.8318,-121.682 39.8453,-121.67 39.8678,-121.669 39.8688,-121.664 39.8723,-121.658 39.8723,-121.652 39.8723,-121.652 39.8723,-121.652 39.8723,-121.611 39.8903,-121.608 39.8926,-121.606 39.8948,-121.6 39.8948,-121.594 39.8948,-121.588 39.8939,-121.565 39.8903,-121.565 39.8903,-121.565 39.8903,-121.559 39.8903,-121.553 39.8903,-121.55 39.8903,-121.547 39.8902,-121.512 39.8902,-121.51 39.8895,-121.5 39.8857,-121.489 39.8828,-121.483 39.8812,-121.474 39.8706,-121.459 39.8541,-121.454 39.852,-121.448 39.8496,-121.438 39.8387,-121.424 39.8226,-121.421 39.8202,-121.419 39.8181,-121.405 39.8056,-121.389 39.791,-121.386 39.7885,-121.384 39.7865,-121.39 39.7685,-121.395 39.7685,-121.401 39.7685,-121.407 39.7685,-121.448 39.7461,-121.454 39.7461,-121.46 39.7461,-121.463 39.7462))
201811081614,6,2,
Pattern Matcher : 2
201811081803,0,2,201811081824,3,2,
boundary: POLYGON((-121.668 39.7779,-121.664 39.7868,-121.652 39.8093,-121.645 39.8257,-121.641 39.8363,-121.63 39.8528,-121.629 39.8543,-121.623 39.8678,-121.617 39.8678,-121.611 39.8678,-121.606 39.8678,-121.606 39.8678,-121.571 39.8678,-121.559 39.8633,-121.524 39.8632,-121.512 39.8587,-121.483 39.8587,-121.483 39.8587,-121.477 39.8587,-121.459 39.8541,-121.454 39.852,-121.448 39.8496,-121.438 39.8387,-121.424 39.8226,-121.421 39.8202,-121.419 39.8181,-121.419 39.8136,-121.419 39.8001,-121.424 39.7893,-121.43 39.7776,-121.448 39.7461,-121.454 39.7461,-121.46 39.7461,-121.463 39.7462,-121.466 39.7462,-121.487 39.7345,-121.506 39.7237,-121.506 39.7237,-121.512 39.7237,-121.518 39.7237,-121.524 39.7237,-121.559 39.7238,-121.577 39.7283,-121.606 39.7283,-121.623 39.7328,-121.647 39.7328,-121.652 39.7328,-121.67 39.7373,-121.67 39.7373,-121.682 39.7418,-121.682 39.7463,-121.682 39.7508,-121.676 39.7598,-121.668 39.7779))
201811081816,6,2,
Pattern Matcher : 3
201811081803,0,2,201811081917,3,2,
boundary: POLYGON((-121.546 39.6993,-121.553 39.7013,-121.565 39.7013,-121.571 39.7013,-121.577 39.7013,-121.582 39.7013,-121.617 39.7013,-121.632 39.705,-121.635 39.7058,-121.647 39.7103,-121.67 39.7373,-121.682 39.7418,-121.682 39.7463,-121.682 39.7508,-121.676 39.7598,-121.668 39.7779,-121.664 39.7868,-121.652 39.8093,-121.645 39.8257,-121.641 39.8363,-121.63 39.8528,-121.629 39.8543,-121.623 39.8678,-121.617 39.8678,-121.611 39.8678,-121.606 39.8678,-121.606 39.8678,-121.571 39.8678,-121.559 39.8633,-121.524 39.8632,-121.512 39.8587,-121.483 39.8587,-121.483 39.8587,-121.477 39.8587,-121.459 39.8541,-121.454 39.852,-121.448 39.8496,-121.438 39.8387,-121.424 39.8226,-121.421 39.8202,-121.419 39.8181,-121.419 39.8136,-121.419 39.8091,-121.419 39.8046,-121.419 39.8001,-121.424 39.7893,-121.43 39.7776,-121.448 39.7461,-121.454 39.7461,-121.46 39.7461,-121.463 39.7462,-121.466 39.7462,-121.487 39.7345,-121.506 39.7237,-121.518 39.7012,-121.524 39.6967,-121.53 39.6967,-121.536 39.6967,-121.546 39.6993))
201811081816,6,2,
Pattern Matcher : 4
201811081803,0,2,201811081917,3,2,
boundary: POLYGON((-121.546 39.6993,-121.553 39.7013,-121.565 39.7013,-121.571 39.7013,-121.577 39.7013,-121.582 39.7013,-121.617 39.7013,-121.632 39.705,-121.635 39.7058,-121.647 39.7103,-121.67 39.7373,-121.682 39.7418,-121.682 39.7463,-121.682 39.7508,-121.676 39.7598,-121.668 39.7779,-121.664 39.7868,-121.652 39.8093,-121.645 39.8257,-121.641 39.8363,-121.63 39.8528,-121.629 39.8543,-121.623 39.8678,-121.617 39.8678,-121.611 39.8678,-121.606 39.8678,-121.606 39.8678,-121.571 39.8678,-121.559 39.8633,-121.524 39.8632,-121.512 39.8587,-121.483 39.8587,-121.483 39.8587,-121.477 39.8587,-121.459 39.8541,-121.454 39.852,-121.448 39.8496,-121.438 39.8387,-121.424 39.8226,-121.421 39.8202,-121.419 39.8181,-121.419 39.8136,-121.419 39.8091,-121.419 39.8046,-121.419 39.8001,-121.424 39.7893,-121.43 39.7776,-121.448 39.7461,-121.454 39.7461,-121.46 39.7461,-121.463 39.7462,-121.466 39.7462,-121.487 39.7345,-121.506 39.7237,-121.518 39.7012,-121.524 39.6967,-121.53 39.6967,-121.536 39.6967,-121.546 39.6993))
201811081913,6,2,
Pattern Matcher : 5
201811081901,0,2,201811081917,3,2,
boundary: POLYGON((-121.546 39.6993,-121.553 39.7013,-121.565 39.7013,-121.571 39.7013,-121.577 39.7013,-121.582 39.7013,-121.617 39.7013,-121.632 39.705,-121.635 39.7058,-121.647 39.7103,-121.67 39.7373,-121.682 39.7418,-121.682 39.7463,-121.682 39.7508,-121.676 39.7598,-121.668 39.7779,-121.664 39.7868,-121.652 39.8093,-121.645 39.8257,-121.641 39.8363,-121.63 39.8528,-121.629 39.8543,-121.623 39.8678,-121.617 39.8678,-121.611 39.8678,-121.606 39.8678,-121.606 39.8678,-121.571 39.8678,-121.559 39.8633,-121.524 39.8632,-121.512 39.8587,-121.483 39.8587,-121.483 39.8587,-121.477 39.8587,-121.459 39.8541,-121.454 39.852,-121.448 39.8496,-121.438 39.8387,-121.424 39.8226,-121.421 39.8202,-121.419 39.8181,-121.419 39.8136,-121.419 39.8091,-121.419 39.8046,-121.419 39.8001,-121.424 39.7893,-121.43 39.7776,-121.448 39.7461,-121.454 39.7461,-121.46 39.7461,-121.463 39.7462,-121.466 39.7462,-121.487 39.7345,-121.506 39.7237,-121.518 39.7012,-121.524 39.6967,-121.53 39.6967,-121.536 39.6967,-121.546 39.6993))
201811081913,6,2,
Pattern Matcher : 6
201811081901,0,2,201811082017,3,2,
boundary: POLYGON((-121.546 39.6993,-121.553 39.7013,-121.565 39.7013,-121.571 39.7013,-121.577 39.7013,-121.582 39.7013,-121.617 39.7013,-121.632 39.705,-121.635 39.7058,-121.647 39.7103,-121.67 39.7373,-121.682 39.7418,-121.682 39.7463,-121.682 39.7508,-121.676 39.7598,-121.668 39.7779,-121.664 39.7868,-121.652 39.8093,-121.645 39.8257,-121.641 39.8363,-121.64 39.8367,-121.635 39.8408,-121.629 39.8408,-121.623 39.8408,-121.582 39.8588,-121.576 39.8633,-121.571 39.8678,-121.559 39.8633,-121.524 39.8632,-121.512 39.8587,-121.483 39.8587,-121.483 39.8587,-121.477 39.8587,-121.459 39.8541,-121.454 39.852,-121.448 39.8496,-121.438 39.8387,-121.424 39.8226,-121.421 39.8202,-121.419 39.8181,-121.419 39.8001,-121.424 39.7893,-121.43 39.7776,-121.448 39.7461,-121.454 39.7461,-121.46 39.7461,-121.463 39.7462,-121.466 39.7462,-121.487 39.7345,-121.506 39.7237,-121.518 39.7012,-121.524 39.6967,-121.53 39.6967,-121.536 39.6967,-121.546 39.6993))
201811081913,6,2,
Pattern Matcher : 7
201811081901,0,2,201811082017,3,2,
boundary: POLYGON((-121.688 39.7129,-121.693 39.7148,-121.693 39.7193,-121.693 39.7238,-121.693 39.7283,-121.693 39.7328,-121.688 39.7405,-121.682 39.7508,-121.676 39.7598,-121.676 39.7601,-121.664 39.7868,-121.652 39.8093,-121.641 39.8363,-121.635 39.8408,-121.629 39.8408,-121.623 39.8408,-121.582 39.8588,-121.576 39.8633,-121.571 39.8678,-121.571 39.8678,-121.559 39.8633,-121.559 39.8633,-121.559 39.8633,-121.538 39.8632,-121.524 39.8632,-121.512 39.8587,-121.512 39.8587,-121.512 39.8587,-121.512 39.8587,-121.501 39.8587,-121.483 39.8587,-121.477 39.8587,-121.459 39.8541,-121.454 39.852,-121.448 39.8496,-121.438 39.8387,-121.424 39.8226,-121.421 39.8202,-121.419 39.8181,-121.419 39.8001,-121.424 39.7893,-121.43 39.7776,-121.448 39.7461,-121.45 39.7426,-121.46 39.7236,-121.466 39.7192,-121.471 39.7192,-121.477 39.7192,-121.518 39.7012,-121.524 39.6967,-121.53 39.6967,-121.536 39.6967,-121.553 39.7013,-121.565 39.7013,-121.571 39.7013,-121.577 39.7013,-121.582 39.7013,-121.617 39.7013,-121.635 39.7058,-121.664 39.7058,-121.667 39.7066,-121.682 39.7103,-121.688 39.7129))
201811082013,6,2,
Pattern Matcher : 8
201811082001,0,2,201811082017,3,2,
boundary: POLYGON((-121.688 39.7129,-121.693 39.7148,-121.693 39.7193,-121.693 39.7238,-121.693 39.7283,-121.693 39.7328,-121.688 39.7405,-121.682 39.7508,-121.676 39.7598,-121.676 39.7601,-121.664 39.7868,-121.652 39.8093,-121.641 39.8363,-121.635 39.8408,-121.629 39.8408,-121.623 39.8408,-121.582 39.8588,-121.576 39.8633,-121.571 39.8678,-121.571 39.8678,-121.559 39.8633,-121.559 39.8633,-121.559 39.8633,-121.538 39.8632,-121.524 39.8632,-121.512 39.8587,-121.512 39.8587,-121.512 39.8587,-121.512 39.8587,-121.501 39.8587,-121.483 39.8587,-121.477 39.8587,-121.459 39.8541,-121.454 39.852,-121.448 39.8496,-121.438 39.8387,-121.424 39.8226,-121.421 39.8202,-121.419 39.8181,-121.419 39.8001,-121.424 39.7893,-121.43 39.7776,-121.448 39.7461,-121.45 39.7426,-121.46 39.7236,-121.466 39.7192,-121.471 39.7192,-121.477 39.7192,-121.518 39.7012,-121.524 39.6967,-121.53 39.6967,-121.536 39.6967,-121.553 39.7013,-121.565 39.7013,-121.571 39.7013,-121.577 39.7013,-121.582 39.7013,-121.617 39.7013,-121.635 39.7058,-121.664 39.7058,-121.667 39.7066,-121.682 39.7103,-121.688 39.7129))
201811082013,6,2,
Pattern Matcher : 9
201811082101,0,2,201811082124,3,2,
boundary: POLYGON((-121.598 39.6753,-121.612 39.6788,-121.612 39.6788,-121.612 39.6788,-121.626 39.6788,-121.629 39.6788,-121.635 39.6788,-121.641 39.6788,-121.647 39.6788,-121.654 39.6816,-121.658 39.6833,-121.664 39.6878,-121.693 39.7148,-121.704 39.7273,-121.717 39.7418,-121.722 39.7437,-121.728 39.7463,-121.726 39.7535,-121.723 39.7643,-121.711 39.7868,-121.711 39.787,-121.705 39.7913,-121.699 39.7913,-121.693 39.7913,-121.652 39.8093,-121.641 39.8363,-121.635 39.8408,-121.635 39.8408,-121.635 39.8408,-121.629 39.8408,-121.623 39.8408,-121.623 39.8408,-121.623 39.8408,-121.582 39.8588,-121.576 39.8633,-121.574 39.8651,-121.571 39.8677,-121.559 39.8633,-121.559 39.8633,-121.559 39.8633,-121.538 39.8632,-121.524 39.8632,-121.512 39.8587,-121.512 39.8587,-121.512 39.8587,-121.512 39.8587,-121.495 39.8542,-121.448 39.8271,-121.442 39.8271,-121.425 39.8227,-121.424 39.8226,-121.421 39.8202,-121.419 39.8181,-121.419 39.8001,-121.442 39.7641,-121.448 39.7463,-121.448 39.7461,-121.45 39.7426,-121.46 39.7236,-121.466 39.7192,-121.471 39.7192,-121.477 39.7192,-121.518 39.7012,-121.524 39.6967,-121.53 39.6967,-121.536 39.6967,-121.577 39.6788,-121.582 39.6743,-121.588 39.6743,-121.594 39.6743,-121.598 39.6753))
201811082119,6,2,
Pattern Matcher : 10
201811082202,0,2,201811082254,3,2,
boundary: POLYGON((-121.641 39.8362,-121.641 39.8363,-121.635 39.8408,-121.629 39.8408,-121.623 39.8408,-121.623 39.8408,-121.623 39.8408,-121.582 39.8588,-121.576 39.8633,-121.574 39.8651,-121.571 39.8677,-121.559 39.8633,-121.559 39.8633,-121.559 39.8633,-121.538 39.8632,-121.524 39.8632,-121.512 39.8587,-121.512 39.8587,-121.512 39.8587,-121.512 39.8587,-121.495 39.8542,-121.448 39.8271,-121.442 39.8271,-121.425 39.8227,-121.424 39.8226,-121.421 39.8202,-121.419 39.8181,-121.419 39.8001,-121.442 39.7641,-121.448 39.7463,-121.448 39.7461,-121.45 39.7426,-121.46 39.7236,-121.472 39.6967,-121.475 39.6939,-121.477 39.6922,-121.483 39.6922,-121.489 39.6922,-121.507 39.6967,-121.524 39.6967,-121.53 39.6967,-121.536 39.6967,-121.577 39.6788,-121.582 39.6743,-121.588 39.6743,-121.594 39.6743,-121.612 39.6788,-121.623 39.6788,-121.629 39.6788,-121.635 39.6788,-121.641 39.6788,-121.647 39.6788,-121.658 39.6833,-121.664 39.6878,-121.693 39.7148,-121.693 39.7193,-121.693 39.7238,-121.693 39.7328,-121.682 39.7508,-121.676 39.7598,-121.664 39.7868,-121.652 39.8093,-121.641 39.8362))
201811082249,6,2,
Pattern Matcher : 11
201811082301,0,2,201811082352,3,2,
boundary: POLYGON((-121.704 39.7273,-121.717 39.7418,-121.722 39.7437,-121.728 39.7463,-121.726 39.7535,-121.723 39.7643,-121.722 39.7649,-121.717 39.7688,-121.711 39.7688,-121.664 39.7868,-121.652 39.8093,-121.641 39.8362,-121.641 39.8363,-121.64 39.8367,-121.635 39.8408,-121.629 39.8408,-121.623 39.8408,-121.582 39.8588,-121.576 39.8633,-121.571 39.8678,-121.559 39.8633,-121.524 39.8632,-121.512 39.8587,-121.483 39.8587,-121.483 39.8587,-121.477 39.8587,-121.459 39.8541,-121.454 39.852,-121.448 39.8496,-121.438 39.8387,-121.424 39.8226,-121.421 39.8202,-121.419 39.8181,-121.419 39.8001,-121.43 39.7956,-121.477 39.7777,-121.489 39.7552,-121.506 39.7237,-121.518 39.7012,-121.524 39.6967,-121.53 39.6967,-121.536 39.6967,-121.577 39.6788,-121.582 39.6743,-121.588 39.6743,-121.594 39.6743,-121.612 39.6788,-121.623 39.6788,-121.629 39.6788,-121.635 39.6788,-121.641 39.6788,-121.647 39.6788,-121.658 39.6833,-121.664 39.6878,-121.693 39.7148,-121.704 39.7273))
201811082348,6,2,
Pattern Matcher : 12
201811090008,0,2,201811090045,3,2,
boundary: POLYGON((-121.676 39.6788,-121.684 39.6809,-121.693 39.6833,-121.703 39.6872,-121.705 39.6878,-121.709 39.6919,-121.728 39.7148,-121.74 39.7193,-121.74 39.7238,-121.74 39.7283,-121.74 39.7325,-121.74 39.7328,-121.723 39.7643,-121.722 39.7649,-121.717 39.7688,-121.711 39.7688,-121.664 39.7868,-121.652 39.8093,-121.645 39.8257,-121.641 39.8363,-121.64 39.8367,-121.635 39.8408,-121.623 39.8408,-121.617 39.8408,-121.594 39.8363,-121.588 39.8363,-121.576 39.8363,-121.571 39.8363,-121.553 39.8363,-121.506 39.8407,-121.5 39.8452,-121.489 39.8407,-121.471 39.8272,-121.471 39.8227,-121.471 39.8182,-121.477 39.8047,-121.483 39.7912,-121.524 39.7642,-121.565 39.7283,-121.571 39.7148,-121.582 39.6743,-121.588 39.6743,-121.594 39.6743,-121.612 39.6788,-121.676 39.6788))
201811090039,6,2,
Pattern Matcher : 13
201811090008,0,2,201811090115,3,2,
boundary: POLYGON((-121.606 39.6473,-121.614 39.6494,-121.623 39.6518,-121.629 39.6563,-121.641 39.6621,-121.676 39.6788,-121.684 39.6809,-121.693 39.6833,-121.703 39.6872,-121.705 39.6878,-121.709 39.6919,-121.728 39.7148,-121.74 39.7193,-121.74 39.7238,-121.74 39.7283,-121.74 39.7325,-121.74 39.7328,-121.723 39.7643,-121.711 39.7868,-121.705 39.7913,-121.699 39.7913,-121.693 39.7913,-121.693 39.7913,-121.693 39.7913,-121.652 39.8093,-121.651 39.8135,-121.649 39.8183,-121.641 39.8183,-121.61 39.8394,-121.594 39.8363,-121.588 39.8363,-121.576 39.8363,-121.571 39.8363,-121.553 39.8363,-121.506 39.8407,-121.5 39.8452,-121.489 39.8407,-121.471 39.8272,-121.471 39.8227,-121.471 39.8182,-121.477 39.8047,-121.483 39.7912,-121.524 39.7642,-121.565 39.7283,-121.571 39.7148,-121.588 39.6519,-121.588 39.6518,-121.594 39.6473,-121.606 39.6473))
201811090039,6,2,
Pattern Matcher : 14
201811090008,0,2,201811090115,3,2,
boundary: POLYGON((-121.606 39.6473,-121.614 39.6494,-121.623 39.6518,-121.623 39.6518,-121.623 39.6518,-121.641 39.6518,-121.647 39.6518,-121.652 39.6518,-121.667 39.6555,-121.67 39.6563,-121.676 39.6608,-121.705 39.6878,-121.709 39.6919,-121.728 39.7148,-121.74 39.7193,-121.763 39.7462,-121.769 39.7507,-121.769 39.7552,-121.769 39.7597,-121.769 39.7642,-121.769 39.7687,-121.763 39.7687,-121.758 39.7687,-121.755 39.7688,-121.752 39.7688,-121.711 39.7868,-121.706 39.7991,-121.699 39.8138,-121.693 39.8183,-121.687 39.8183,-121.682 39.8183,-121.676 39.8183,-121.641 39.8183,-121.624 39.8297,-121.61 39.8394,-121.594 39.8363,-121.588 39.8363,-121.576 39.8363,-121.571 39.8363,-121.553 39.8363,-121.506 39.8407,-121.5 39.8452,-121.489 39.8407,-121.471 39.8272,-121.471 39.8227,-121.471 39.8182,-121.477 39.8047,-121.483 39.7912,-121.524 39.7642,-121.565 39.7283,-121.571 39.7148,-121.588 39.6519,-121.588 39.6518,-121.594 39.6473,-121.606 39.6473))
201811090112,6,2,
Pattern Matcher : 15
201811091603,0,2,201811091628,3,2,
boundary: POLYGON((-121.539 39.6698,-121.542 39.6698,-121.547 39.6698,-121.565 39.6743,-121.571 39.6788,-121.6 39.7058,-121.6 39.7103,-121.6 39.7148,-121.6 39.7193,-121.6 39.7238,-121.623 39.7643,-121.631 39.7735,-121.647 39.7913,-121.649 39.7935,-121.652 39.7958,-121.652 39.8003,-121.652 39.8093,-121.641 39.8363,-121.635 39.8408,-121.629 39.8408,-121.623 39.8408,-121.582 39.8588,-121.576 39.8633,-121.571 39.8678,-121.559 39.8633,-121.524 39.8632,-121.512 39.8587,-121.483 39.8587,-121.483 39.8587,-121.477 39.8587,-121.459 39.8541,-121.454 39.852,-121.448 39.8496,-121.438 39.8387,-121.424 39.8226,-121.421 39.8202,-121.419 39.8181,-121.419 39.8136,-121.419 39.8091,-121.419 39.8046,-121.419 39.8001,-121.413 39.7405,-121.413 39.7371,-121.409 39.7326,-121.39 39.71,-121.384 39.7055,-121.384 39.6903,-121.384 39.6875,-121.384 39.6871,-121.39 39.683,-121.394 39.6842,-121.407 39.6876,-121.433 39.6876,-121.437 39.6876,-121.442 39.6876,-121.489 39.6697,-121.492 39.6675,-121.495 39.6652,-121.501 39.6652,-121.536 39.6697,-121.539 39.6698))
201811091615,6,2,
Pattern Matcher : 16
201811091802,0,2,201811091815,3,2,
boundary: POLYGON((-121.635 39.8408,-121.635 39.8408,-121.629 39.8408,-121.623 39.8408,-121.623 39.8408,-121.623 39.8408,-121.617 39.8408,-121.6 39.8363,-121.535 39.8587,-121.524 39.8632,-121.512 39.8587,-121.512 39.8587,-121.512 39.8587,-121.512 39.8587,-121.501 39.8587,-121.483 39.8587,-121.477 39.8587,-121.459 39.8541,-121.459 39.8541,-121.459 39.8541,-121.448 39.8496,-121.424 39.8226,-121.419 39.8181,-121.419 39.8136,-121.419 39.8091,-121.419 39.8046,-121.419 39.8001,-121.442 39.7641,-121.425 39.7101,-121.425 39.7056,-121.425 39.7011,-121.431 39.6921,-121.437 39.6876,-121.442 39.6876,-121.477 39.6922,-121.483 39.6922,-121.489 39.6922,-121.507 39.6967,-121.524 39.6967,-121.53 39.6967,-121.536 39.6967,-121.553 39.7013,-121.559 39.7058,-121.588 39.7328,-121.588 39.7373,-121.588 39.7418,-121.588 39.7508,-121.623 39.8138,-121.635 39.8183,-121.641 39.8228,-121.641 39.8273,-121.641 39.8318,-121.641 39.8363,-121.635 39.8408,-121.635 39.8408))
201811091809,6,2,
Pattern Matcher : 17
201811091802,0,2,201811091919,3,2,
boundary: POLYGON((-121.501 39.6653,-121.512 39.6697,-121.524 39.6742,-121.553 39.7013,-121.559 39.7058,-121.588 39.7328,-121.588 39.7373,-121.588 39.7418,-121.588 39.7463,-121.588 39.7508,-121.582 39.7553,-121.576 39.7553,-121.571 39.7553,-121.53 39.7732,-121.518 39.8002,-121.506 39.8137,-121.5 39.8272,-121.489 39.8542,-121.483 39.8587,-121.483 39.8587,-121.477 39.8587,-121.459 39.8541,-121.459 39.8541,-121.459 39.8541,-121.448 39.8496,-121.424 39.8226,-121.419 39.8181,-121.419 39.8136,-121.419 39.8091,-121.419 39.8046,-121.419 39.8001,-121.401 39.764,-121.401 39.7591,-121.413 39.7375,-121.413 39.7371,-121.413 39.7371,-121.413 39.7371,-121.413 39.7326,-121.413 39.7295,-121.425 39.7056,-121.425 39.7011,-121.431 39.6921,-121.437 39.6876,-121.442 39.6876,-121.489 39.6697,-121.495 39.6652,-121.501 39.6652,-121.501 39.6653))
201811091809,6,2,
Pattern Matcher : 18
201811091802,0,2,201811091919,3,2,
boundary: POLYGON((-121.506 39.6671,-121.512 39.6697,-121.523 39.674,-121.524 39.6742,-121.553 39.7013,-121.559 39.7058,-121.588 39.7328,-121.588 39.7373,-121.588 39.7418,-121.588 39.7463,-121.588 39.7508,-121.582 39.7553,-121.576 39.7553,-121.571 39.7553,-121.53 39.7732,-121.518 39.8002,-121.506 39.8137,-121.5 39.8272,-121.489 39.8542,-121.483 39.8587,-121.483 39.8587,-121.477 39.8587,-121.459 39.8541,-121.459 39.8541,-121.459 39.8541,-121.448 39.8496,-121.424 39.8226,-121.419 39.8181,-121.419 39.8136,-121.419 39.8091,-121.419 39.8046,-121.419 39.8001,-121.401 39.764,-121.401 39.7556,-121.401 39.755,-121.401 39.7505,-121.401 39.746,-121.407 39.7415,-121.415 39.7247,-121.425 39.7056,-121.425 39.7011,-121.431 39.6921,-121.437 39.6876,-121.442 39.6876,-121.489 39.6697,-121.495 39.6652,-121.501 39.6652,-121.506 39.6671))
201811091912,6,2,
Pattern Matcher : 19
201811091901,0,2,201811091919,3,2,
boundary: POLYGON((-121.506 39.6671,-121.512 39.6697,-121.523 39.674,-121.524 39.6742,-121.553 39.7013,-121.559 39.7058,-121.588 39.7328,-121.588 39.7373,-121.588 39.7418,-121.588 39.7463,-121.588 39.7508,-121.582 39.7553,-121.576 39.7553,-121.571 39.7553,-121.53 39.7732,-121.518 39.8002,-121.506 39.8137,-121.5 39.8272,-121.489 39.8542,-121.483 39.8587,-121.483 39.8587,-121.477 39.8587,-121.459 39.8541,-121.459 39.8541,-121.459 39.8541,-121.448 39.8496,-121.424 39.8226,-121.419 39.8181,-121.419 39.8136,-121.419 39.8091,-121.419 39.8046,-121.419 39.8001,-121.401 39.764,-121.401 39.7556,-121.401 39.755,-121.401 39.7505,-121.401 39.746,-121.407 39.7415,-121.415 39.7247,-121.425 39.7056,-121.425 39.7011,-121.431 39.6921,-121.437 39.6876,-121.442 39.6876,-121.489 39.6697,-121.495 39.6652,-121.501 39.6652,-121.506 39.6671))
201811091912,6,2,
Pattern Matcher : 20
201811092002,0,2,201811092021,3,2,
boundary: POLYGON((-121.454 39.6606,-121.454 39.6608,-121.466 39.6652,-121.466 39.6652,-121.466 39.6652,-121.495 39.6652,-121.495 39.6652,-121.501 39.6652,-121.506 39.6671,-121.512 39.6697,-121.523 39.674,-121.524 39.6742,-121.553 39.7013,-121.559 39.7058,-121.559 39.7103,-121.559 39.7148,-121.553 39.7238,-121.541 39.7508,-121.536 39.7507,-121.53 39.7507,-121.524 39.7507,-121.489 39.8362,-121.489 39.8452,-121.489 39.8497,-121.489 39.8542,-121.483 39.8587,-121.483 39.8587,-121.477 39.8587,-121.459 39.8541,-121.459 39.8541,-121.459 39.8541,-121.448 39.8496,-121.424 39.8226,-121.419 39.8181,-121.419 39.8046,-121.419 39.8001,-121.43 39.7776,-121.425 39.7101,-121.425 39.7056,-121.425 39.7011,-121.431 39.6921,-121.437 39.6831,-121.44 39.6738,-121.442 39.6651,-121.448 39.6606,-121.454 39.6606))
201811092016,6,2,
Pattern Matcher : 21
201811092002,0,2,201811092117,3,2,
boundary: POLYGON((-121.512 39.8587,-121.512 39.8587,-121.512 39.8587,-121.512 39.8587,-121.501 39.8587,-121.483 39.8587,-121.477 39.8587,-121.459 39.8541,-121.459 39.8541,-121.459 39.8541,-121.448 39.8496,-121.424 39.8226,-121.419 39.8181,-121.419 39.8136,-121.419 39.8091,-121.419 39.8046,-121.419 39.8001,-121.425 39.7101,-121.425 39.7011,-121.431 39.6921,-121.437 39.6876,-121.442 39.6876,-121.477 39.6922,-121.483 39.6922,-121.489 39.6922,-121.507 39.6967,-121.524 39.6967,-121.53 39.6967,-121.536 39.6967,-121.553 39.7013,-121.559 39.7058,-121.559 39.7103,-121.559 39.7148,-121.553 39.7238,-121.541 39.7508,-121.53 39.8362,-121.535 39.8407,-121.535 39.8497,-121.535 39.8542,-121.535 39.8587,-121.524 39.8632,-121.512 39.8587))
201811092016,6,2,
Pattern Matcher : 22
201811092002,0,2,201811092117,3,2,
boundary: POLYGON((-121.546 39.6993,-121.553 39.7013,-121.559 39.7058,-121.559 39.7103,-121.559 39.7148,-121.553 39.7238,-121.541 39.7508,-121.518 39.7912,-121.518 39.7957,-121.518 39.8002,-121.518 39.8002,-121.518 39.8002,-121.531 39.8301,-121.53 39.8362,-121.535 39.8407,-121.535 39.8452,-121.535 39.8542,-121.535 39.8587,-121.527 39.862,-121.524 39.8632,-121.512 39.8587,-121.512 39.8587,-121.512 39.8587,-121.512 39.8587,-121.501 39.8587,-121.483 39.8587,-121.477 39.8587,-121.459 39.8541,-121.454 39.852,-121.448 39.8496,-121.438 39.8387,-121.424 39.8226,-121.421 39.8202,-121.419 39.8181,-121.419 39.8136,-121.419 39.8091,-121.419 39.8046,-121.419 39.8001,-121.424 39.7893,-121.43 39.7776,-121.427 39.7336,-121.425 39.7101,-121.425 39.7011,-121.431 39.6921,-121.437 39.6876,-121.442 39.6876,-121.477 39.6922,-121.483 39.6922,-121.489 39.6922,-121.507 39.6967,-121.53 39.6967,-121.53 39.6967,-121.536 39.6967,-121.546 39.6993))
201811092112,6,2,
Pattern Matcher : 23
201811092101,0,2,201811092117,3,2,
boundary: POLYGON((-121.546 39.6993,-121.553 39.7013,-121.559 39.7058,-121.559 39.7103,-121.559 39.7148,-121.553 39.7238,-121.541 39.7508,-121.518 39.7912,-121.518 39.7957,-121.518 39.8002,-121.518 39.8002,-121.518 39.8002,-121.531 39.8301,-121.53 39.8362,-121.535 39.8407,-121.535 39.8452,-121.535 39.8542,-121.535 39.8587,-121.527 39.862,-121.524 39.8632,-121.512 39.8587,-121.512 39.8587,-121.512 39.8587,-121.512 39.8587,-121.501 39.8587,-121.483 39.8587,-121.477 39.8587,-121.459 39.8541,-121.454 39.852,-121.448 39.8496,-121.438 39.8387,-121.424 39.8226,-121.421 39.8202,-121.419 39.8181,-121.419 39.8136,-121.419 39.8091,-121.419 39.8046,-121.419 39.8001,-121.424 39.7893,-121.43 39.7776,-121.427 39.7336,-121.425 39.7101,-121.425 39.7011,-121.431 39.6921,-121.437 39.6876,-121.442 39.6876,-121.477 39.6922,-121.483 39.6922,-121.489 39.6922,-121.507 39.6967,-121.53 39.6967,-121.53 39.6967,-121.536 39.6967,-121.546 39.6993))
201811092112,6,2,
Pattern Matcher : 24
201811092202,0,2,201811092231,3,2,
boundary: POLYGON((-121.491 39.6927,-121.507 39.6967,-121.524 39.6967,-121.53 39.6967,-121.536 39.6967,-121.546 39.6993,-121.553 39.7013,-121.559 39.7058,-121.559 39.7103,-121.559 39.7148,-121.553 39.7238,-121.547 39.7283,-121.53 39.7237,-121.501 39.7237,-121.46 39.8046,-121.483 39.8317,-121.489 39.8362,-121.489 39.8407,-121.489 39.8452,-121.489 39.8497,-121.489 39.8542,-121.483 39.8587,-121.483 39.8587,-121.477 39.8587,-121.459 39.8541,-121.454 39.852,-121.448 39.8496,-121.438 39.8387,-121.424 39.8226,-121.421 39.8202,-121.419 39.8181,-121.419 39.8136,-121.419 39.8091,-121.419 39.8001,-121.43 39.7956,-121.471 39.7147,-121.471 39.7012,-121.472 39.6967,-121.477 39.6922,-121.483 39.6922,-121.489 39.6922,-121.491 39.6927))
201811092227,6,2,
Pattern Matcher : 25
201811092303,0,2,201811092345,3,2,
boundary: POLYGON((-121.491 39.6927,-121.507 39.6967,-121.507 39.6967,-121.512 39.7012,-121.512 39.7057,-121.512 39.7102,-121.512 39.7147,-121.512 39.7192,-121.501 39.7237,-121.46 39.8046,-121.483 39.8317,-121.489 39.8362,-121.489 39.8407,-121.489 39.8452,-121.489 39.8497,-121.489 39.8542,-121.483 39.8587,-121.483 39.8587,-121.477 39.8587,-121.459 39.8541,-121.454 39.852,-121.448 39.8496,-121.438 39.8387,-121.424 39.8226,-121.421 39.8202,-121.419 39.8181,-121.419 39.8091,-121.419 39.8001,-121.43 39.7956,-121.471 39.7147,-121.471 39.7057,-121.471 39.7012,-121.472 39.6967,-121.477 39.6922,-121.483 39.6922,-121.489 39.6922,-121.491 39.6927))
201811092342,6,2,
Pattern Matcher : 26
201811112003,0,2,201811112022,3,2,
boundary: POLYGON((-121.495 39.6652,-121.501 39.6652,-121.512 39.6697,-121.524 39.6742,-121.524 39.6787,-121.524 39.6832,-121.524 39.6877,-121.524 39.6922,-121.518 39.6967,-121.512 39.6967,-121.495 39.6922,-121.483 39.6877,-121.483 39.6787,-121.489 39.6697,-121.495 39.6652))
201811112015,6,2,
Pattern Matcher : 27
201811112003,0,2,201811112025,3,2,
boundary: POLYGON((-121.432 39.8261,-121.436 39.8271,-121.448 39.8316,-121.448 39.8361,-121.448 39.8406,-121.442 39.8496,-121.436 39.8541,-121.436 39.8541,-121.43 39.8541,-121.421 39.8518,-121.413 39.8496,-121.407 39.845,-121.407 39.8405,-121.407 39.836,-121.407 39.8315,-121.407 39.827,-121.413 39.8226,-121.419 39.8226,-121.432 39.8261))
201811112018,6,2,
Pattern Matcher : 28
201811112003,0,2,201811112121,3,2,
boundary: POLYGON((-121.495 39.6652,-121.501 39.6652,-121.512 39.6697,-121.524 39.6742,-121.524 39.6787,-121.524 39.6832,-121.524 39.6877,-121.524 39.6922,-121.518 39.6967,-121.512 39.6967,-121.495 39.6922,-121.483 39.6877,-121.483 39.6787,-121.489 39.6697,-121.495 39.6652))
201811112015,6,2,
Pattern Matcher : 29
201811112003,0,2,201811112121,3,2,
boundary: POLYGON((-121.495 39.6652,-121.501 39.6652,-121.512 39.6697,-121.524 39.6742,-121.524 39.6787,-121.524 39.6832,-121.524 39.6877,-121.524 39.6922,-121.518 39.6967,-121.512 39.6967,-121.495 39.6922,-121.483 39.6877,-121.483 39.6787,-121.489 39.6697,-121.495 39.6652))
201811112115,6,2,
Pattern Matcher : 30
201811112103,0,2,201811112121,3,2,
boundary: POLYGON((-121.495 39.6652,-121.501 39.6652,-121.512 39.6697,-121.524 39.6742,-121.524 39.6787,-121.524 39.6832,-121.524 39.6877,-121.524 39.6922,-121.518 39.6967,-121.512 39.6967,-121.495 39.6922,-121.483 39.6877,-121.483 39.6787,-121.489 39.6697,-121.495 39.6652))
201811112115,6,2,
Pattern Matcher : 31
201811112203,0,2,201811112242,3,2,
boundary: POLYGON((-121.495 39.6382,-121.507 39.6382,-121.512 39.6382,-121.524 39.6427,-121.524 39.6427,-121.524 39.6427,-121.542 39.6473,-121.565 39.6743,-121.571 39.6788,-121.571 39.6833,-121.571 39.6878,-121.571 39.6923,-121.571 39.6968,-121.571 39.6969,-121.559 39.7013,-121.542 39.6968,-121.518 39.6967,-121.512 39.6967,-121.495 39.6922,-121.472 39.6922,-121.466 39.6922,-121.46 39.6921,-121.448 39.6876,-121.437 39.6831,-121.44 39.6738,-121.442 39.6651,-121.454 39.6426,-121.46 39.6381,-121.463 39.6382,-121.466 39.6382,-121.495 39.6382))
201811112237,6,2,
Pattern Matcher : 32
201811112302,0,2,201811112349,3,2,
boundary: POLYGON((-121.495 39.6652,-121.501 39.6652,-121.512 39.6697,-121.524 39.6742,-121.524 39.6787,-121.524 39.6832,-121.524 39.6877,-121.524 39.6922,-121.518 39.6967,-121.512 39.6967,-121.495 39.6922,-121.483 39.6877,-121.483 39.6787,-121.489 39.6697,-121.495 39.6652))
201811112344,6,2,
Pattern Matcher : 33
201811120006,0,2,201811120044,3,2,
boundary: POLYGON((-121.542 39.6477,-121.542 39.6518,-121.536 39.6652,-121.524 39.6922,-121.518 39.6967,-121.512 39.6967,-121.509 39.6959,-121.536 39.6517,-121.533 39.645,-121.542 39.6473,-121.542 39.6477))
201811120039,6,2,
Pattern Matcher : 34
201811120006,0,2,201811120120,3,2,
boundary: POLYGON((-121.552 39.6996,-121.542 39.6968,-121.542 39.6968,-121.542 39.6968,-121.527 39.6967,-121.518 39.6967,-121.512 39.6967,-121.509 39.6959,-121.536 39.6517,-121.533 39.645,-121.542 39.6473,-121.565 39.6743,-121.571 39.6788,-121.571 39.6833,-121.571 39.6878,-121.571 39.6923,-121.571 39.6968,-121.559 39.7013,-121.552 39.6996))
201811120039,6,2,
Pattern Matcher : 35
201811120006,0,2,201811120120,3,2,
boundary: POLYGON((-121.598 39.6658,-121.612 39.6788,-121.615 39.6811,-121.617 39.6833,-121.617 39.6878,-121.617 39.6923,-121.615 39.6966,-121.612 39.7013,-121.606 39.7057,-121.597 39.7037,-121.588 39.7013,-121.559 39.7013,-121.552 39.6996,-121.542 39.6968,-121.542 39.6968,-121.542 39.6968,-121.527 39.6967,-121.518 39.6967,-121.512 39.6967,-121.509 39.6959,-121.536 39.6517,-121.532 39.6427,-121.553 39.6428,-121.559 39.6428,-121.571 39.6473,-121.582 39.6518,-121.598 39.6658))
201811120113,6,2,
Pattern Matcher : 36
201811120006,0,2,201811120121,3,2,
boundary: POLYGON((-121.483 39.8317,-121.483 39.8317,-121.489 39.8362,-121.489 39.8407,-121.489 39.8452,-121.489 39.8497,-121.489 39.8542,-121.487 39.8556,-121.483 39.8542,-121.448 39.8406,-121.442 39.8361,-121.424 39.8226,-121.424 39.8181,-121.43 39.8136,-121.432 39.811,-121.459 39.8271,-121.465 39.8272,-121.483 39.8317))
201811120114,6,2,
Pattern Matcher : 37
201811121601,0,2,201811121630,3,2,
boundary: POLYGON((-121.512 39.8317,-121.513 39.832,-121.53 39.8362,-121.533 39.8385,-121.535 39.8407,-121.582 39.8633,-121.594 39.8663,-121.6 39.8678,-121.603 39.869,-121.611 39.8723,-121.611 39.8813,-121.611 39.8858,-121.611 39.8903,-121.608 39.8926,-121.606 39.8948,-121.6 39.8948,-121.594 39.8948,-121.588 39.8939,-121.565 39.8903,-121.565 39.8903,-121.565 39.8903,-121.559 39.8903,-121.553 39.8903,-121.55 39.8903,-121.547 39.8902,-121.53 39.8857,-121.495 39.8542,-121.495 39.8497,-121.495 39.8452,-121.495 39.8407,-121.495 39.8362,-121.498 39.8338,-121.5 39.8317,-121.506 39.8317,-121.512 39.8317))
201811121610,6,2,
Pattern Matcher : 38
201811121801,0,2,201811121818,3,2,
boundary: POLYGON((-121.432 39.8261,-121.436 39.8271,-121.448 39.8316,-121.448 39.8361,-121.448 39.8406,-121.442 39.8496,-121.436 39.8541,-121.436 39.8541,-121.43 39.8541,-121.421 39.8518,-121.413 39.8496,-121.407 39.845,-121.407 39.8405,-121.407 39.836,-121.407 39.8315,-121.407 39.827,-121.413 39.8226,-121.419 39.8226,-121.432 39.8261))
201811121814,6,2,
Pattern Matcher : 39
201811121801,0,2,201811121918,3,2,
boundary: POLYGON((-121.432 39.8261,-121.436 39.8271,-121.448 39.8316,-121.448 39.8361,-121.448 39.8406,-121.442 39.8496,-121.436 39.8541,-121.436 39.8541,-121.43 39.8541,-121.421 39.8518,-121.413 39.8496,-121.407 39.845,-121.407 39.8405,-121.407 39.836,-121.407 39.8315,-121.407 39.827,-121.413 39.8226,-121.419 39.8226,-121.432 39.8261))
201811121814,6,2,
Pattern Matcher : 40
201811121801,0,2,201811121918,3,2,
boundary: POLYGON((-121.432 39.8261,-121.436 39.8271,-121.448 39.8316,-121.448 39.8361,-121.448 39.8406,-121.442 39.8496,-121.436 39.8541,-121.43 39.8541,-121.413 39.8496,-121.407 39.845,-121.407 39.8405,-121.407 39.836,-121.407 39.8315,-121.407 39.827,-121.413 39.8226,-121.419 39.8226,-121.432 39.8261))
201811121914,6,2,
Pattern Matcher : 41
201811121901,0,2,201811121918,3,2,
boundary: POLYGON((-121.432 39.8261,-121.436 39.8271,-121.448 39.8316,-121.448 39.8361,-121.448 39.8406,-121.442 39.8496,-121.436 39.8541,-121.43 39.8541,-121.413 39.8496,-121.407 39.845,-121.407 39.8405,-121.407 39.836,-121.407 39.8315,-121.407 39.827,-121.413 39.8226,-121.419 39.8226,-121.432 39.8261))
201811121914,6,2,
Pattern Matcher : 42
201811122003,0,2,201811122022,3,2,
boundary: POLYGON((-121.421 39.8518,-121.413 39.8496,-121.407 39.845,-121.407 39.8405,-121.407 39.836,-121.407 39.8315,-121.407 39.827,-121.413 39.8226,-121.419 39.8226,-121.436 39.8271,-121.448 39.8316,-121.448 39.8361,-121.448 39.8406,-121.442 39.8496,-121.436 39.8541,-121.436 39.8541,-121.43 39.8541,-121.421 39.8518))
201811122018,6,2,
Pattern Matcher : 43
201811122003,0,2,201811122119,3,2,
boundary: POLYGON((-121.509 39.848,-121.535 39.8632,-121.535 39.8632,-121.535 39.8632,-121.541 39.8632,-121.544 39.8632,-121.547 39.8633,-121.553 39.8633,-121.556 39.8646,-121.565 39.8678,-121.571 39.8723,-121.571 39.8768,-121.565 39.8903,-121.559 39.8903,-121.553 39.8903,-121.55 39.8903,-121.547 39.8902,-121.512 39.8902,-121.51 39.8895,-121.5 39.8857,-121.489 39.8828,-121.483 39.8812,-121.438 39.8554,-121.436 39.8541,-121.436 39.8541,-121.436 39.8541,-121.436 39.8541,-121.43 39.8541,-121.421 39.8518,-121.413 39.8496,-121.407 39.845,-121.407 39.836,-121.407 39.827,-121.413 39.8226,-121.419 39.8226,-121.436 39.8271,-121.459 39.8271,-121.465 39.8272,-121.483 39.8317,-121.483 39.8317,-121.489 39.8362,-121.509 39.848))
201811122018,6,2,
Pattern Matcher : 44
201811122003,0,2,201811122119,3,2,
boundary: POLYGON((-121.509 39.848,-121.535 39.8632,-121.535 39.8632,-121.535 39.8632,-121.541 39.8632,-121.544 39.8632,-121.547 39.8633,-121.553 39.8633,-121.556 39.8646,-121.565 39.8678,-121.571 39.8723,-121.6 39.8993,-121.6 39.9038,-121.6 39.9083,-121.6 39.9128,-121.6 39.9173,-121.594 39.9218,-121.588 39.9218,-121.582 39.9218,-121.57 39.9173,-121.561 39.9136,-121.559 39.9128,-121.512 39.8902,-121.51 39.8895,-121.5 39.8857,-121.489 39.8828,-121.483 39.8812,-121.438 39.8554,-121.436 39.8541,-121.436 39.8541,-121.436 39.8541,-121.436 39.8541,-121.43 39.8541,-121.421 39.8518,-121.413 39.8496,-121.407 39.845,-121.407 39.836,-121.407 39.827,-121.413 39.8226,-121.419 39.8226,-121.436 39.8271,-121.459 39.8271,-121.465 39.8272,-121.483 39.8317,-121.483 39.8317,-121.489 39.8362,-121.509 39.848))
201811122116,6,2,
Pattern Matcher : 45
201811122103,0,2,201811122119,3,2,
boundary: POLYGON((-121.509 39.848,-121.535 39.8632,-121.535 39.8632,-121.535 39.8632,-121.541 39.8632,-121.544 39.8632,-121.547 39.8633,-121.553 39.8633,-121.556 39.8646,-121.565 39.8678,-121.571 39.8723,-121.6 39.8993,-121.6 39.9038,-121.6 39.9083,-121.6 39.9128,-121.6 39.9173,-121.594 39.9218,-121.588 39.9218,-121.582 39.9218,-121.57 39.9173,-121.561 39.9136,-121.559 39.9128,-121.512 39.8902,-121.51 39.8895,-121.5 39.8857,-121.489 39.8828,-121.483 39.8812,-121.438 39.8554,-121.436 39.8541,-121.436 39.8541,-121.436 39.8541,-121.436 39.8541,-121.43 39.8541,-121.421 39.8518,-121.413 39.8496,-121.407 39.845,-121.407 39.836,-121.407 39.827,-121.413 39.8226,-121.419 39.8226,-121.436 39.8271,-121.459 39.8271,-121.465 39.8272,-121.483 39.8317,-121.483 39.8317,-121.489 39.8362,-121.509 39.848))
201811122116,6,2,
Pattern Matcher : 46
201811122203,0,2,201811122244,3,2,
boundary: POLYGON((-121.509 39.848,-121.535 39.8632,-121.535 39.8632,-121.535 39.8632,-121.541 39.8632,-121.544 39.8632,-121.547 39.8633,-121.553 39.8633,-121.556 39.8646,-121.565 39.8678,-121.571 39.8723,-121.571 39.8768,-121.565 39.8903,-121.559 39.8903,-121.553 39.8903,-121.55 39.8903,-121.547 39.8902,-121.53 39.8857,-121.483 39.8587,-121.477 39.8587,-121.459 39.8541,-121.436 39.8541,-121.43 39.8541,-121.413 39.8496,-121.407 39.845,-121.407 39.8383,-121.407 39.8315,-121.407 39.827,-121.413 39.8226,-121.419 39.8226,-121.436 39.8271,-121.459 39.8271,-121.465 39.8272,-121.483 39.8317,-121.483 39.8317,-121.489 39.8362,-121.509 39.848))
201811122240,6,2,
Pattern Matcher : 47
201811122302,0,2,201811122352,3,2,
boundary: POLYGON((-121.421 39.8518,-121.413 39.8496,-121.407 39.845,-121.407 39.8405,-121.407 39.836,-121.407 39.8315,-121.407 39.827,-121.413 39.8226,-121.419 39.8226,-121.436 39.8271,-121.448 39.8316,-121.448 39.8361,-121.448 39.8406,-121.442 39.8496,-121.436 39.8541,-121.436 39.8541,-121.43 39.8541,-121.421 39.8518))
201811122346,6,2,
Pattern Matcher : 48
201811130004,0,2,201811130032,3,2,
boundary: POLYGON((-121.456 39.6577,-121.454 39.6561,-121.454 39.6516,-121.454 39.6471,-121.454 39.6426,-121.46 39.6381,-121.463 39.6382,-121.466 39.6382,-121.472 39.6382,-121.477 39.6382,-121.495 39.6427,-121.495 39.6472,-121.495 39.6517,-121.495 39.6562,-121.489 39.6652,-121.483 39.6652,-121.477 39.6652,-121.472 39.6652,-121.46 39.6606,-121.456 39.6577))
201811130024,6,2,
Pattern Matcher : 49
201811130004,0,2,201811130035,3,2,
boundary: POLYGON((-121.419 39.8226,-121.432 39.8261,-121.436 39.8271,-121.448 39.8316,-121.448 39.8361,-121.448 39.8406,-121.442 39.8496,-121.437 39.8531,-121.419 39.8361,-121.407 39.8283,-121.407 39.827,-121.413 39.8226,-121.419 39.8226))
201811130026,6,2,
Pattern Matcher : 50
201811130004,0,2,201811130115,3,2,
boundary: POLYGON((-121.419 39.8226,-121.432 39.8261,-121.436 39.8271,-121.436 39.8271,-121.436 39.8271,-121.459 39.8271,-121.462 39.8271,-121.465 39.8272,-121.481 39.8313,-121.483 39.8317,-121.489 39.8362,-121.489 39.8364,-121.489 39.8407,-121.489 39.8452,-121.489 39.8497,-121.489 39.8542,-121.483 39.8587,-121.483 39.8587,-121.483 39.8587,-121.477 39.8587,-121.459 39.8541,-121.459 39.8541,-121.459 39.8541,-121.439 39.8541,-121.419 39.8361,-121.407 39.8283,-121.407 39.827,-121.413 39.8226,-121.419 39.8226))
201811130026,6,2,
Pattern Matcher : 51
201811130004,0,2,201811130115,3,2,
boundary: POLYGON((-121.419 39.8226,-121.432 39.8261,-121.436 39.8271,-121.436 39.8271,-121.436 39.8271,-121.459 39.8271,-121.462 39.8271,-121.465 39.8272,-121.481 39.8313,-121.483 39.8317,-121.489 39.8362,-121.489 39.8407,-121.489 39.8452,-121.489 39.8497,-121.489 39.8542,-121.483 39.8587,-121.477 39.8587,-121.459 39.8541,-121.459 39.8541,-121.459 39.8541,-121.439 39.8541,-121.419 39.8361,-121.407 39.8283,-121.407 39.827,-121.413 39.8226,-121.419 39.8226))
201811130109,6,2,
Pattern Matcher : 52
201811141601,0,2,201811141614,3,2,
boundary: POLYGON((-121.437 39.8811,-121.424 39.8811,-121.418 39.8811,-121.407 39.8781,-121.401 39.8765,-121.393 39.8737,-121.389 39.872,-121.389 39.8675,-121.395 39.854,-121.4 39.8504,-121.401 39.8495,-121.407 39.8495,-121.415 39.8518,-121.424 39.8541,-121.436 39.8541,-121.442 39.8541,-121.448 39.8541,-121.454 39.8541,-121.466 39.8573,-121.471 39.8587,-121.476 39.8625,-121.477 39.8632,-121.477 39.8677,-121.477 39.8722,-121.477 39.8767,-121.477 39.8812,-121.472 39.883,-121.465 39.8856,-121.448 39.8811,-121.437 39.8811))
201811141612,6,2,
Pattern Matcher : 53
201811141803,0,2,201811141827,3,2,
boundary: POLYGON((-121.415 39.8518,-121.424 39.8541,-121.436 39.8541,-121.442 39.8541,-121.448 39.8541,-121.454 39.8541,-121.466 39.8573,-121.471 39.8587,-121.476 39.8625,-121.477 39.8632,-121.477 39.8677,-121.477 39.8722,-121.477 39.8767,-121.477 39.8812,-121.472 39.883,-121.465 39.8856,-121.448 39.8811,-121.437 39.8811,-121.424 39.8811,-121.418 39.8811,-121.407 39.8781,-121.401 39.8765,-121.393 39.8737,-121.389 39.872,-121.389 39.8675,-121.395 39.854,-121.4 39.8504,-121.401 39.8495,-121.407 39.8495,-121.415 39.8518))
201811141815,6,2,
Pattern Matcher : 54
201811141903,0,2,201811141926,3,2,
boundary: POLYGON((-121.472 39.883,-121.465 39.8856,-121.448 39.8811,-121.437 39.8811,-121.424 39.8811,-121.418 39.8811,-121.407 39.8781,-121.401 39.8765,-121.393 39.8737,-121.389 39.872,-121.389 39.8675,-121.395 39.854,-121.4 39.8504,-121.401 39.8495,-121.407 39.8495,-121.415 39.8518,-121.424 39.8541,-121.436 39.8541,-121.442 39.8541,-121.448 39.8541,-121.454 39.8541,-121.466 39.8573,-121.471 39.8587,-121.476 39.8625,-121.477 39.8632,-121.477 39.8677,-121.477 39.8722,-121.477 39.8767,-121.477 39.8812,-121.472 39.883))
201811141913,6,2,
Pattern Matcher : 55
201811142001,0,2,201811142044,3,2,
boundary: POLYGON((-121.415 39.8518,-121.424 39.8541,-121.43 39.8586,-121.43 39.8631,-121.43 39.8676,-121.43 39.8721,-121.43 39.8766,-121.424 39.8811,-121.418 39.8811,-121.407 39.8781,-121.401 39.8765,-121.393 39.8737,-121.389 39.872,-121.389 39.8675,-121.395 39.854,-121.4 39.8504,-121.401 39.8495,-121.407 39.8495,-121.415 39.8518))
201811142009,6,2,
Pattern Matcher : 56
201811142303,0,2,201811142326,3,2,
boundary: POLYGON((-121.415 39.8518,-121.424 39.8541,-121.436 39.8541,-121.442 39.8541,-121.448 39.8541,-121.454 39.8541,-121.466 39.8573,-121.471 39.8587,-121.476 39.8625,-121.477 39.8632,-121.477 39.8677,-121.477 39.8722,-121.477 39.8767,-121.477 39.8812,-121.472 39.883,-121.465 39.8856,-121.448 39.8811,-121.437 39.8811,-121.424 39.8811,-121.418 39.8811,-121.407 39.8781,-121.401 39.8765,-121.393 39.8737,-121.389 39.872,-121.389 39.8675,-121.395 39.854,-121.4 39.8504,-121.401 39.8495,-121.407 39.8495,-121.415 39.8518))
201811142319,6,2,
event stream queue is empty now!
perform 3loadshedding
eventCn 2693
#full Match 56
#high latecny (> 150)27
#NumPartialMatch 58
#NumDropedPM 0
#NumDropedInputEvents 0
avg latency: 1069
expression size: 0
